id,margin,ford,carter,other
01001,1.37%, 48.32%, 49.69%, 1.99%
01003,17.70%, 57.72%, 40.02%, 2.26%
01005,11.19%, 43.25%, 54.43%, 2.32%
01007,28.14%, 35.56%, 63.70%, 0.74%
01009,21.97%, 38.56%, 60.53%, 0.91%
01011,40.34%, 29.10%, 69.44%, 1.45%
01013,18.90%, 40.36%, 59.25%, 0.39%
01015,26.61%, 35.97%, 62.59%, 1.44%
01017,5.71%, 46.32%, 52.03%, 1.65%
01019,50.77%, 23.85%, 74.62%, 1.53%
01021,7.94%, 45.50%, 53.44%, 1.06%
01023,12.59%, 43.50%, 56.10%, 0.40%
01025,6.78%, 45.81%, 52.60%, 1.59%
01027,21.88%, 38.76%, 60.64%, 0.60%
01029,26.48%, 36.07%, 62.55%, 1.38%
01031,24.99%, 37.02%, 62.00%, 0.98%
01033,44.68%, 26.55%, 71.23%, 2.23%
01035,25.58%, 36.39%, 61.97%, 1.65%
01037,35.50%, 31.76%, 67.26%, 0.98%
01039,17.21%, 40.71%, 57.93%, 1.36%
01041,29.83%, 34.20%, 64.03%, 1.77%
01043,30.23%, 34.40%, 64.63%, 0.97%
01045,11.71%, 43.33%, 55.03%, 1.64%
01047,10.53%, 43.66%, 54.19%, 2.15%
01049,19.24%, 40.14%, 59.37%, 0.49%
01051,0.70%, 48.50%, 49.20%, 2.30%
01053,9.17%, 44.22%, 53.39%, 2.38%
01055,41.08%, 28.90%, 69.99%, 1.11%
01057,30.40%, 34.44%, 64.83%, 0.73%
01059,30.18%, 34.41%, 64.59%, 1.00%
01061,37.99%, 30.47%, 68.46%, 1.06%
01063,52.30%, 23.65%, 75.96%, 0.39%
01065,22.28%, 37.71%, 59.99%, 2.30%
01067,20.86%, 39.21%, 60.07%, 0.73%
01069,9.55%, 54.07%, 44.52%, 1.41%
01071,46.17%, 25.53%, 71.71%, 2.76%
01073,6.48%, 52.32%, 45.85%, 1.83%
01075,37.05%, 30.38%, 67.44%, 2.18%
01077,35.90%, 31.17%, 67.06%, 1.77%
01079,65.13%, 17.08%, 82.21%, 0.71%
01081,7.78%, 52.75%, 44.98%, 2.27%
01083,48.38%, 24.98%, 73.36%, 1.67%
01085,38.65%, 29.68%, 68.33%, 2.00%
01087,60.79%, 18.62%, 79.41%, 1.97%
01089,25.38%, 36.59%, 61.96%, 1.45%
01091,10.17%, 43.87%, 54.04%, 2.09%
01093,34.48%, 32.63%, 67.12%, 0.25%
01095,38.26%, 29.88%, 68.14%, 1.98%
01097,3.37%, 50.85%, 47.47%, 1.68%
01099,2.66%, 47.86%, 50.52%, 1.62%
01101,8.62%, 53.64%, 45.02%, 1.34%
01103,28.82%, 34.86%, 63.68%, 1.47%
01105,34.74%, 32.38%, 67.13%, 0.49%
01107,11.89%, 43.75%, 55.64%, 0.60%
01109,10.35%, 44.12%, 54.47%, 1.41%
01111,20.73%, 37.82%, 58.55%, 3.62%
01113,31.19%, 32.96%, 64.14%, 2.90%
01115,7.14%, 44.87%, 52.01%, 3.12%
01117,11.05%, 54.33%, 43.28%, 2.39%
01119,22.25%, 38.51%, 60.77%, 0.72%
01121,23.58%, 36.49%, 60.07%, 1.28%
01123,18.06%, 39.79%, 57.84%, 2.37%
01125,11.50%, 43.29%, 54.79%, 1.92%
01127,37.30%, 31.16%, 68.46%, 0.38%
01129,22.93%, 38.29%, 61.22%, 0.49%
01131,34.12%, 32.78%, 66.90%, 0.32%
01133,5.39%, 47.15%, 52.54%, 0.31%
02013,0%,-,-,-
02016,0%,-,-,-
02020,0%,-,-,-
02050,0%,-,-,-
02060,0%,-,-,-
02068,0%,-,-,-
02070,0%,-,-,-
02090,0%,-,-,-
02100,0%,-,-,-
02105,0%,-,-,-
02110,0%,-,-,-
02122,0%,-,-,-
02130,0%,-,-,-
02150,0%,-,-,-
02164,0%,-,-,-
02170,0%,-,-,-
02180,0%,-,-,-
02185,0%,-,-,-
02188,0%,-,-,-
02195,0%,-,-,-
02198,0%,-,-,-
02220,0%,-,-,-
02230,0%,-,-,-
02240,0%,-,-,-
02261,0%,-,-,-
02270,0%,-,-,-
02275,0%,-,-,-
02282,0%,-,-,-
02290,0%,-,-,-
04001,30.37%, 33.38%, 63.75%, 2.88%
04003,3.22%, 49.90%, 46.68%, 1.15%
04005,7.40%, 51.53%, 44.12%, 0.91%
04007,10.90%, 42.94%, 53.84%, 1.15%
04009,8.75%, 52.59%, 43.83%, 3.58%
04011,25.17%, 36.07%, 61.24%, 2.68%
04012,0%,-,-,-
04013,27.13%, 61.66%, 34.53%, 1.40%
04015,7.49%, 51.92%, 44.43%, 1.26%
04017,3.62%, 46.68%, 50.30%, 3.03%
04019,3.90%, 49.83%, 45.93%, 0.97%
04021,6.02%, 45.40%, 51.42%, 0.94%
04023,0.99%, 48.80%, 47.80%, 0.80%
04025,24.60%, 60.18%, 35.58%, 1.38%
04027,7.42%, 52.15%, 44.73%, 0.95%
05001,38.92%, 30.54%, 69.46%,-
05003,25.87%, 37.01%, 62.88%, 0.11%
05005,1.02%, 50.51%, 49.49%,-
05007,5.75%, 52.75%, 47.00%, 0.25%
05009,15.29%, 42.36%, 57.64%,-
05011,51.75%, 24.12%, 75.88%,-
05013,60.42%, 19.69%, 80.11%, 0.20%
05015,14.84%, 42.17%, 57.01%, 0.83%
05017,40.89%, 29.50%, 70.39%, 0.11%
05019,56.91%, 21.42%, 78.32%, 0.26%
05021,49.90%, 25.05%, 74.95%,-
05023,48.30%, 25.77%, 74.07%, 0.17%
05025,56.44%, 21.78%, 78.22%,-
05027,4.68%, 47.63%, 52.31%, 0.07%
05029,49.44%, 25.23%, 74.67%, 0.10%
05031,38.03%, 30.98%, 69.02%,-
05033,11.04%, 44.48%, 55.52%,-
05035,22.63%, 38.63%, 61.26%, 0.10%
05037,37.30%, 31.11%, 68.40%, 0.49%
05039,52.59%, 23.61%, 76.20%, 0.19%
05041,51.00%, 24.50%, 75.50%,-
05043,36.86%, 31.57%, 68.43%,-
05045,49.01%, 25.44%, 74.45%, 0.10%
05047,30.48%, 34.76%, 65.24%,-
05049,43.93%, 27.94%, 71.87%, 0.19%
05051,20.30%, 39.72%, 60.02%, 0.26%
05053,56.77%, 21.61%, 78.39%,-
05055,47.14%, 26.39%, 73.54%, 0.07%
05057,30.74%, 34.63%, 65.37%,-
05059,56.24%, 21.88%, 78.12%,-
05061,34.13%, 32.94%, 67.06%,-
05063,42.39%, 28.79%, 71.17%, 0.04%
05065,40.96%, 29.52%, 70.48%,-
05067,56.72%, 21.64%, 78.36%,-
05069,44.66%, 27.67%, 72.33%,-
05071,39.78%, 30.11%, 69.89%,-
05073,22.97%, 38.51%, 61.49%,-
05075,50.26%, 24.82%, 75.08%, 0.10%
05077,37.50%, 31.24%, 68.74%, 0.02%
05079,62.66%, 18.67%, 81.33%,-
05081,37.42%, 31.29%, 68.71%,-
05083,28.98%, 35.07%, 64.06%, 0.87%
05085,50.87%, 24.49%, 75.36%, 0.16%
05087,7.81%, 46.09%, 53.91%,-
05089,18.59%, 40.70%, 59.30%,-
05091,17.35%, 41.23%, 58.58%, 0.19%
05093,26.23%, 36.80%, 63.03%, 0.17%
05095,46.84%, 26.51%, 73.35%, 0.14%
05097,44.74%, 27.63%, 72.37%,-
05099,45.40%, 27.24%, 72.64%, 0.12%
05101,6.64%, 46.68%, 53.32%,-
05103,52.94%, 23.53%, 76.47%,-
05105,47.04%, 26.48%, 73.52%,-
05107,39.87%, 30.06%, 69.93%, 0.01%
05109,39.06%, 30.35%, 69.40%, 0.25%
05111,42.95%, 28.50%, 71.45%, 0.05%
05113,17.99%, 40.76%, 58.75%, 0.49%
05115,31.47%, 34.15%, 65.62%, 0.23%
05117,55.44%, 22.28%, 77.72%,-
05119,25.48%, 37.14%, 62.62%, 0.24%
05121,48.68%, 25.66%, 74.34%,-
05123,30.53%, 34.59%, 65.12%, 0.29%
05125,48.86%, 25.55%, 74.41%, 0.04%
05127,33.70%, 33.09%, 66.79%, 0.12%
05129,8.18%, 45.91%, 54.09%,-
05131,5.69%, 52.79%, 47.11%, 0.10%
05133,39.43%, 30.10%, 69.53%, 0.37%
05135,24.30%, 37.85%, 62.15%,-
05137,45.48%, 27.06%, 72.54%, 0.40%
05139,2.09%, 48.93%, 51.03%, 0.04%
05141,42.29%, 28.86%, 71.14%,-
05143,4.95%, 47.37%, 52.32%, 0.31%
05145,41.17%, 29.42%, 70.58%,-
05147,56.31%, 21.78%, 78.09%, 0.13%
05149,49.93%, 25.04%, 74.96%,-
06001,19.80%, 38.09%, 57.89%, 4.03%
06003,8.05%, 50.34%, 42.28%, 4.47%
06005,4.22%, 46.13%, 50.35%, 3.52%
06007,7.65%, 51.77%, 44.12%, 4.10%
06009,1.17%, 49.08%, 47.91%, 3.00%
06011,7.58%, 52.74%, 45.16%, 2.10%
06013,1.11%, 49.35%, 48.24%, 2.41%
06015,5.62%, 45.29%, 50.91%, 3.80%
06017,1.11%, 47.69%, 48.80%, 3.51%
06019,1.61%, 48.10%, 49.71%, 2.20%
06021,7.63%, 52.67%, 45.04%, 2.29%
06023,12.60%, 41.58%, 54.18%, 4.24%
06025,1.76%, 49.94%, 48.18%, 1.88%
06027,18.94%, 58.23%, 39.29%, 2.48%
06029,6.72%, 52.29%, 45.57%, 2.14%
06031,1.21%, 49.65%, 48.44%, 1.91%
06033,7.42%, 44.46%, 51.88%, 3.65%
06035,11.35%, 42.97%, 54.32%, 2.72%
06037,1.91%, 47.78%, 49.69%, 2.53%
06039,5.24%, 45.96%, 51.20%, 2.84%
06041,9.67%, 52.52%, 42.86%, 4.62%
06043,1.88%, 46.61%, 48.48%, 4.91%
06045,4.04%, 45.49%, 49.53%, 4.98%
06047,5.57%, 46.08%, 51.65%, 2.26%
06049,4.91%, 51.20%, 46.29%, 2.51%
06051,21.13%, 58.80%, 37.67%, 3.53%
06053,5.05%, 51.02%, 45.97%, 3.00%
06055,6.94%, 51.83%, 44.89%, 3.28%
06057,1.45%, 48.40%, 46.95%, 4.65%
06059,26.83%, 62.16%, 35.33%, 2.52%
06061,7.12%, 45.03%, 52.16%, 2.81%
06063,8.30%, 43.94%, 52.25%, 3.81%
06065,0.78%, 49.24%, 48.46%, 2.29%
06067,7.65%, 44.63%, 52.27%, 3.10%
06069,4.13%, 50.87%, 46.74%, 2.40%
06071,1.59%, 49.49%, 47.90%, 2.61%
06073,14.14%, 55.74%, 41.60%, 2.66%
06075,11.75%, 40.31%, 52.06%, 4.97%
06077,1.52%, 49.60%, 48.08%, 2.32%
06079,5.27%, 51.17%, 45.91%, 2.92%
06081,6.23%, 50.63%, 44.40%, 4.97%
06083,4.93%, 50.83%, 45.91%, 3.26%
06085,2.52%, 49.46%, 46.94%, 3.59%
06087,7.98%, 43.09%, 51.06%, 5.85%
06089,5.09%, 45.63%, 50.72%, 3.65%
06091,10.22%, 43.15%, 53.36%, 3.49%
06093,0.07%, 48.37%, 48.31%, 3.32%
06095,12.24%, 42.40%, 54.64%, 2.96%
06097,0.19%, 47.72%, 47.52%, 4.76%
06099,7.50%, 44.83%, 52.34%, 2.83%
06101,11.03%, 54.21%, 43.18%, 2.60%
06103,6.45%, 44.81%, 51.27%, 3.92%
06105,4.20%, 45.66%, 49.86%, 4.48%
06107,10.80%, 54.52%, 43.72%, 1.76%
06109,2.98%, 46.94%, 49.93%, 3.13%
06111,9.10%, 53.20%, 44.10%, 2.70%
06113,11.91%, 42.42%, 54.33%, 3.25%
06115,7.77%, 44.74%, 52.51%, 2.75%
08001,6.60%, 45.30%, 51.90%, 0.72%
08003,11.26%, 53.51%, 42.25%, 0.56%
08005,29.61%, 63.45%, 33.85%, 2.70%
08007,9.50%, 53.63%, 44.13%, 0.21%
08009,5.54%, 51.97%, 46.43%, 1.60%
08011,4.52%, 46.61%, 51.13%, 2.26%
08013,11.75%, 52.71%, 40.96%, 1.09%
08014,0%,-,-,-
08015,16.68%, 56.66%, 39.98%, 1.07%
08017,1.18%, 48.15%, 49.33%, 2.53%
08019,15.29%, 55.36%, 40.07%, 1.57%
08021,8.52%, 44.65%, 53.16%, 2.19%
08023,44.09%, 26.96%, 71.05%, 1.99%
08025,10.99%, 54.90%, 43.91%, 1.18%
08027,29.48%, 62.39%, 32.91%, 1.27%
08029,20.64%, 58.82%, 38.17%, 0.72%
08031,2.76%, 46.73%, 49.50%, 1.40%
08033,4.12%, 45.61%, 49.73%, 1.20%
08035,33.80%, 65.54%, 31.74%, 0.63%
08037,31.64%, 64.18%, 32.53%, 0.89%
08039,8.70%, 52.72%, 44.02%, 0.62%
08041,20.92%, 59.13%, 38.21%, 2.66%
08043,7.07%, 52.44%, 45.38%, 2.18%
08045,23.48%, 59.74%, 36.26%, 1.17%
08047,10.23%, 41.19%, 51.42%, 2.01%
08049,28.76%, 61.77%, 33.01%, 1.12%
08051,31.76%, 61.88%, 30.12%, 1.73%
08053,37.32%, 66.55%, 29.23%, 0.35%
08055,23.70%, 37.35%, 61.04%, 1.61%
08057,23.53%, 60.83%, 37.30%, 1.87%
08059,23.81%, 60.44%, 36.64%, 0.74%
08061,6.07%, 52.59%, 46.53%, 0.88%
08063,6.67%, 52.28%, 45.61%, 2.10%
08065,0.79%, 48.03%, 47.24%, 2.01%
08067,22.61%, 59.05%, 36.44%, 1.55%
08069,24.85%, 60.72%, 35.87%, 0.85%
08071,25.70%, 36.45%, 62.15%, 1.41%
08073,9.09%, 53.46%, 44.37%, 2.18%
08075,8.93%, 53.32%, 44.39%, 2.29%
08077,33.29%, 65.44%, 32.15%, 2.41%
08079,16.08%, 55.56%, 39.48%, 0.24%
08081,17.19%, 55.68%, 38.49%, 2.65%
08083,19.49%, 57.99%, 38.50%, 0.58%
08085,20.21%, 58.42%, 38.20%, 0.72%
08087,9.33%, 53.34%, 44.01%, 2.64%
08089,5.37%, 51.54%, 46.17%, 2.30%
08091,30.23%, 62.50%, 32.27%, 0.48%
08093,15.65%, 55.24%, 39.58%, 1.60%
08095,1.31%, 48.12%, 49.43%, 0.42%
08097,13.81%, 53.61%, 39.80%, 1.07%
08099,5.06%, 46.13%, 51.20%, 2.67%
08101,16.22%, 41.02%, 57.24%, 1.74%
08103,37.94%, 67.24%, 29.30%, 0.79%
08105,27.35%, 62.37%, 35.02%, 0.52%
08107,13.27%, 54.13%, 40.86%, 0.92%
08109,1.58%, 49.50%, 47.92%, 0.27%
08111,13.14%, 53.77%, 40.63%, 0.49%
08113,3.66%, 43.83%, 47.50%, 1.20%
08115,7.59%, 53.06%, 45.47%, 1.47%
08117,23.54%, 58.15%, 34.62%, 1.94%
08119,16.82%, 55.93%, 39.11%, 1.23%
08121,8.37%, 52.63%, 44.26%, 0.88%
08123,13.79%, 55.35%, 41.56%, 0.76%
08125,7.22%, 52.20%, 44.98%, 0.71%
09001,16.96%, 58.15%, 41.18%, 0.67%
09003,4.39%, 47.51%, 51.90%, 0.59%
09005,11.26%, 55.32%, 44.06%, 0.62%
09007,3.33%, 51.39%, 48.05%, 0.56%
09009,5.07%, 52.17%, 47.10%, 0.73%
09011,1.41%, 50.40%, 48.98%, 0.62%
09013,1.33%, 50.41%, 49.08%, 0.51%
09015,7.15%, 46.11%, 53.26%, 0.62%
10001,13.32%, 42.83%, 56.15%, 1.02%
10003,4.37%, 47.01%, 51.38%, 1.61%
10005,3.88%, 47.56%, 51.44%, 1.01%
11001,65.12%, 16.51%, 81.63%, 1.86%
12001,27.70%, 34.87%, 62.58%, 2.55%
12003,45.94%, 25.22%, 71.16%, 3.62%
12005,2.20%, 48.19%, 50.39%, 1.42%
12007,38.95%, 29.91%, 68.86%, 1.23%
12009,2.11%, 48.15%, 50.26%, 1.59%
12011,4.40%, 47.15%, 51.55%, 1.30%
12013,36.16%, 31.26%, 67.42%, 1.33%
12015,10.30%, 54.44%, 44.14%, 1.41%
12017,8.27%, 45.03%, 53.30%, 1.67%
12019,0.34%, 49.38%, 49.04%, 1.57%
12021,24.80%, 61.76%, 36.96%, 1.28%
12023,25.41%, 36.66%, 62.08%, 1.26%
12027,14.83%, 41.48%, 56.30%, 2.22%
12029,58.54%, 20.28%, 78.82%, 0.91%
12031,16.93%, 41.08%, 58.01%, 0.90%
12033,3.95%, 51.38%, 47.42%, 1.20%
12035,24.43%, 37.41%, 61.84%, 0.74%
12037,27.08%, 35.45%, 62.53%, 2.02%
12039,31.32%, 33.85%, 65.17%, 0.98%
12041,54.33%, 22.43%, 76.76%, 0.81%
12043,34.96%, 31.76%, 66.72%, 1.53%
12045,24.69%, 37.00%, 61.69%, 1.31%
12047,42.66%, 26.91%, 69.57%, 1.42%
12049,9.42%, 42.86%, 52.28%, 0.43%
12051,11.61%, 43.32%, 54.94%, 1.74%
12053,14.01%, 42.19%, 56.20%, 1.62%
12055,6.99%, 52.86%, 45.88%, 1.26%
12057,9.18%, 44.82%, 54.01%, 1.17%
12059,27.14%, 35.71%, 62.86%, 1.43%
12061,7.00%, 52.63%, 45.63%, 1.74%
12063,22.86%, 37.90%, 60.76%, 1.34%
12065,25.31%, 36.30%, 61.62%, 2.08%
12067,36.22%, 31.41%, 67.63%, 0.96%
12069,16.12%, 57.42%, 41.31%, 1.27%
12071,10.71%, 54.50%, 43.80%, 1.70%
12073,9.34%, 44.42%, 53.76%, 1.82%
12075,33.41%, 31.87%, 65.28%, 0.84%
12077,29.11%, 34.91%, 64.02%, 1.07%
12079,28.91%, 34.94%, 63.85%, 1.21%
12081,9.12%, 53.90%, 44.78%, 1.32%
12083,2.38%, 47.99%, 50.37%, 1.64%
12085,13.96%, 56.28%, 42.33%, 1.39%
12086,17.61%, 40.45%, 58.06%, 1.48%
12087,14.41%, 41.67%, 56.08%, 2.26%
12089,30.20%, 34.31%, 64.51%, 1.18%
12091,13.18%, 55.86%, 42.68%, 1.46%
12093,32.87%, 33.12%, 65.99%, 0.89%
12095,9.21%, 54.01%, 44.80%, 1.18%
12097,1.19%, 49.82%, 48.63%, 1.55%
12099,0.77%, 49.45%, 48.68%, 1.87%
12101,8.61%, 45.11%, 53.72%, 1.16%
12103,2.75%, 50.75%, 48.00%, 1.25%
12105,3.29%, 47.72%, 51.01%, 1.27%
12107,30.77%, 34.03%, 64.81%, 1.16%
12109,5.23%, 46.34%, 51.58%, 2.08%
12111,3.65%, 47.51%, 51.16%, 1.33%
12113,6.33%, 52.39%, 46.06%, 1.55%
12115,24.99%, 61.78%, 36.78%, 1.44%
12117,15.05%, 56.94%, 41.89%, 1.17%
12119,35.39%, 31.20%, 66.59%, 2.21%
12121,31.25%, 32.49%, 63.74%, 0.50%
12123,25.66%, 36.68%, 62.34%, 0.98%
12125,45.88%, 26.67%, 72.55%, 0.78%
12127,13.19%, 42.53%, 55.72%, 1.75%
12129,18.98%, 38.80%, 57.78%, 1.35%
12131,27.41%, 35.35%, 62.76%, 1.88%
12133,20.90%, 38.58%, 59.47%, 1.95%
13001,57.72%, 21.14%, 78.86%,-
13003,63.61%, 18.20%, 81.80%,-
13005,60.25%, 19.87%, 80.13%,-
13007,58.42%, 20.79%, 79.21%,-
13009,12.82%, 43.59%, 56.41%,-
13011,75.71%, 12.15%, 87.85%,-
13013,55.42%, 22.29%, 77.71%,-
13015,62.64%, 18.68%, 81.32%,-
13017,50.11%, 24.95%, 75.05%,-
13019,71.89%, 14.05%, 85.95%,-
13021,42.67%, 28.66%, 71.34%,-
13023,45.65%, 27.17%, 72.83%,-
13025,73.00%, 13.50%, 86.50%,-
13027,41.30%, 29.35%, 70.65%,-
13029,45.76%, 27.12%, 72.88%,-
13031,24.45%, 37.77%, 62.23%,-
13033,31.64%, 34.18%, 65.82%,-
13035,55.93%, 22.03%, 77.97%,-
13037,52.35%, 23.83%, 76.17%,-
13039,49.71%, 25.15%, 74.85%,-
13043,36.48%, 31.76%, 68.24%,-
13045,46.82%, 26.59%, 73.41%,-
13047,22.62%, 38.69%, 61.31%,-
13049,58.95%, 20.53%, 79.47%,-
13051,14.07%, 42.96%, 57.04%,-
13053,47.95%, 26.02%, 73.98%,-
13055,62.34%, 18.83%, 81.17%,-
13057,42.96%, 28.52%, 71.48%,-
13059,26.36%, 36.82%, 63.18%,-
13061,52.50%, 23.75%, 76.25%,-
13063,24.83%, 37.58%, 62.42%,-
13065,57.37%, 21.31%, 78.69%,-
13067,13.46%, 43.27%, 56.73%,-
13069,52.91%, 23.55%, 76.45%,-
13071,52.11%, 23.94%, 76.06%,-
13073,15.45%, 42.27%, 57.73%,-
13075,62.27%, 18.86%, 81.14%,-
13077,34.11%, 32.95%, 67.05%,-
13079,65.95%, 17.03%, 82.97%,-
13081,47.67%, 26.17%, 73.83%,-
13083,23.97%, 38.02%, 61.98%,-
13085,57.81%, 21.09%, 78.91%,-
13087,19.82%, 40.09%, 59.91%,-
13089,12.80%, 43.60%, 56.40%,-
13091,72.26%, 13.87%, 86.13%,-
13093,57.69%, 21.16%, 78.84%,-
13095,10.21%, 44.89%, 55.11%,-
13097,32.69%, 33.65%, 66.35%,-
13099,35.04%, 32.48%, 67.52%,-
13101,68.10%, 15.95%, 84.05%,-
13103,27.46%, 36.27%, 63.73%,-
13105,66.23%, 16.89%, 83.11%,-
13107,51.02%, 24.49%, 75.51%,-
13109,37.23%, 31.38%, 68.62%,-
13111,12.50%, 43.75%, 56.25%,-
13113,13.44%, 43.28%, 56.72%,-
13115,32.53%, 33.73%, 66.27%,-
13117,52.97%, 23.52%, 76.48%,-
13119,71.84%, 14.08%, 85.92%,-
13121,35.68%, 32.16%, 67.84%,-
13123,32.93%, 33.54%, 66.46%,-
13125,30.98%, 34.51%, 65.49%,-
13127,27.29%, 36.35%, 63.65%,-
13129,56.18%, 21.91%, 78.09%,-
13131,51.32%, 24.34%, 75.66%,-
13133,59.07%, 20.46%, 79.54%,-
13135,19.93%, 40.03%, 59.97%,-
13137,59.13%, 20.44%, 79.56%,-
13139,43.09%, 28.46%, 71.54%,-
13141,52.96%, 23.52%, 76.48%,-
13143,55.53%, 22.24%, 77.76%,-
13145,29.90%, 35.05%, 64.95%,-
13147,68.53%, 15.74%, 84.26%,-
13149,57.26%, 21.37%, 78.63%,-
13151,37.11%, 31.44%, 68.56%,-
13153,41.79%, 29.10%, 70.90%,-
13155,56.39%, 21.80%, 78.20%,-
13157,65.44%, 17.28%, 82.72%,-
13159,45.77%, 27.12%, 72.88%,-
13161,58.90%, 20.55%, 79.45%,-
13163,40.82%, 29.59%, 70.41%,-
13165,52.75%, 23.63%, 76.37%,-
13167,51.99%, 24.00%, 76.00%,-
13169,44.99%, 27.51%, 72.49%,-
13171,53.36%, 23.32%, 76.68%,-
13173,71.95%, 14.02%, 85.98%,-
13175,44.85%, 27.58%, 72.42%,-
13177,21.75%, 39.13%, 60.87%,-
13179,54.54%, 22.73%, 77.27%,-
13181,46.64%, 26.68%, 73.32%,-
13183,69.69%, 15.15%, 84.85%,-
13185,32.36%, 33.82%, 66.18%,-
13187,61.59%, 19.21%, 80.79%,-
13189,28.19%, 35.91%, 64.09%,-
13191,57.42%, 21.29%, 78.71%,-
13193,65.05%, 17.47%, 82.53%,-
13195,50.25%, 24.88%, 75.12%,-
13197,63.74%, 18.13%, 81.87%,-
13199,53.82%, 23.09%, 76.91%,-
13201,52.68%, 23.66%, 76.34%,-
13205,48.18%, 25.91%, 74.09%,-
13207,46.63%, 26.68%, 73.32%,-
13209,44.01%, 28.00%, 72.00%,-
13211,43.11%, 28.45%, 71.55%,-
13213,59.59%, 20.20%, 79.80%,-
13215,28.19%, 35.91%, 64.09%,-
13217,49.31%, 25.35%, 74.65%,-
13219,30.60%, 34.70%, 65.30%,-
13221,39.14%, 30.43%, 69.57%,-
13223,58.20%, 20.90%, 79.10%,-
13225,54.85%, 22.57%, 77.43%,-
13227,45.09%, 27.45%, 72.55%,-
13229,65.70%, 17.15%, 82.85%,-
13231,42.07%, 28.97%, 71.03%,-
13233,51.76%, 24.12%, 75.88%,-
13235,65.39%, 17.30%, 82.70%,-
13237,41.91%, 29.04%, 70.96%,-
13239,36.77%, 31.62%, 68.38%,-
13241,60.46%, 19.77%, 80.23%,-
13243,49.06%, 25.47%, 74.53%,-
13245,14.66%, 42.67%, 57.33%,-
13247,21.88%, 39.06%, 60.94%,-
13249,49.00%, 25.50%, 74.50%,-
13251,29.67%, 35.17%, 64.83%,-
13253,50.56%, 24.72%, 75.28%,-
13255,34.01%, 33.00%, 67.00%,-
13257,61.16%, 19.42%, 80.58%,-
13259,58.06%, 20.97%, 79.03%,-
13261,44.37%, 27.81%, 72.19%,-
13263,56.14%, 21.93%, 78.07%,-
13265,52.03%, 23.98%, 76.02%,-
13267,45.68%, 27.16%, 72.84%,-
13269,59.12%, 20.44%, 79.56%,-
13271,69.46%, 15.27%, 84.73%,-
13273,33.56%, 33.22%, 66.78%,-
13275,30.65%, 34.68%, 65.32%,-
13277,41.15%, 29.43%, 70.57%,-
13279,31.12%, 34.44%, 65.56%,-
13281,20.63%, 39.68%, 60.32%,-
13283,54.23%, 22.88%, 77.12%,-
13285,27.04%, 36.48%, 63.52%,-
13287,68.97%, 15.52%, 84.48%,-
13289,66.12%, 16.94%, 83.06%,-
13291,41.55%, 29.22%, 70.78%,-
13293,18.58%, 40.71%, 59.29%,-
13295,24.97%, 37.51%, 62.49%,-
13297,52.41%, 23.80%, 76.20%,-
13299,48.73%, 25.64%, 74.36%,-
13301,29.93%, 35.04%, 64.96%,-
13303,39.99%, 30.01%, 69.99%,-
13305,49.93%, 25.03%, 74.97%,-
13307,58.07%, 20.97%, 79.03%,-
13309,60.05%, 19.98%, 80.02%,-
13311,54.55%, 22.73%, 77.27%,-
13313,39.92%, 30.04%, 69.96%,-
13315,72.31%, 13.85%, 86.15%,-
13317,39.51%, 30.24%, 69.76%,-
13319,52.02%, 23.99%, 76.01%,-
13321,41.41%, 29.30%, 70.70%,-
15001,1.87%, 48.37%, 50.24%, 1.38%
15003,1.50%, 48.56%, 50.07%, 1.37%
15005,0%,-,-,-
15007,12.58%, 43.23%, 55.81%, 0.96%
15009,7.11%, 45.78%, 52.89%, 1.33%
16001,31.32%, 64.39%, 33.07%, 2.55%
16003,11.50%, 54.74%, 43.23%, 2.03%
16005,11.86%, 53.65%, 41.80%, 2.20%
16007,36.07%, 66.60%, 30.53%, 0.51%
16009,2.97%, 47.58%, 50.55%, 1.86%
16011,24.74%, 60.83%, 36.09%, 3.08%
16013,14.75%, 56.13%, 41.37%, 2.50%
16015,21.51%, 58.61%, 37.10%, 2.23%
16017,5.47%, 51.37%, 45.91%, 2.72%
16019,36.02%, 66.44%, 30.41%, 3.15%
16021,8.62%, 52.15%, 43.53%, 1.04%
16023,5.99%, 51.16%, 45.16%, 1.29%
16025,27.65%, 62.20%, 34.56%, 3.24%
16027,28.44%, 62.91%, 34.47%, 2.62%
16029,32.89%, 64.83%, 31.94%, 0.83%
16031,39.09%, 66.38%, 27.29%, 0.99%
16033,31.85%, 64.48%, 32.63%, 2.90%
16035,8.48%, 44.01%, 52.49%, 1.38%
16037,23.70%, 60.33%, 36.62%, 0.21%
16039,12.72%, 55.46%, 42.74%, 1.80%
16041,38.96%, 67.80%, 28.84%, 0.77%
16043,27.26%, 61.94%, 34.68%, 0.62%
16045,9.29%, 52.75%, 43.45%, 1.21%
16047,19.84%, 58.54%, 38.70%, 2.76%
16049,15.14%, 55.96%, 40.81%, 1.09%
16051,33.56%, 65.14%, 31.58%, 0.43%
16053,26.91%, 61.81%, 34.90%, 1.11%
16055,18.00%, 57.78%, 39.79%, 2.43%
16057,12.29%, 54.90%, 42.61%, 2.49%
16059,17.60%, 56.37%, 38.78%, 0.94%
16061,4.19%, 46.61%, 50.79%, 2.60%
16063,18.68%, 57.75%, 39.07%, 0.89%
16065,49.58%, 72.38%, 22.80%, 2.18%
16067,18.17%, 56.44%, 38.27%, 1.33%
16069,1.36%, 48.22%, 49.58%, 2.20%
16071,24.57%, 61.14%, 36.57%, 2.30%
16073,17.61%, 57.52%, 39.91%, 2.57%
16075,16.96%, 57.44%, 40.48%, 2.08%
16077,3.20%, 49.96%, 46.76%, 3.27%
16079,5.12%, 51.67%, 46.55%, 1.78%
16081,27.20%, 63.04%, 35.84%, 1.12%
16083,34.18%, 65.82%, 31.64%, 2.54%
16085,20.60%, 59.33%, 38.73%, 1.94%
16087,9.18%, 53.47%, 44.28%, 2.25%
17001,20.54%, 59.67%, 39.12%, 1.21%
17003,15.85%, 41.52%, 57.37%, 1.11%
17005,0.45%, 49.69%, 49.24%, 1.07%
17007,18.16%, 58.38%, 40.23%, 1.39%
17009,0.45%, 48.95%, 49.40%, 1.64%
17011,17.63%, 58.20%, 40.57%, 1.22%
17013,6.29%, 46.35%, 52.63%, 1.02%
17015,19.79%, 59.34%, 39.55%, 1.11%
17017,0.91%, 49.33%, 50.24%, 0.43%
17019,12.18%, 54.74%, 42.56%, 0.44%
17021,10.97%, 43.90%, 54.87%, 1.23%
17023,5.05%, 52.26%, 47.22%, 0.52%
17025,0.30%, 49.94%, 49.64%, 0.41%
17027,7.10%, 53.00%, 45.90%, 1.10%
17029,11.81%, 54.66%, 42.85%, 0.34%
17031,8.75%, 44.69%, 53.44%, 1.88%
17033,4.85%, 51.99%, 47.14%, 0.88%
17035,4.38%, 47.12%, 51.50%, 1.38%
17037,21.67%, 59.21%, 37.54%, 0.85%
17039,8.61%, 53.97%, 45.36%, 0.68%
17041,9.49%, 54.39%, 44.90%, 0.72%
17043,40.43%, 68.77%, 28.34%, 2.89%
17045,7.11%, 53.01%, 45.89%, 1.10%
17047,17.98%, 58.51%, 40.53%, 0.96%
17049,9.27%, 53.72%, 44.45%, 1.83%
17051,0.67%, 49.33%, 50.00%, 0.66%
17053,27.95%, 63.56%, 35.61%, 0.82%
17055,26.56%, 36.51%, 63.07%, 0.42%
17057,1.44%, 50.23%, 48.79%, 0.98%
17059,26.97%, 36.36%, 63.33%, 0.32%
17061,4.48%, 47.35%, 51.83%, 0.82%
17063,15.51%, 57.43%, 41.92%, 0.65%
17065,10.97%, 44.25%, 55.22%, 0.53%
17067,12.07%, 55.54%, 43.47%, 0.99%
17069,6.93%, 46.17%, 53.10%, 0.73%
17071,1.32%, 50.15%, 48.83%, 1.02%
17073,13.20%, 56.03%, 42.83%, 1.15%
17075,32.05%, 65.43%, 33.38%, 1.20%
17077,11.56%, 42.09%, 53.64%, 0.52%
17079,0.39%, 49.45%, 49.06%, 1.49%
17081,9.49%, 44.93%, 54.41%, 0.66%
17083,3.92%, 47.57%, 51.49%, 0.95%
17085,15.57%, 56.90%, 41.33%, 1.78%
17087,5.08%, 52.23%, 47.15%, 0.63%
17089,26.44%, 62.15%, 35.71%, 2.14%
17091,10.95%, 54.63%, 43.68%, 1.69%
17093,36.03%, 67.50%, 31.48%, 1.02%
17095,10.01%, 54.39%, 44.38%, 1.23%
17097,22.56%, 60.32%, 37.77%, 1.91%
17099,4.11%, 51.39%, 47.28%, 1.32%
17101,3.57%, 51.47%, 47.90%, 0.63%
17103,17.23%, 57.54%, 40.30%, 2.16%
17105,31.48%, 64.56%, 33.08%, 2.36%
17107,20.42%, 59.94%, 39.52%, 0.54%
17109,27.16%, 62.33%, 35.17%, 2.49%
17111,36.95%, 67.50%, 30.55%, 1.95%
17113,25.92%, 62.10%, 36.18%, 1.71%
17115,6.25%, 46.44%, 52.69%, 0.86%
17117,7.42%, 45.55%, 52.97%, 1.49%
17119,12.03%, 43.32%, 55.35%, 1.33%
17121,5.90%, 46.63%, 52.53%, 0.84%
17123,21.72%, 60.30%, 38.58%, 1.13%
17125,1.27%, 49.01%, 50.29%, 0.70%
17127,6.34%, 46.50%, 52.85%, 0.65%
17129,15.26%, 57.25%, 42.00%, 0.75%
17131,8.08%, 53.62%, 45.54%, 0.85%
17133,16.65%, 57.66%, 41.00%, 1.34%
17135,5.95%, 46.56%, 52.51%, 0.93%
17137,8.99%, 53.88%, 44.90%, 1.22%
17139,8.58%, 45.44%, 54.01%, 0.55%
17141,25.90%, 62.22%, 36.32%, 1.47%
17143,14.51%, 56.65%, 42.14%, 1.21%
17145,6.06%, 46.39%, 52.44%, 1.17%
17147,11.63%, 55.39%, 43.75%, 0.86%
17149,0.31%, 49.21%, 49.52%, 1.28%
17151,5.14%, 52.18%, 47.03%, 0.79%
17153,15.03%, 42.26%, 57.28%, 0.46%
17155,7.71%, 53.13%, 45.42%, 1.45%
17157,2.95%, 48.07%, 51.02%, 0.91%
17159,11.78%, 55.03%, 43.25%, 1.71%
17161,2.79%, 47.72%, 50.51%, 1.77%
17163,18.65%, 39.91%, 58.55%, 1.54%
17165,11.13%, 44.25%, 55.38%, 0.38%
17167,6.38%, 52.24%, 45.85%, 1.91%
17169,13.30%, 56.44%, 43.14%, 0.43%
17171,11.29%, 55.35%, 44.06%, 0.59%
17173,8.16%, 45.54%, 53.70%, 0.76%
17175,30.21%, 63.34%, 33.13%, 1.10%
17177,23.44%, 61.02%, 37.58%, 1.40%
17179,11.68%, 55.14%, 43.47%, 1.39%
17181,17.16%, 41.16%, 58.32%, 0.51%
17183,3.41%, 51.24%, 47.83%, 0.93%
17185,9.75%, 54.41%, 44.66%, 0.93%
17187,20.50%, 59.25%, 38.75%, 1.99%
17189,16.10%, 57.18%, 41.08%, 1.75%
17191,9.48%, 54.39%, 44.91%, 0.70%
17193,7.11%, 46.31%, 53.42%, 0.27%
17195,11.81%, 55.34%, 43.53%, 1.13%
17197,9.31%, 53.85%, 44.54%, 1.60%
17199,11.80%, 43.59%, 55.39%, 1.02%
17201,10.61%, 54.15%, 43.54%, 2.31%
17203,29.34%, 64.00%, 34.66%, 1.34%
18001,12.14%, 55.55%, 43.41%, 1.04%
18003,22.57%, 60.56%, 37.99%, 1.45%
18005,13.63%, 56.41%, 42.78%, 0.81%
18007,19.53%, 59.09%, 39.57%, 1.34%
18009,4.71%, 47.16%, 51.86%, 0.98%
18011,23.54%, 61.48%, 37.94%, 0.57%
18013,1.73%, 50.29%, 48.55%, 1.16%
18015,14.02%, 56.48%, 42.46%, 1.06%
18017,14.99%, 56.73%, 41.74%, 1.53%
18019,13.25%, 42.82%, 56.07%, 1.11%
18021,2.14%, 50.37%, 48.23%, 1.40%
18023,10.27%, 54.80%, 44.52%, 0.68%
18025,10.91%, 44.08%, 54.99%, 0.93%
18027,15.86%, 57.69%, 41.83%, 0.48%
18029,1.37%, 49.04%, 50.40%, 0.56%
18031,11.92%, 55.63%, 43.72%, 0.65%
18033,12.00%, 55.17%, 43.18%, 1.65%
18035,2.43%, 50.72%, 48.29%, 1.00%
18037,7.22%, 45.97%, 53.19%, 0.84%
18039,21.37%, 60.07%, 38.70%, 1.23%
18041,1.64%, 50.53%, 48.89%, 0.58%
18043,6.12%, 46.42%, 52.54%, 1.04%
18045,8.99%, 54.16%, 45.17%, 0.66%
18047,4.72%, 51.96%, 47.25%, 0.79%
18049,18.33%, 58.41%, 40.08%, 1.52%
18051,8.49%, 45.55%, 54.04%, 0.41%
18053,11.06%, 55.14%, 44.08%, 0.78%
18055,5.93%, 46.54%, 52.47%, 1.00%
18057,46.64%, 72.86%, 26.23%, 0.91%
18059,23.63%, 61.31%, 37.69%, 1.00%
18061,7.23%, 45.90%, 53.14%, 0.96%
18063,29.34%, 64.07%, 34.73%, 1.20%
18065,6.79%, 53.19%, 46.40%, 0.42%
18067,13.72%, 56.48%, 42.75%, 0.77%
18069,16.78%, 57.78%, 41.00%, 1.21%
18071,0.03%, 49.58%, 49.55%, 0.87%
18073,23.77%, 60.76%, 36.99%, 2.25%
18075,5.47%, 52.24%, 46.77%, 0.99%
18077,4.77%, 46.94%, 51.71%, 1.36%
18079,0.83%, 49.99%, 49.16%, 0.85%
18081,23.70%, 61.36%, 37.66%, 0.97%
18083,2.71%, 48.25%, 50.97%, 0.78%
18085,32.44%, 65.56%, 33.12%, 1.32%
18087,15.37%, 57.24%, 41.86%, 0.90%
18089,14.37%, 42.36%, 56.74%, 0.90%
18091,9.28%, 54.09%, 44.81%, 1.10%
18093,7.86%, 53.20%, 45.34%, 1.46%
18095,4.18%, 51.63%, 47.45%, 0.91%
18097,9.98%, 54.60%, 44.62%, 0.78%
18099,20.01%, 59.16%, 39.15%, 1.69%
18101,2.25%, 48.55%, 50.80%, 0.65%
18103,13.24%, 54.52%, 41.29%, 1.06%
18105,6.52%, 53.06%, 46.53%, 0.41%
18107,27.76%, 63.01%, 35.25%, 1.74%
18109,20.77%, 59.99%, 39.22%, 0.79%
18111,17.65%, 58.44%, 40.78%, 0.78%
18113,7.76%, 52.91%, 45.15%, 1.94%
18115,11.68%, 43.95%, 55.63%, 0.43%
18117,4.34%, 51.90%, 47.56%, 0.54%
18119,3.42%, 47.83%, 51.25%, 0.92%
18121,10.79%, 55.00%, 44.20%, 0.80%
18123,15.72%, 41.95%, 57.66%, 0.39%
18125,11.27%, 44.19%, 55.46%, 0.35%
18127,21.15%, 59.75%, 38.60%, 1.64%
18129,1.54%, 48.97%, 50.51%, 0.51%
18131,11.69%, 54.21%, 42.52%, 0.33%
18133,8.38%, 53.67%, 45.29%, 1.04%
18135,12.67%, 55.93%, 43.26%, 0.80%
18137,4.93%, 52.11%, 47.18%, 0.71%
18139,21.34%, 60.32%, 38.98%, 0.70%
18141,1.20%, 50.20%, 49.00%, 0.81%
18143,22.57%, 38.14%, 60.71%, 1.15%
18145,11.27%, 55.22%, 43.95%, 0.83%
18147,7.01%, 46.34%, 53.35%, 0.31%
18149,4.32%, 47.12%, 51.43%, 1.45%
18151,20.48%, 59.23%, 38.75%, 2.02%
18153,16.11%, 41.61%, 57.72%, 0.68%
18155,23.52%, 38.07%, 61.59%, 0.34%
18157,23.82%, 61.33%, 37.51%, 1.16%
18159,16.19%, 57.35%, 41.16%, 1.49%
18161,16.82%, 58.25%, 41.43%, 0.32%
18163,4.19%, 51.87%, 47.69%, 0.44%
18165,13.08%, 43.03%, 56.11%, 0.86%
18167,2.32%, 48.46%, 50.78%, 0.76%
18169,19.74%, 59.51%, 39.78%, 0.71%
18171,10.92%, 55.13%, 44.20%, 0.67%
18173,4.00%, 47.69%, 51.70%, 0.61%
18175,7.39%, 45.61%, 53.01%, 1.38%
18177,15.04%, 57.20%, 42.16%, 0.64%
18179,13.55%, 56.33%, 42.78%, 0.89%
18181,22.41%, 60.63%, 38.22%, 1.15%
18183,10.58%, 54.34%, 43.77%, 1.89%
19001,0.68%, 49.26%, 48.58%, 2.16%
19003,4.05%, 47.26%, 51.31%, 1.43%
19005,17.13%, 57.88%, 40.74%, 1.38%
19007,5.92%, 46.29%, 52.21%, 1.49%
19009,3.05%, 47.86%, 50.91%, 1.23%
19011,4.67%, 46.85%, 51.52%, 1.64%
19013,2.41%, 50.22%, 47.81%, 1.97%
19015,9.64%, 44.14%, 53.78%, 2.08%
19017,19.18%, 58.51%, 39.34%, 2.15%
19019,5.81%, 51.98%, 46.17%, 1.85%
19021,9.40%, 53.58%, 44.18%, 2.24%
19023,25.03%, 61.79%, 36.77%, 1.44%
19025,3.40%, 51.03%, 47.63%, 1.33%
19027,12.90%, 42.61%, 55.51%, 1.88%
19029,22.82%, 60.79%, 37.97%, 1.25%
19031,12.20%, 55.08%, 42.88%, 2.05%
19033,2.64%, 47.77%, 50.41%, 1.82%
19035,8.49%, 53.40%, 44.91%, 1.70%
19037,1.02%, 49.11%, 50.13%, 0.76%
19039,14.36%, 41.87%, 56.23%, 1.90%
19041,9.08%, 53.51%, 44.42%, 2.07%
19043,11.60%, 54.80%, 43.19%, 2.01%
19045,2.67%, 50.55%, 47.88%, 1.58%
19047,0.30%, 48.80%, 49.11%, 2.09%
19049,11.55%, 43.34%, 54.89%, 1.77%
19051,19.25%, 39.50%, 58.76%, 1.74%
19053,16.27%, 41.05%, 57.32%, 1.64%
19055,13.27%, 55.62%, 42.35%, 2.03%
19057,10.93%, 43.94%, 54.87%, 1.19%
19059,10.29%, 54.14%, 43.85%, 2.01%
19061,7.91%, 44.71%, 52.62%, 0.46%
19063,2.67%, 50.50%, 47.83%, 1.67%
19065,11.55%, 54.69%, 43.13%, 2.18%
19067,3.11%, 47.52%, 50.62%, 1.86%
19069,6.40%, 52.30%, 45.90%, 1.80%
19071,4.77%, 51.80%, 47.03%, 1.17%
19073,4.73%, 46.94%, 51.66%, 1.40%
19075,26.47%, 62.66%, 36.19%, 1.16%
19077,4.06%, 46.87%, 50.93%, 2.20%
19079,0.26%, 49.00%, 49.26%, 1.74%
19081,2.46%, 50.54%, 48.08%, 1.37%
19083,2.18%, 50.19%, 48.02%, 1.79%
19085,3.84%, 51.38%, 47.54%, 1.08%
19087,0.43%, 48.79%, 49.22%, 1.99%
19089,5.32%, 46.62%, 51.94%, 1.44%
19091,6.81%, 52.65%, 45.83%, 1.52%
19093,15.85%, 56.86%, 41.01%, 2.13%
19095,7.54%, 52.98%, 45.43%, 1.59%
19097,2.77%, 47.50%, 50.27%, 2.23%
19099,6.28%, 46.04%, 52.32%, 1.64%
19101,5.09%, 51.71%, 46.62%, 1.67%
19103,10.64%, 41.57%, 52.20%, 0.85%
19105,2.47%, 50.54%, 48.07%, 1.39%
19107,8.64%, 44.90%, 53.54%, 1.57%
19109,5.35%, 46.32%, 51.66%, 2.02%
19111,4.71%, 46.92%, 51.63%, 1.45%
19113,2.28%, 47.79%, 50.07%, 2.14%
19115,4.39%, 51.43%, 47.04%, 1.53%
19117,13.53%, 42.32%, 55.84%, 1.84%
19119,30.39%, 64.06%, 33.67%, 2.27%
19121,7.24%, 45.36%, 52.61%, 2.03%
19123,4.18%, 51.38%, 47.20%, 1.42%
19125,6.72%, 45.79%, 52.51%, 1.70%
19127,4.65%, 51.33%, 46.67%, 2.00%
19129,17.28%, 57.79%, 40.51%, 1.70%
19131,0.32%, 49.00%, 49.32%, 1.68%
19133,0.47%, 49.09%, 49.55%, 1.36%
19135,19.49%, 39.56%, 59.06%, 1.38%
19137,24.17%, 61.48%, 37.31%, 1.21%
19139,7.80%, 53.10%, 45.30%, 1.60%
19141,25.46%, 61.86%, 36.40%, 1.75%
19143,19.34%, 58.52%, 39.18%, 2.30%
19145,29.73%, 64.10%, 34.37%, 1.52%
19147,9.47%, 44.43%, 53.90%, 1.68%
19149,13.04%, 55.81%, 42.77%, 1.42%
19151,6.03%, 45.85%, 51.88%, 2.28%
19153,6.97%, 45.23%, 52.20%, 0.51%
19155,7.72%, 53.09%, 45.37%, 1.54%
19157,1.90%, 48.01%, 49.91%, 2.07%
19159,5.88%, 46.25%, 52.13%, 1.62%
19161,5.41%, 51.55%, 46.14%, 2.31%
19163,7.96%, 53.11%, 45.15%, 1.74%
19165,7.19%, 52.72%, 45.54%, 1.74%
19167,47.36%, 73.04%, 25.68%, 1.28%
19169,7.55%, 51.85%, 44.30%, 0.60%
19171,2.21%, 48.08%, 50.29%, 1.63%
19173,2.76%, 50.79%, 48.03%, 1.18%
19175,1.38%, 48.30%, 49.68%, 2.02%
19177,0.08%, 49.14%, 49.22%, 1.63%
19179,20.05%, 39.30%, 59.35%, 1.35%
19181,11.02%, 43.23%, 54.25%, 2.52%
19183,9.86%, 54.03%, 44.17%, 1.81%
19185,9.11%, 44.58%, 53.69%, 1.73%
19187,7.38%, 45.35%, 52.73%, 1.92%
19189,5.75%, 52.24%, 46.49%, 1.28%
19191,6.63%, 52.08%, 45.45%, 2.47%
19193,7.37%, 52.79%, 45.43%, 1.78%
19195,9.83%, 44.38%, 54.21%, 1.40%
19197,1.28%, 48.67%, 49.95%, 1.39%
20001,8.52%, 53.23%, 44.72%, 2.05%
20003,0.36%, 48.70%, 49.06%, 2.24%
20005,0.93%, 48.30%, 49.23%, 2.47%
20007,2.38%, 50.43%, 48.05%, 1.51%
20009,13.80%, 55.63%, 41.83%, 2.54%
20011,5.08%, 51.80%, 46.72%, 1.49%
20013,31.69%, 64.96%, 33.27%, 1.77%
20015,0.87%, 48.45%, 49.32%, 2.23%
20017,17.43%, 57.59%, 40.16%, 2.25%
20019,14.10%, 55.77%, 41.67%, 2.55%
20021,12.99%, 42.93%, 55.91%, 1.16%
20023,13.85%, 55.84%, 41.99%, 2.16%
20025,5.51%, 51.80%, 46.29%, 1.91%
20027,30.53%, 63.85%, 33.32%, 2.84%
20029,0.36%, 48.74%, 49.10%, 2.16%
20031,15.75%, 56.70%, 40.95%, 2.35%
20033,6.52%, 52.71%, 46.19%, 1.10%
20035,2.80%, 50.32%, 47.52%, 2.16%
20037,10.88%, 43.78%, 54.66%, 1.56%
20039,9.46%, 52.74%, 43.28%, 3.98%
20041,12.61%, 55.23%, 42.61%, 2.16%
20043,26.23%, 62.21%, 35.98%, 1.81%
20045,8.46%, 51.28%, 42.82%, 1.02%
20047,12.86%, 42.47%, 55.32%, 2.21%
20049,11.20%, 54.84%, 43.64%, 1.51%
20051,13.89%, 41.98%, 55.87%, 2.14%
20053,1.39%, 49.85%, 48.46%, 1.69%
20055,1.33%, 48.40%, 49.73%, 1.87%
20057,2.59%, 47.61%, 50.21%, 2.18%
20059,13.44%, 55.49%, 42.05%, 2.46%
20061,6.25%, 52.13%, 45.88%, 1.99%
20063,0.68%, 48.95%, 48.26%, 2.79%
20065,8.43%, 53.26%, 44.83%, 1.92%
20067,3.10%, 50.62%, 47.52%, 1.86%
20069,13.78%, 42.08%, 55.86%, 2.06%
20071,10.04%, 43.42%, 53.46%, 3.13%
20073,14.04%, 55.96%, 41.92%, 2.12%
20075,13.85%, 41.70%, 55.55%, 2.76%
20077,2.70%, 50.00%, 47.30%, 2.70%
20079,4.78%, 51.00%, 46.22%, 2.77%
20081,5.81%, 51.98%, 46.17%, 1.84%
20083,9.20%, 43.80%, 53.00%, 3.19%
20085,12.00%, 54.85%, 42.85%, 2.29%
20087,12.90%, 55.12%, 42.22%, 2.67%
20089,17.36%, 57.47%, 40.11%, 2.42%
20091,35.21%, 66.41%, 31.19%, 2.40%
20093,1.16%, 48.95%, 47.79%, 3.27%
20095,7.40%, 44.93%, 52.33%, 2.74%
20097,20.97%, 59.48%, 38.51%, 2.02%
20099,6.43%, 45.59%, 52.02%, 2.39%
20101,0.38%, 48.91%, 48.53%, 2.55%
20103,2.29%, 50.11%, 47.81%, 2.08%
20105,10.68%, 54.52%, 43.84%, 1.65%
20107,5.33%, 52.00%, 46.67%, 1.33%
20109,15.50%, 56.39%, 40.90%, 2.71%
20111,10.63%, 52.59%, 41.96%, 2.13%
20113,16.87%, 57.31%, 40.44%, 2.25%
20115,3.49%, 50.72%, 47.23%, 2.04%
20117,6.92%, 52.17%, 45.24%, 2.59%
20119,5.86%, 51.53%, 45.68%, 2.79%
20121,0.01%, 48.67%, 48.69%, 2.64%
20123,10.18%, 53.99%, 43.81%, 2.19%
20125,10.41%, 54.08%, 43.66%, 2.26%
20127,11.64%, 54.74%, 43.10%, 2.16%
20129,0.20%, 48.91%, 48.71%, 2.39%
20131,3.18%, 50.71%, 47.53%, 1.76%
20133,2.44%, 50.32%, 47.88%, 1.79%
20135,4.12%, 46.52%, 50.64%, 2.84%
20137,23.77%, 60.55%, 36.78%, 2.67%
20139,3.26%, 50.53%, 47.27%, 2.20%
20141,13.52%, 55.42%, 41.90%, 2.68%
20143,7.66%, 52.86%, 45.20%, 1.95%
20145,7.12%, 45.11%, 52.23%, 2.67%
20147,28.65%, 63.05%, 34.39%, 2.56%
20149,19.79%, 59.06%, 39.27%, 1.66%
20151,2.47%, 50.04%, 47.57%, 2.39%
20153,11.50%, 53.87%, 42.37%, 3.75%
20155,12.85%, 42.29%, 55.14%, 2.56%
20157,16.95%, 57.44%, 40.49%, 2.08%
20159,8.19%, 44.82%, 53.01%, 2.17%
20161,17.97%, 57.45%, 39.47%, 0.70%
20163,8.03%, 53.04%, 45.01%, 1.94%
20165,7.32%, 45.33%, 52.65%, 2.01%
20167,36.67%, 67.79%, 31.12%, 1.09%
20169,13.64%, 55.79%, 42.15%, 2.05%
20171,12.64%, 54.74%, 42.10%, 3.16%
20173,4.24%, 50.74%, 46.49%, 2.77%
20175,30.22%, 64.19%, 33.96%, 1.85%
20177,12.65%, 55.07%, 42.42%, 2.51%
20179,2.64%, 49.15%, 46.51%, 1.52%
20181,2.94%, 50.15%, 47.21%, 2.64%
20183,19.67%, 58.47%, 38.80%, 2.74%
20185,7.24%, 45.22%, 52.47%, 2.31%
20187,2.02%, 49.04%, 47.02%, 3.94%
20189,16.37%, 57.23%, 40.86%, 1.90%
20191,7.16%, 44.92%, 52.08%, 3.00%
20193,10.66%, 53.94%, 43.28%, 2.79%
20195,1.06%, 49.56%, 48.50%, 1.93%
20197,17.00%, 57.58%, 40.59%, 1.83%
20199,10.03%, 52.77%, 42.74%, 1.67%
20201,23.24%, 60.36%, 37.12%, 2.52%
20203,1.70%, 47.90%, 49.60%, 2.50%
20205,13.18%, 55.67%, 42.49%, 1.85%
20207,9.80%, 54.09%, 44.29%, 1.62%
20209,22.92%, 36.99%, 59.91%, 3.09%
21001,14.82%, 56.82%, 42.00%, 1.19%
21003,5.80%, 52.49%, 46.69%, 0.82%
21005,17.09%, 40.71%, 57.79%, 1.50%
21007,58.08%, 17.57%, 75.66%, 0.92%
21009,21.30%, 38.86%, 60.16%, 0.98%
21011,38.26%, 30.54%, 68.80%, 0.65%
21013,2.38%, 48.03%, 50.41%, 1.56%
21015,0.00%, 49.21%, 49.21%, 1.59%
21017,21.07%, 38.28%, 59.35%, 2.37%
21019,9.99%, 44.51%, 54.50%, 0.99%
21021,7.58%, 45.58%, 53.16%, 1.26%
21023,27.98%, 35.23%, 63.21%, 1.56%
21025,55.29%, 22.16%, 77.45%, 0.39%
21027,10.62%, 44.15%, 54.77%, 1.08%
21029,20.93%, 38.40%, 59.33%, 2.27%
21031,19.47%, 59.36%, 39.89%, 0.75%
21033,24.66%, 36.91%, 61.56%, 1.53%
21035,43.19%, 27.56%, 70.75%, 1.69%
21037,11.71%, 54.81%, 43.10%, 2.08%
21039,63.11%, 17.71%, 80.82%, 1.47%
21041,46.34%, 26.30%, 72.64%, 1.06%
21043,10.23%, 44.65%, 54.89%, 0.46%
21045,35.31%, 67.15%, 31.84%, 1.01%
21047,22.31%, 38.44%, 60.75%, 0.81%
21049,18.81%, 40.09%, 58.90%, 1.02%
21051,37.07%, 68.44%, 31.37%, 0.19%
21053,40.34%, 69.46%, 29.12%, 1.42%
21055,3.55%, 47.61%, 51.16%, 1.22%
21057,31.66%, 65.41%, 33.76%, 0.83%
21059,4.69%, 46.72%, 51.41%, 1.87%
21061,16.36%, 57.93%, 41.57%, 0.50%
21063,62.25%, 18.49%, 80.74%, 0.77%
21065,5.01%, 52.16%, 47.15%, 0.70%
21067,11.01%, 54.12%, 43.10%, 2.78%
21069,16.82%, 41.35%, 58.17%, 0.48%
21071,52.82%, 23.31%, 76.13%, 0.56%
21073,30.04%, 33.67%, 63.71%, 2.62%
21075,37.75%, 30.55%, 68.30%, 1.15%
21077,44.86%, 26.86%, 71.72%, 1.42%
21079,3.96%, 51.28%, 47.32%, 1.40%
21081,30.93%, 33.35%, 64.28%, 2.37%
21083,46.59%, 25.72%, 72.32%, 1.96%
21085,8.75%, 53.87%, 45.13%, 1.00%
21087,6.90%, 53.04%, 46.14%, 0.82%
21089,15.13%, 42.14%, 57.27%, 0.59%
21091,15.94%, 40.92%, 56.86%, 2.22%
21093,6.66%, 45.87%, 52.53%, 1.60%
21095,22.29%, 38.51%, 60.80%, 0.68%
21097,30.10%, 34.43%, 64.53%, 1.04%
21099,22.43%, 38.39%, 60.81%, 0.80%
21101,31.88%, 33.45%, 65.32%, 1.23%
21103,42.49%, 28.25%, 70.73%, 1.02%
21105,53.39%, 21.54%, 74.93%, 0.33%
21107,20.28%, 39.38%, 59.65%, 0.97%
21109,60.18%, 79.80%, 19.62%, 0.58%
21111,2.90%, 50.21%, 47.31%, 2.49%
21113,4.76%, 51.32%, 46.55%, 2.13%
21115,13.99%, 56.64%, 42.65%, 0.71%
21117,7.81%, 52.99%, 45.18%, 1.82%
21119,65.76%, 16.65%, 82.40%, 0.95%
21121,14.88%, 56.93%, 42.05%, 1.02%
21123,21.83%, 38.55%, 60.38%, 1.07%
21125,23.56%, 61.41%, 37.85%, 0.73%
21127,13.17%, 42.91%, 56.08%, 1.00%
21129,13.97%, 56.54%, 42.57%, 0.90%
21131,43.48%, 71.52%, 28.04%, 0.44%
21133,18.95%, 40.29%, 59.24%, 0.46%
21135,10.48%, 55.01%, 44.53%, 0.46%
21137,8.51%, 45.47%, 53.97%, 0.56%
21139,47.41%, 25.71%, 73.12%, 1.17%
21141,32.75%, 32.89%, 65.64%, 1.48%
21143,45.97%, 26.34%, 72.31%, 1.35%
21145,35.08%, 30.84%, 65.92%, 0.88%
21147,28.10%, 63.63%, 35.53%, 0.84%
21149,31.56%, 33.73%, 65.29%, 0.97%
21151,5.09%, 46.63%, 51.71%, 1.66%
21153,15.44%, 42.06%, 57.49%, 0.45%
21155,33.77%, 32.38%, 66.14%, 1.48%
21157,45.02%, 26.82%, 71.83%, 1.35%
21159,24.99%, 62.12%, 37.12%, 0.76%
21161,14.46%, 42.12%, 56.58%, 1.30%
21163,26.19%, 36.05%, 62.24%, 1.71%
21165,54.35%, 22.42%, 76.77%, 0.81%
21167,16.02%, 40.91%, 56.94%, 2.15%
21169,15.95%, 41.52%, 57.47%, 1.01%
21171,40.46%, 69.91%, 29.45%, 0.65%
21173,21.19%, 38.82%, 60.01%, 1.17%
21175,49.37%, 24.97%, 74.34%, 0.69%
21177,24.16%, 37.49%, 61.65%, 0.86%
21179,21.99%, 37.37%, 59.36%, 3.28%
21181,35.49%, 31.03%, 66.53%, 2.44%
21183,3.49%, 51.30%, 47.81%, 0.89%
21185,13.21%, 55.72%, 42.51%, 1.76%
21187,54.28%, 22.16%, 76.43%, 1.41%
21189,54.72%, 77.03%, 22.31%, 0.66%
21191,26.76%, 35.89%, 62.65%, 1.46%
21193,11.85%, 43.83%, 55.68%, 0.48%
21195,21.70%, 38.74%, 60.44%, 0.81%
21197,23.47%, 37.90%, 61.37%, 0.73%
21199,23.03%, 61.17%, 38.14%, 0.70%
21201,32.73%, 33.21%, 65.94%, 0.85%
21203,29.28%, 64.37%, 35.09%, 0.55%
21205,22.10%, 38.24%, 60.34%, 1.41%
21207,22.80%, 60.90%, 38.10%, 0.99%
21209,12.59%, 42.71%, 55.30%, 1.99%
21211,13.51%, 42.59%, 56.10%, 1.31%
21213,30.26%, 34.45%, 64.71%, 0.84%
21215,23.55%, 37.42%, 60.97%, 1.61%
21217,1.73%, 48.60%, 50.33%, 1.06%
21219,37.28%, 30.44%, 67.72%, 1.83%
21221,46.36%, 26.46%, 72.82%, 0.72%
21223,49.74%, 24.47%, 74.21%, 1.33%
21225,34.34%, 32.30%, 66.64%, 1.05%
21227,1.13%, 48.93%, 50.06%, 1.01%
21229,14.43%, 41.68%, 56.10%, 2.22%
21231,12.14%, 55.75%, 43.61%, 0.64%
21233,42.68%, 28.21%, 70.89%, 0.91%
21235,18.17%, 58.70%, 40.53%, 0.77%
21237,45.48%, 26.81%, 72.29%, 0.90%
21239,0.79%, 48.42%, 49.20%, 2.38%
22001,25.60%, 35.68%, 61.28%, 3.05%
22003,42.92%, 27.11%, 70.02%, 2.87%
22005,33.37%, 31.73%, 65.10%, 3.17%
22007,16.65%, 40.42%, 57.07%, 2.50%
22009,26.51%, 34.35%, 60.86%, 1.81%
22011,24.20%, 36.38%, 60.57%, 3.05%
22013,15.02%, 41.57%, 56.60%, 1.83%
22015,19.87%, 59.22%, 39.35%, 1.43%
22017,16.19%, 57.34%, 41.15%, 1.51%
22019,31.36%, 33.24%, 64.61%, 2.15%
22021,1.58%, 49.66%, 48.08%, 2.26%
22023,48.32%, 24.54%, 72.86%, 2.61%
22025,9.67%, 43.76%, 53.43%, 2.81%
22027,5.24%, 51.81%, 46.58%, 1.61%
22029,0.54%, 48.65%, 49.19%, 2.16%
22031,12.33%, 43.14%, 55.46%, 1.40%
22033,1.64%, 49.76%, 48.12%, 2.12%
22035,16.50%, 40.43%, 56.93%, 2.65%
22037,34.13%, 31.34%, 65.47%, 3.19%
22039,33.42%, 32.14%, 65.56%, 2.29%
22041,1.54%, 49.39%, 47.85%, 2.75%
22043,22.65%, 37.16%, 59.81%, 3.03%
22045,1.97%, 50.07%, 48.11%, 1.82%
22047,30.13%, 33.56%, 63.69%, 2.75%
22049,4.18%, 46.88%, 51.06%, 2.05%
22051,14.53%, 56.28%, 41.75%, 1.97%
22053,26.98%, 35.06%, 62.04%, 2.91%
22055,6.61%, 52.19%, 45.58%, 2.23%
22057,10.27%, 43.53%, 53.80%, 2.67%
22059,3.17%, 50.10%, 46.93%, 2.98%
22061,15.52%, 57.05%, 41.53%, 1.42%
22063,27.18%, 34.95%, 62.13%, 2.93%
22065,39.80%, 29.41%, 69.21%, 1.39%
22067,14.46%, 55.90%, 41.45%, 2.65%
22069,11.63%, 42.26%, 53.89%, 1.36%
22071,13.19%, 42.14%, 55.33%, 2.52%
22073,20.63%, 59.53%, 38.91%, 1.56%
22075,38.83%, 68.35%, 29.52%, 2.13%
22077,32.76%, 32.59%, 65.35%, 2.06%
22079,7.86%, 45.25%, 53.10%, 1.65%
22081,4.80%, 46.61%, 51.42%, 1.97%
22083,1.86%, 49.93%, 48.07%, 1.99%
22085,12.26%, 42.28%, 54.54%, 3.17%
22087,0.99%, 47.94%, 48.92%, 3.14%
22089,22.62%, 37.11%, 59.73%, 3.16%
22091,41.61%, 27.61%, 69.22%, 3.17%
22093,23.84%, 36.85%, 60.69%, 2.46%
22095,21.89%, 37.43%, 59.32%, 3.25%
22097,21.56%, 37.94%, 59.49%, 2.57%
22099,31.21%, 33.07%, 64.28%, 2.65%
22101,2.58%, 47.67%, 50.25%, 2.07%
22103,3.60%, 50.39%, 46.79%, 2.82%
22105,21.35%, 38.02%, 59.36%, 2.62%
