id,margin,reagan,carter,anderson,other
01001,18.05%, 56.87%, 38.82%,-, 4.30%
01003,35.99%, 65.78%, 29.80%,-, 4.42%
01005,3.19%, 46.34%, 49.53%,-, 1.89%
01007,10.78%, 44.30%, 55.08%,-, 0.62%
01009,9.14%, 53.59%, 44.45%,-, 1.96%
01011,44.60%, 25.65%, 70.25%,-, 1.30%
01013,4.13%, 45.53%, 49.67%,-, 2.35%
01015,1.29%, 49.17%, 47.88%,-, 2.95%
01017,15.00%, 40.88%, 55.88%,-, 3.24%
01019,19.91%, 38.55%, 58.47%,-, 2.98%
01021,16.63%, 57.64%, 41.00%,-, 1.36%
01023,12.48%, 43.45%, 55.93%,-, 0.62%
01025,1.78%, 47.44%, 49.23%,-, 3.33%
01027,1.64%, 48.09%, 49.73%,-, 2.18%
01029,7.49%, 52.78%, 45.29%,-, 1.92%
01031,4.63%, 50.45%, 45.82%,-, 3.72%
01033,29.64%, 33.07%, 62.71%,-, 4.22%
01035,2.49%, 47.69%, 50.19%,-, 2.12%
01037,15.89%, 40.72%, 56.62%,-, 2.66%
01039,5.21%, 51.54%, 46.33%,-, 2.12%
01041,4.30%, 47.15%, 51.45%,-, 1.41%
01043,5.90%, 45.92%, 51.82%,-, 2.26%
01045,18.38%, 57.64%, 39.26%,-, 3.10%
01047,11.70%, 42.14%, 53.84%,-, 1.75%
01049,4.56%, 51.75%, 47.19%,-, 1.05%
01051,18.04%, 57.20%, 39.15%,-, 3.65%
01053,11.32%, 54.04%, 42.71%,-, 3.25%
01055,12.20%, 42.79%, 54.99%,-, 2.22%
01057,1.09%, 48.83%, 49.92%,-, 1.25%
01059,15.68%, 41.33%, 57.01%,-, 1.66%
01061,0.46%, 49.30%, 48.85%,-, 1.85%
01063,53.77%, 22.79%, 76.55%,-, 0.66%
01065,25.24%, 34.69%, 59.93%,-, 1.64%
01067,2.72%, 47.85%, 50.57%,-, 1.58%
01069,30.28%, 64.05%, 33.77%,-, 2.18%
01071,27.31%, 34.48%, 61.79%,-, 3.73%
01073,7.53%, 51.10%, 43.57%,-, 5.33%
01075,9.51%, 44.91%, 54.41%,-, 0.68%
01077,18.03%, 38.42%, 56.45%,-, 5.13%
01079,41.82%, 28.09%, 69.92%,-, 1.99%
01081,6.26%, 49.98%, 43.72%, 2.93%, 3.37%
01083,26.94%, 34.18%, 61.12%,-, 4.71%
01085,38.53%, 28.60%, 67.12%,-, 1.05%
01087,65.75%, 14.35%, 80.10%,-, 1.38%
01089,0.21%, 47.03%, 46.82%, 3.45%, 2.69%
01091,11.70%, 41.90%, 53.60%,-, 1.85%
01093,2.50%, 48.26%, 50.75%,-, 0.99%
01095,13.52%, 40.93%, 54.45%,-, 4.62%
01097,18.24%, 57.71%, 39.47%,-, 2.82%
01099,3.89%, 50.87%, 46.98%,-, 2.15%
01101,11.62%, 53.75%, 42.13%,-, 4.12%
01103,5.09%, 45.14%, 50.23%,-, 4.63%
01105,29.84%, 34.68%, 64.52%,-, 0.80%
01107,11.27%, 43.78%, 55.05%,-, 1.17%
01109,8.04%, 52.25%, 44.21%,-, 3.54%
01111,1.40%, 46.22%, 47.62%,-, 1.41%
01113,26.95%, 33.22%, 60.17%,-, 2.74%
01115,18.54%, 56.89%, 38.35%,-, 2.40%
01117,32.50%, 64.28%, 31.79%,-, 3.93%
01119,40.44%, 29.23%, 69.66%,-, 1.11%
01121,1.25%, 47.97%, 49.22%,-, 2.81%
01123,9.57%, 43.80%, 53.37%,-, 2.83%
01125,1.59%, 48.50%, 46.91%,-, 4.58%
01127,21.12%, 38.53%, 59.65%,-, 1.83%
01129,7.17%, 45.96%, 53.13%,-, 0.91%
01131,36.79%, 31.40%, 68.19%,-, 0.41%
01133,19.12%, 59.04%, 39.92%,-, 1.03%
02013,0%,-,-,-,-
02016,0%,-,-,-,-
02020,0%,-,-,-,-
02050,0%,-,-,-,-
02060,0%,-,-,-,-
02068,0%,-,-,-,-
02070,0%,-,-,-,-
02090,0%,-,-,-,-
02100,0%,-,-,-,-
02105,0%,-,-,-,-
02110,0%,-,-,-,-
02122,0%,-,-,-,-
02130,0%,-,-,-,-
02150,0%,-,-,-,-
02164,0%,-,-,-,-
02170,0%,-,-,-,-
02180,0%,-,-,-,-
02185,0%,-,-,-,-
02188,0%,-,-,-,-
02195,0%,-,-,-,-
02198,0%,-,-,-,-
02220,0%,-,-,-,-
02230,0%,-,-,-,-
02240,0%,-,-,-,-
02261,0%,-,-,-,-
02270,0%,-,-,-,-
02275,0%,-,-,-,-
02282,0%,-,-,-,-
02290,0%,-,-,-,-
04001,19.58%, 56.55%, 36.97%, 4.67%, 1.81%
04003,28.17%, 59.48%, 31.31%, 7.38%, 1.83%
04005,25.88%, 55.78%, 29.89%, 10.74%, 0.30%
04007,17.44%, 55.27%, 37.82%, 4.90%, 2.02%
04009,24.67%, 59.85%, 35.18%, 3.37%, 1.60%
04011,13.38%, 40.64%, 54.02%, 3.97%, 1.37%
04012,0%,-,-,-,-
04013,40.37%, 64.97%, 24.60%, 8.01%, 0.20%
04015,44.43%, 68.86%, 24.43%, 4.88%, 1.83%
04017,33.65%, 63.91%, 30.27%, 4.21%, 1.61%
04019,15.31%, 49.75%, 34.44%, 13.52%, 0.18%
04021,12.85%, 52.43%, 39.59%, 5.79%, 0.16%
04023,10.96%, 50.07%, 39.12%, 9.03%, 1.78%
04025,45.39%, 68.37%, 22.98%, 6.05%, 0.14%
04027,34.90%, 63.34%, 28.44%, 6.49%, 1.73%
05001,11.20%, 42.69%, 53.89%, 2.42%, 1.00%
05003,6.77%, 45.27%, 52.03%,-, 2.70%
05005,32.32%, 63.93%, 31.62%, 3.26%, 1.19%
05007,32.61%, 63.96%, 31.36%, 3.46%, 1.23%
05009,18.22%, 56.07%, 37.86%, 3.55%, 2.52%
05011,30.45%, 33.74%, 64.19%,-, 2.07%
05013,22.62%, 37.40%, 60.02%, 2.17%, 0.42%
05015,16.77%, 55.29%, 38.52%, 3.86%, 2.33%
05017,20.88%, 38.76%, 59.64%,-, 1.59%
05019,36.92%, 29.97%, 66.89%, 2.35%, 0.80%
05021,12.20%, 42.17%, 54.37%,-, 3.47%
05023,0.25%, 48.38%, 48.13%, 2.44%, 1.05%
05025,23.94%, 36.76%, 60.69%,-, 2.55%
05027,8.17%, 52.76%, 44.60%,-, 2.64%
05029,6.02%, 45.11%, 51.13%, 2.52%, 1.24%
05031,8.29%, 51.31%, 43.02%, 3.30%, 2.36%
05033,35.62%, 66.22%, 30.61%,-, 3.17%
05035,5.60%, 45.20%, 50.80%,-, 4.00%
05037,8.87%, 44.59%, 53.47%,-, 1.94%
05039,27.36%, 35.16%, 62.52%,-, 2.31%
05041,28.01%, 34.07%, 62.08%,-, 3.84%
05043,24.01%, 36.74%, 60.75%,-, 2.51%
05045,5.76%, 44.19%, 49.95%, 4.50%, 1.36%
05047,11.39%, 53.66%, 42.27%, 3.07%, 1.01%
05049,1.50%, 49.35%, 47.85%,-, 2.80%
05051,10.85%, 52.96%, 42.11%, 3.51%, 1.42%
05053,20.30%, 38.04%, 58.34%,-, 3.62%
05055,13.67%, 41.64%, 55.31%, 2.02%, 1.03%
05057,9.49%, 44.65%, 54.14%,-, 1.22%
05059,30.84%, 32.92%, 63.76%, 2.26%, 1.06%
05061,3.52%, 47.12%, 50.63%,-, 2.25%
05063,5.46%, 45.63%, 51.08%, 2.48%, 0.81%
05065,9.21%, 43.13%, 52.34%, 3.05%, 1.48%
05067,18.07%, 39.49%, 57.55%, 2.15%, 0.80%
05069,21.95%, 35.60%, 57.55%, 2.67%, 2.10%
05071,1.18%, 47.39%, 48.57%, 2.45%, 1.58%
05073,5.06%, 46.50%, 51.56%,-, 1.93%
05075,4.34%, 46.60%, 50.94%,-, 2.46%
05077,28.55%, 35.09%, 63.64%,-, 1.27%
05079,33.10%, 32.29%, 65.39%,-, 2.31%
05081,7.15%, 45.22%, 52.37%,-, 2.41%
05083,4.63%, 50.61%, 45.98%,-, 3.41%
05085,0.12%, 48.50%, 48.38%, 2.12%, 0.99%
05087,12.78%, 54.50%, 41.71%, 2.16%, 1.63%
05089,18.91%, 57.11%, 38.20%, 2.99%, 1.70%
05091,5.99%, 52.40%, 46.41%,-, 1.20%
05093,10.59%, 43.67%, 54.26%,-, 2.06%
05095,13.65%, 41.98%, 55.62%,-, 2.40%
05097,8.11%, 43.88%, 51.99%, 2.38%, 1.74%
05099,21.04%, 38.22%, 59.26%,-, 2.52%
05101,24.47%, 60.08%, 35.61%, 2.48%, 1.83%
05103,23.12%, 35.46%, 58.58%, 2.03%, 3.92%
05105,4.61%, 45.79%, 50.41%, 2.29%, 1.51%
05107,21.28%, 38.31%, 59.59%,-, 2.10%
05109,4.34%, 46.77%, 51.11%,-, 2.12%
05111,9.30%, 44.01%, 53.31%,-, 2.68%
05113,20.16%, 58.51%, 38.35%, 2.04%, 1.10%
05115,5.99%, 50.72%, 44.72%, 3.31%, 1.25%
05117,1.87%, 47.63%, 49.50%,-, 2.88%
05119,2.40%, 46.15%, 48.56%, 4.12%, 1.17%
05121,8.28%, 43.50%, 51.78%, 2.11%, 0.19%
05123,12.69%, 42.77%, 55.46%,-, 1.77%
05125,10.42%, 42.60%, 53.02%, 3.29%, 1.09%
05127,0.17%, 48.16%, 48.34%,-, 3.50%
05129,22.07%, 58.79%, 36.72%, 2.41%, 2.08%
05131,35.96%, 63.46%, 27.50%, 2.77%, 0.86%
05133,6.40%, 45.52%, 51.92%,-, 2.57%
05135,10.07%, 53.30%, 43.24%, 2.49%, 0.97%
05137,4.40%, 45.11%, 49.51%, 3.35%, 2.04%
05139,14.94%, 55.10%, 40.16%,-, 4.75%
05141,1.94%, 49.11%, 47.17%, 2.43%, 1.29%
05143,24.03%, 58.69%, 34.66%, 4.90%, 1.75%
05145,3.88%, 46.66%, 50.54%,-, 2.80%
05147,33.23%, 32.06%, 65.28%,-, 2.66%
05149,7.22%, 44.65%, 51.87%, 2.54%, 0.94%
06001,10.34%, 37.96%, 48.30%, 9.78%, 3.96%
06003,26.25%, 55.10%, 28.85%, 10.85%, 2.60%
06005,22.85%, 55.85%, 33.00%, 8.15%, 0.85%
06007,28.28%, 57.85%, 29.57%, 9.25%, 3.33%
06009,28.98%, 58.92%, 29.94%, 7.55%, 0.99%
06011,25.87%, 58.00%, 32.13%, 6.51%, 0.92%
06013,12.77%, 50.12%, 37.35%, 9.81%, 2.72%
06015,24.02%, 57.48%, 33.46%, 6.96%, 2.10%
06017,28.73%, 58.27%, 29.53%, 9.02%, 0.82%
06019,10.70%, 51.13%, 40.43%, 6.65%, 1.79%
06021,38.01%, 64.80%, 26.79%, 6.46%, 1.95%
06023,14.24%, 49.39%, 35.15%, 11.17%, 2.03%
06025,19.03%, 55.92%, 36.89%, 5.57%, 1.61%
06027,38.88%, 64.79%, 25.91%, 6.42%, 2.88%
06029,25.99%, 59.65%, 33.65%, 4.75%, 1.95%
06031,16.99%, 55.37%, 38.37%, 4.74%, 1.52%
06033,17.75%, 53.64%, 35.90%, 6.95%, 0.98%
06035,18.58%, 54.45%, 35.87%, 6.62%, 3.05%
06037,10.03%, 50.18%, 40.15%, 7.21%, 2.46%
06039,14.24%, 53.58%, 39.35%, 5.12%, 1.95%
06041,9.63%, 45.78%, 36.16%, 12.72%, 0.29%
06043,21.27%, 54.96%, 33.68%, 8.17%, 3.19%
06045,5.84%, 44.05%, 38.21%, 9.73%, 0.66%
06047,5.83%, 48.77%, 42.94%, 6.26%, 2.03%
06049,38.33%, 64.48%, 26.15%, 7.33%, 2.05%
06051,37.04%, 62.32%, 25.29%, 8.83%, 0.85%
06053,21.16%, 54.67%, 33.51%, 9.23%, 2.59%
06055,19.83%, 53.67%, 33.83%, 9.58%, 0.87%
06057,28.95%, 57.91%, 28.96%, 8.51%, 1.23%
06059,45.26%, 67.90%, 22.65%, 7.09%, 2.36%
06061,21.13%, 54.78%, 33.65%, 8.47%, 0.73%
06063,15.57%, 51.24%, 35.67%, 9.59%, 3.49%
06065,28.36%, 59.87%, 31.51%, 6.73%, 1.90%
06067,7.35%, 47.72%, 40.37%, 9.21%, 2.70%
06069,17.17%, 53.33%, 36.16%, 7.26%, 0.75%
06071,28.01%, 59.68%, 31.67%, 6.59%, 2.06%
06073,33.55%, 60.81%, 27.26%, 9.41%, 2.52%
06075,20.56%, 31.87%, 52.43%, 11.56%, 2.11%
06077,19.82%, 55.38%, 35.56%, 7.20%, 1.86%
06079,26.07%, 55.56%, 29.50%, 12.09%, 2.85%
06081,12.22%, 48.82%, 36.60%, 11.73%, 2.86%
06083,22.47%, 53.98%, 31.51%, 11.46%, 3.05%
06085,13.01%, 48.02%, 35.01%, 13.73%, 0.93%
06087,5.83%, 43.53%, 37.70%, 12.34%, 0.59%
06089,25.69%, 58.09%, 32.40%, 6.79%, 0.69%
06091,11.87%, 49.77%, 37.89%, 9.08%, 3.26%
06093,21.91%, 55.75%, 33.84%, 7.58%, 2.83%
06095,12.35%, 50.72%, 38.37%, 8.32%, 2.59%
06097,12.01%, 48.20%, 36.19%, 11.17%, 2.14%
06099,9.40%, 49.41%, 40.01%, 8.47%, 2.11%
06101,35.97%, 63.47%, 27.50%, 5.87%, 0.60%
06103,27.87%, 59.13%, 31.26%, 6.56%, 0.87%
06105,23.69%, 54.96%, 31.27%, 9.12%, 1.44%
06107,22.81%, 58.32%, 35.51%, 4.58%, 1.60%
06109,20.92%, 54.85%, 33.92%, 8.65%, 2.58%
06111,30.75%, 60.28%, 29.54%, 7.81%, 2.37%
06113,3.87%, 39.45%, 43.32%, 13.42%, 3.81%
06115,21.59%, 56.28%, 34.70%, 6.22%, 0.72%
08001,13.60%, 50.50%, 36.90%, 9.82%, 0.37%
08003,16.16%, 53.87%, 37.72%, 5.99%, 2.42%
08005,38.64%, 62.19%, 23.56%, 11.98%, 2.27%
08007,37.89%, 65.89%, 28.00%, 4.37%, 1.74%
08009,53.79%, 74.26%, 20.47%, 3.94%, 1.34%
08011,13.39%, 51.76%, 38.37%, 7.04%, 2.83%
08013,14.10%, 46.74%, 32.64%, 15.75%, 1.85%
08014,0%,-,-,-,-
08015,31.84%, 60.73%, 28.90%, 7.89%, 2.48%
08017,39.87%, 65.86%, 25.99%, 6.13%, 2.02%
08019,29.85%, 56.22%, 26.38%, 12.67%, 0.76%
08021,2.91%, 49.41%, 46.50%, 2.78%, 1.30%
08023,34.55%, 30.89%, 65.45%, 2.40%, 1.26%
08025,30.82%, 62.86%, 32.04%, 3.87%, 1.22%
08027,43.86%, 66.73%, 22.87%, 5.84%, 0.50%
08029,41.52%, 66.97%, 25.45%, 4.93%, 2.66%
08031,1.19%, 42.19%, 41.00%, 13.66%, 1.03%
08033,56.06%, 75.28%, 19.22%, 3.92%, 1.59%
08035,51.90%, 70.08%, 18.18%, 9.12%, 0.33%
08037,24.98%, 52.63%, 27.65%, 15.58%, 0.83%
08039,45.13%, 67.49%, 22.36%, 7.62%, 0.16%
08041,37.25%, 63.66%, 26.41%, 7.58%, 2.35%
08043,26.50%, 59.13%, 32.63%, 6.03%, 2.21%
08045,29.78%, 58.08%, 28.30%, 10.49%, 0.71%
08047,18.24%, 50.04%, 31.80%, 12.62%, 1.59%
08049,37.72%, 61.28%, 23.56%, 11.86%, 0.37%
08051,29.36%, 55.45%, 26.10%, 14.16%, 1.57%
08053,46.43%, 69.05%, 22.62%, 3.87%, 0.89%
08055,10.42%, 41.49%, 51.91%, 4.82%, 1.78%
08057,36.83%, 63.55%, 26.72%, 7.55%, 2.17%
08059,34.12%, 59.66%, 25.54%, 12.01%, 0.38%
08061,36.50%, 65.06%, 28.56%, 5.26%, 1.12%
08063,50.15%, 71.78%, 21.63%, 5.06%, 1.53%
08065,5.36%, 45.45%, 40.10%, 9.55%, 0.93%
08067,34.89%, 59.76%, 24.87%, 12.60%, 2.78%
08069,29.89%, 56.51%, 26.62%, 13.86%, 0.70%
08071,16.20%, 39.37%, 55.57%, 3.75%, 1.31%
08073,39.35%, 64.74%, 25.39%, 7.38%, 0.08%
08075,35.04%, 63.16%, 28.12%, 7.09%, 1.63%
08077,45.99%, 68.92%, 22.93%, 6.09%, 2.06%
08079,32.44%, 60.22%, 27.78%, 9.11%,-
08081,45.99%, 67.90%, 21.91%, 6.68%, 0.69%
08083,44.17%, 68.60%, 24.43%, 4.58%, 0.33%
08085,45.44%, 68.21%, 22.78%, 6.48%, 0.23%
08087,35.55%, 62.50%, 26.95%, 8.32%, 2.23%
08089,17.12%, 54.55%, 37.43%, 6.50%, 1.52%
08091,47.96%, 67.69%, 19.73%, 10.74%, 1.83%
08093,34.70%, 59.34%, 24.64%, 10.71%, 0.84%
08095,36.02%, 63.21%, 27.19%, 8.20%, 1.40%
08097,7.25%, 39.75%, 32.49%, 20.82%, 1.68%
08099,27.74%, 59.77%, 32.02%, 6.52%, 1.69%
08101,2.38%, 44.72%, 47.10%, 6.68%, 1.50%
08103,57.01%, 74.46%, 17.45%, 5.40%, 0.30%
08105,32.84%, 63.37%, 30.53%, 4.12%, 1.98%
08107,24.32%, 53.33%, 29.01%, 13.73%, 0.51%
08109,10.82%, 52.65%, 41.83%, 3.33%, 2.20%
08111,22.22%, 48.82%, 26.59%, 17.12%, 0.91%
08113,6.80%, 42.79%, 35.99%, 16.42%, 1.77%
08115,41.74%, 67.39%, 25.64%, 5.85%, 1.11%
08117,17.04%, 46.54%, 29.51%, 19.40%, 0.71%
08119,44.65%, 66.28%, 21.63%, 8.69%, 0.51%
08121,51.19%, 71.40%, 20.21%, 5.69%, 0.21%
08123,30.67%, 58.80%, 28.13%, 10.60%, 2.47%
08125,46.58%, 68.89%, 22.31%, 6.82%, 1.97%
09001,21.17%, 54.88%, 33.71%, 10.42%, 1.00%
09003,3.87%, 40.46%, 44.33%, 14.23%, 0.97%
09005,15.74%, 50.72%, 34.98%, 13.13%, 1.17%
09007,6.63%, 45.53%, 38.90%, 14.23%, 1.34%
09009,11.29%, 50.05%, 38.76%, 10.20%, 0.99%
09011,10.76%, 47.96%, 37.21%, 13.79%, 1.04%
09013,7.09%, 43.95%, 36.86%, 17.69%, 1.50%
09015,8.65%, 47.82%, 39.18%, 11.58%, 1.42%
10001,6.69%, 49.84%, 43.15%, 6.13%, 0.89%
10003,0.00%, 45.66%, 45.66%, 7.62%, 1.07%
10005,9.36%, 52.09%, 42.73%, 4.36%, 0.82%
11001,61.49%, 13.41%, 74.89%, 9.28%, 2.42%
12001,13.72%, 38.56%, 52.27%, 8.13%, 1.04%
12003,6.59%, 45.88%, 52.47%,-, 1.65%
12005,24.76%, 60.61%, 35.85%, 2.14%, 1.40%
12007,9.11%, 44.50%, 53.61%,-, 1.89%
12009,26.34%, 60.07%, 33.73%, 5.07%, 1.13%
12011,20.31%, 55.95%, 35.64%, 7.69%, 0.73%
12013,20.49%, 38.72%, 59.22%,-, 2.06%
12015,33.81%, 64.62%, 30.82%, 3.82%, 0.74%
12017,20.97%, 58.48%, 37.50%, 3.22%, 0.80%
12019,33.22%, 64.85%, 31.63%, 2.87%, 0.65%
12021,48.08%, 71.10%, 23.02%, 4.99%, 0.88%
12023,0.32%, 48.45%, 48.76%, 2.13%, 0.66%
12027,10.23%, 53.40%, 43.17%, 2.47%, 0.97%
12029,28.65%, 34.70%, 63.35%,-, 1.95%
12031,4.19%, 50.45%, 46.26%, 2.65%, 0.63%
12033,20.64%, 58.49%, 37.84%, 2.97%, 0.70%
12035,7.00%, 51.70%, 44.70%, 2.75%, 0.86%
12037,7.89%, 44.59%, 52.48%,-, 2.93%
12039,36.84%, 30.41%, 67.26%,-, 2.33%
12041,19.12%, 39.13%, 58.25%, 2.01%, 0.61%
12043,4.40%, 45.96%, 50.36%, 2.55%, 1.13%
12045,11.63%, 43.18%, 54.81%,-, 2.01%
12047,18.96%, 39.66%, 58.63%,-, 1.71%
12049,0.08%, 48.82%, 48.74%,-, 2.44%
12051,2.96%, 49.93%, 46.97%, 2.42%, 0.68%
12053,14.78%, 54.99%, 40.21%, 3.87%, 0.94%
12055,27.21%, 61.95%, 34.74%, 2.76%, 0.55%
12057,8.71%, 51.71%, 42.99%, 4.37%, 0.93%
12059,7.39%, 52.41%, 45.02%,-, 2.57%
12061,31.59%, 62.98%, 31.39%, 4.79%, 0.83%
12063,8.60%, 44.76%, 53.36%,-, 1.88%
12065,17.97%, 39.19%, 57.16%, 2.32%, 1.33%
12067,12.83%, 42.67%, 55.50%,-, 1.83%
12069,32.92%, 64.53%, 31.61%, 3.00%, 0.86%
12071,34.78%, 64.51%, 29.73%, 4.47%, 1.30%
12073,6.16%, 43.47%, 49.63%, 5.57%, 1.33%
12075,12.64%, 42.26%, 54.90%, 2.30%, 0.54%
12077,10.48%, 43.81%, 54.29%,-, 1.90%
12079,15.50%, 41.39%, 56.89%,-, 1.72%
12081,28.75%, 61.81%, 33.06%, 4.47%, 0.66%
12083,20.55%, 58.49%, 37.94%, 2.92%, 0.65%
12085,41.23%, 68.05%, 26.82%, 4.38%, 0.75%
12086,10.48%, 50.65%, 40.17%, 8.53%, 0.64%
12087,17.08%, 53.40%, 36.32%, 8.86%, 1.42%
12089,3.40%, 50.60%, 47.20%,-, 2.20%
12091,42.72%, 69.62%, 26.90%, 2.77%, 0.72%
12093,7.17%, 44.81%, 51.98%, 2.51%, 0.69%
12095,27.01%, 61.06%, 34.05%, 3.77%, 1.11%
12097,23.40%, 59.67%, 36.27%, 3.10%, 0.96%
12099,20.42%, 56.79%, 36.37%, 6.01%, 0.83%
12101,18.17%, 56.67%, 38.50%, 4.04%, 0.79%
12103,13.71%, 53.83%, 40.12%, 5.17%, 0.87%
12105,15.35%, 56.11%, 40.75%, 2.47%, 0.67%
12107,3.57%, 46.67%, 50.24%, 2.34%, 0.76%
12109,23.03%, 59.67%, 36.64%, 2.94%, 0.74%
12111,26.08%, 60.76%, 34.69%, 3.73%, 0.82%
12113,31.67%, 63.93%, 32.26%, 2.81%, 1.01%
12115,42.76%, 68.57%, 25.81%, 4.83%, 0.79%
12117,37.30%, 66.16%, 28.86%, 4.07%, 0.91%
12119,8.58%, 44.41%, 52.98%,-, 2.61%
12121,5.29%, 46.22%, 51.51%,-, 2.28%
12123,3.19%, 47.31%, 50.49%,-, 2.20%
12125,4.70%, 46.35%, 51.05%,-, 2.60%
12127,8.00%, 51.69%, 43.69%, 3.25%, 1.37%
12129,1.43%, 47.26%, 48.69%, 2.62%, 1.43%
12131,3.58%, 50.28%, 46.70%, 2.13%, 0.89%
12133,2.16%, 49.92%, 47.75%,-, 2.33%
13001,20.45%, 39.17%, 59.62%,-, 1.22%
13003,31.59%, 33.62%, 65.21%,-, 1.17%
13005,6.28%, 45.94%, 52.22%,-, 1.84%
13007,33.57%, 32.61%, 66.18%,-, 1.21%
13009,8.76%, 43.71%, 52.46%, 2.76%, 1.07%
13011,46.90%, 26.01%, 72.91%,-, 1.08%
13013,25.23%, 36.20%, 61.44%,-, 2.36%
13015,40.13%, 28.89%, 69.01%,-, 2.10%
13017,26.68%, 35.87%, 62.55%,-, 1.57%
13019,31.38%, 33.76%, 65.15%,-, 1.09%
13021,34.48%, 31.53%, 66.01%,-, 2.46%
13023,21.89%, 36.66%, 58.55%,-, 1.37%
13025,39.77%, 29.63%, 69.40%,-, 0.97%
13027,17.87%, 40.40%, 58.27%,-, 1.33%
13029,23.31%, 37.47%, 60.77%,-, 1.76%
13031,13.13%, 42.04%, 55.16%,-, 2.80%
13033,23.56%, 37.49%, 61.05%,-, 1.46%
13035,35.47%, 31.47%, 66.94%,-, 1.59%
13037,36.51%, 31.24%, 67.75%,-, 1.01%
13039,33.42%, 32.39%, 65.81%,-, 1.80%
13043,13.55%, 42.54%, 56.09%,-, 1.36%
13045,16.49%, 40.17%, 56.66%, 2.03%, 1.13%
13047,9.41%, 53.91%, 44.50%,-, 1.59%
13049,30.18%, 34.08%, 64.26%,-, 1.66%
13051,3.37%, 46.67%, 50.04%, 2.19%, 1.10%
13053,29.26%, 34.04%, 63.30%, 2.13%, 0.53%
13055,36.86%, 30.74%, 67.60%,-, 1.66%
13057,6.59%, 44.96%, 51.55%,-, 3.49%
13059,12.19%, 40.68%, 52.86%, 5.33%, 1.14%
13061,47.78%, 25.46%, 73.25%,-, 1.29%
13063,4.26%, 50.35%, 46.10%, 2.43%, 1.12%
13065,43.56%, 27.52%, 71.08%,-, 1.39%
13067,13.38%, 54.25%, 40.87%, 3.37%, 1.52%
13069,23.24%, 37.74%, 60.99%,-, 1.27%
13071,19.41%, 39.62%, 59.03%,-, 1.36%
13073,8.02%, 52.71%, 44.69%, 2.08%, 0.52%
13075,34.55%, 32.25%, 66.80%,-, 0.95%
13077,11.68%, 42.99%, 54.66%,-, 2.35%
13079,43.41%, 27.03%, 70.44%,-, 2.53%
13081,28.84%, 34.80%, 63.64%,-, 1.55%
13083,9.65%, 53.81%, 44.16%,-, 2.04%
13085,18.67%, 39.68%, 58.36%,-, 1.96%
13087,5.17%, 46.76%, 51.93%,-, 1.31%
13089,4.68%, 44.74%, 49.43%, 4.33%, 1.50%
13091,45.19%, 26.64%, 71.83%,-, 1.53%
13093,36.58%, 30.93%, 67.50%,-, 1.57%
13095,2.65%, 47.82%, 50.46%,-, 1.72%
13097,0.97%, 48.78%, 47.81%, 2.14%, 1.28%
13099,15.54%, 41.77%, 57.31%,-, 0.92%
13101,32.69%, 33.08%, 65.77%,-, 1.15%
13103,4.74%, 47.02%, 51.76%,-, 1.23%
13105,33.77%, 32.45%, 66.23%,-, 1.32%
13107,28.35%, 35.18%, 63.53%,-, 1.30%
13109,14.21%, 42.33%, 56.54%,-, 1.13%
13111,11.49%, 54.83%, 43.34%,-, 1.84%
13113,24.20%, 60.20%, 36.00%, 2.58%, 1.21%
13115,19.03%, 39.07%, 58.10%,-, 2.82%
13117,15.10%, 40.81%, 55.91%, 2.07%, 1.22%
13119,43.17%, 27.96%, 71.13%,-, 0.91%
13121,27.94%, 33.68%, 61.62%, 3.50%, 1.21%
13123,1.68%, 47.83%, 49.50%,-, 2.67%
13125,9.14%, 44.82%, 53.95%,-, 1.23%
13127,2.15%, 47.54%, 49.69%,-, 2.76%
13129,24.49%, 36.37%, 60.86%,-, 2.76%
13131,19.64%, 39.44%, 59.08%,-, 1.49%
13133,45.06%, 26.90%, 71.96%,-, 1.15%
13135,10.16%, 52.84%, 42.68%, 2.91%, 1.58%
13137,32.00%, 32.80%, 64.80%,-, 2.40%
13139,21.27%, 37.81%, 59.08%, 2.26%, 0.85%
13141,58.10%, 20.40%, 78.50%,-, 1.10%
13143,23.10%, 37.40%, 60.50%,-, 2.10%
13145,16.31%, 40.49%, 56.80%, 2.02%, 0.69%
13147,47.66%, 25.37%, 73.03%,-, 1.59%
13149,20.72%, 38.33%, 59.05%,-, 2.63%
13151,2.74%, 47.27%, 50.01%,-, 2.72%
13153,9.23%, 43.51%, 52.74%, 2.59%, 1.15%
13155,18.96%, 40.12%, 59.08%,-, 0.80%
13157,34.28%, 31.79%, 66.07%,-, 2.14%
13159,26.85%, 35.39%, 62.24%,-, 2.38%
13161,26.22%, 35.97%, 62.19%,-, 1.84%
13163,34.15%, 32.24%, 66.39%,-, 1.37%
13165,32.41%, 33.05%, 65.46%,-, 1.48%
13167,24.13%, 37.07%, 61.21%,-, 1.72%
13169,27.03%, 35.02%, 62.05%, 2.15%, 0.79%
13171,30.17%, 33.91%, 64.08%,-, 2.01%
13173,40.27%, 29.30%, 69.58%,-, 1.12%
13175,27.69%, 35.07%, 62.76%,-, 2.16%
13177,7.43%, 53.05%, 45.62%,-, 1.34%
13179,34.00%, 32.18%, 66.18%,-, 1.64%
13181,33.24%, 33.03%, 66.27%,-, 0.70%
13183,39.47%, 29.49%, 68.96%,-, 1.55%
13185,4.90%, 51.29%, 46.38%,-, 2.33%
13187,30.05%, 33.19%, 63.24%, 2.69%, 0.88%
13189,15.78%, 41.17%, 56.95%,-, 1.88%
13191,40.28%, 28.73%, 69.01%,-, 2.26%
13193,53.56%, 22.47%, 76.02%,-, 1.51%
13195,12.03%, 43.14%, 55.17%,-, 1.68%
13197,34.24%, 31.98%, 66.22%,-, 1.80%
13199,35.11%, 31.66%, 66.77%,-, 1.57%
13201,11.06%, 43.84%, 54.90%,-, 1.27%
13205,22.80%, 38.10%, 60.89%,-, 1.01%
13207,33.68%, 32.18%, 65.85%,-, 1.97%
13209,27.08%, 35.91%, 62.99%,-, 1.10%
13211,25.96%, 36.04%, 62.00%,-, 1.96%
13213,33.10%, 32.72%, 65.82%,-, 1.47%
13215,20.39%, 38.42%, 58.82%, 2.05%, 0.71%
13217,26.56%, 35.40%, 61.96%,-, 2.64%
13219,1.74%, 47.29%, 49.03%, 2.43%, 1.26%
13221,14.85%, 41.56%, 56.41%,-, 2.03%
13223,23.86%, 36.87%, 60.72%,-, 2.41%
13225,34.29%, 31.76%, 66.05%,-, 2.19%
13227,18.30%, 39.54%, 57.84%,-, 2.62%
13229,29.85%, 34.41%, 64.25%,-, 1.34%
13231,15.64%, 41.08%, 56.72%,-, 2.20%
13233,28.87%, 34.44%, 63.31%,-, 2.24%
13235,26.11%, 35.67%, 61.79%,-, 2.54%
13237,24.71%, 36.70%, 61.41%,-, 1.89%
13239,41.70%, 28.67%, 70.37%,-, 0.96%
13241,35.97%, 30.62%, 66.58%,-, 2.80%
13243,35.80%, 32.05%, 67.85%,-, 0.11%
13245,10.00%, 43.72%, 53.72%,-, 2.56%
13247,8.99%, 52.65%, 43.66%, 2.18%, 1.52%
13249,14.75%, 41.75%, 56.50%,-, 1.75%
13251,17.11%, 40.67%, 57.78%,-, 1.56%
13253,23.06%, 38.04%, 61.10%,-, 0.85%
13255,19.20%, 39.00%, 58.19%, 2.01%, 0.79%
13257,37.12%, 30.56%, 67.68%,-, 1.76%
13259,39.72%, 29.28%, 69.00%,-, 1.72%
13261,24.80%, 36.69%, 61.49%,-, 1.82%
13263,47.39%, 25.50%, 72.89%,-, 1.60%
13265,41.93%, 28.30%, 70.23%,-, 1.47%
13267,15.63%, 41.62%, 57.26%,-, 1.12%
13269,38.18%, 30.21%, 68.38%,-, 1.41%
13271,38.75%, 29.76%, 68.51%,-, 1.73%
13273,18.48%, 40.29%, 58.77%,-, 0.94%
13275,13.79%, 42.26%, 56.05%,-, 1.69%
13277,16.11%, 40.89%, 56.99%,-, 2.12%
13279,6.78%, 45.75%, 52.53%,-, 1.73%
13281,1.14%, 48.12%, 49.27%,-, 2.61%
13283,31.89%, 33.33%, 65.22%,-, 1.45%
13285,17.26%, 40.20%, 57.46%,-, 2.35%
13287,37.38%, 30.74%, 68.13%,-, 1.13%
13289,49.19%, 25.07%, 74.26%,-, 0.67%
13291,4.65%, 46.69%, 51.34%,-, 1.96%
13293,25.21%, 36.52%, 61.73%,-, 1.76%
13295,1.97%, 50.16%, 48.18%,-, 1.66%
13297,26.11%, 35.85%, 61.96%,-, 2.19%
13299,25.57%, 36.65%, 62.22%,-, 1.13%
13301,31.80%, 33.56%, 65.36%,-, 1.08%
13303,30.39%, 33.97%, 64.35%,-, 1.68%
13305,26.47%, 35.94%, 62.42%,-, 1.64%
13307,31.49%, 33.19%, 64.68%,-, 2.13%
13309,47.99%, 25.16%, 73.15%,-, 1.69%
13311,25.62%, 35.75%, 61.36%,-, 2.89%
13313,20.00%, 38.96%, 58.95%,-, 2.09%
13315,36.24%, 31.44%, 67.68%,-, 0.87%
13317,31.41%, 33.45%, 64.86%,-, 1.68%
13319,35.36%, 31.60%, 66.96%,-, 1.44%
13321,10.46%, 44.22%, 54.68%,-, 1.11%
15001,9.43%, 39.73%, 49.16%, 8.62%, 2.49%
15003,1.39%, 44.27%, 42.88%, 11.26%, 1.60%
15005,0%,-,-,-,-
15007,19.24%, 35.39%, 54.64%, 8.13%, 1.84%
15009,8.99%, 40.23%, 49.22%, 8.69%, 1.87%
16001,39.15%, 63.79%, 24.64%, 9.23%, 0.18%
16003,31.58%, 62.68%, 31.10%, 4.64%, 1.58%
16005,32.95%, 61.88%, 28.93%, 6.35%, 0.25%
16007,68.21%, 82.45%, 14.24%,-, 3.31%
16009,19.50%, 54.89%, 35.39%, 7.44%, 0.10%
16011,57.13%, 76.07%, 18.94%, 3.16%, 1.83%
16013,15.84%, 49.12%, 33.28%, 14.02%, 0.18%
16015,33.37%, 61.43%, 28.06%, 5.96%, 0.16%
16017,22.34%, 56.34%, 34.00%, 7.37%, 0.19%
16019,61.70%, 77.55%, 15.85%, 4.25%, 0.20%
16021,28.49%, 59.44%, 30.94%, 6.40%, 0.20%
16023,48.22%, 72.24%, 24.02%,-, 3.74%
16025,40.57%, 67.92%, 27.36%, 3.02%, 1.70%
16027,42.21%, 67.68%, 25.47%, 4.99%, 1.86%
16029,70.73%, 83.09%, 12.36%, 2.72%, 1.82%
16031,62.26%, 78.84%, 16.58%, 2.57%, 2.02%
16033,60.46%, 78.47%, 18.01%, 2.28%, 1.24%
16035,11.10%, 50.49%, 39.38%, 6.75%, 0.39%
16037,52.58%, 73.50%, 20.93%, 3.36%, 0.11%
16039,36.28%, 64.87%, 28.59%, 5.05%, 1.49%
16041,73.42%, 85.31%, 11.88%,-, 2.81%
16043,61.70%, 79.33%, 17.63%, 2.06%, 0.99%
16045,37.60%, 65.77%, 28.17%, 3.81%, 2.25%
16047,42.42%, 68.43%, 26.01%, 3.83%, 1.74%
16049,33.18%, 62.56%, 29.38%, 5.78%, 2.28%
16051,72.51%, 84.52%, 12.02%,-, 3.46%
16053,54.25%, 74.90%, 20.65%, 2.69%, 1.77%
16055,35.30%, 63.25%, 27.95%, 6.72%, 2.08%
16057,12.96%, 46.78%, 33.82%, 16.55%, 0.23%
16059,50.07%, 71.53%, 21.47%, 4.51%, 0.19%
16061,15.29%, 53.00%, 37.70%, 7.79%, 1.51%
16063,44.44%, 69.12%, 24.68%, 4.43%, 1.76%
16065,78.59%, 88.41%, 9.82%,-, 1.77%
16067,53.45%, 74.22%, 20.77%, 3.20%, 1.81%
16069,5.91%, 47.61%, 41.70%, 8.54%, 2.16%
16071,52.13%, 74.16%, 22.03%, 2.54%, 1.27%
16073,48.57%, 71.88%, 23.31%, 2.96%, 1.85%
16075,39.92%, 67.14%, 27.23%, 3.77%, 1.86%
16077,47.98%, 71.11%, 23.13%, 3.79%, 1.97%
16079,11.62%, 52.04%, 40.42%, 5.30%, 2.24%
16081,51.42%, 72.78%, 21.35%, 3.97%, 1.90%
16083,53.10%, 73.50%, 20.39%, 4.12%, 1.99%
16085,34.08%, 62.38%, 28.30%, 7.49%, 1.83%
16087,32.58%, 63.58%, 30.99%, 3.75%, 1.68%
17001,28.94%, 62.17%, 33.23%, 3.77%, 0.84%
17003,4.84%, 46.67%, 51.51%,-, 1.81%
17005,20.76%, 58.39%, 37.63%, 3.24%, 0.74%
17007,30.33%, 57.66%, 27.34%, 13.59%, 1.41%
17009,26.37%, 61.66%, 35.29%, 2.19%, 0.85%
17011,30.83%, 61.79%, 30.95%, 5.88%, 1.38%
17013,13.23%, 54.96%, 41.73%, 2.63%, 0.69%
17015,36.52%, 63.37%, 26.85%, 8.79%, 1.00%
17017,21.00%, 58.57%, 37.56%, 2.94%, 0.93%
17019,18.84%, 50.99%, 32.16%, 15.26%, 1.59%
17021,13.38%, 54.69%, 41.31%, 3.11%, 0.89%
17023,30.24%, 63.19%, 32.94%, 2.80%, 1.06%
17025,25.60%, 61.20%, 35.60%, 2.57%, 0.62%
17027,29.65%, 62.53%, 32.88%, 3.88%, 0.70%
17029,25.40%, 58.02%, 32.62%, 8.35%, 1.01%
17031,12.39%, 39.60%, 51.99%, 6.92%, 1.49%
17033,25.97%, 60.70%, 34.73%, 3.51%, 1.06%
17035,23.96%, 59.73%, 35.77%, 3.59%, 0.91%
17037,24.56%, 53.91%, 29.35%, 14.91%, 1.83%
17039,32.49%, 63.29%, 30.80%, 5.01%, 0.90%
17041,33.35%, 64.26%, 30.91%, 4.15%, 0.68%
17043,39.80%, 64.02%, 24.23%, 10.47%, 1.28%
17045,30.86%, 63.14%, 32.28%, 3.80%, 0.78%
17047,40.39%, 68.14%, 27.75%, 3.15%, 0.96%
17049,35.31%, 65.93%, 30.63%, 2.85%, 0.59%
17051,27.95%, 62.67%, 34.72%, 2.20%, 0.40%
17053,44.65%, 69.64%, 24.99%, 4.55%, 0.82%
17055,1.54%, 49.01%, 47.47%, 2.81%, 0.72%
17057,14.95%, 54.42%, 39.46%, 4.42%, 1.70%
17059,0.63%, 49.05%, 48.41%, 2.25%, 0.29%
17061,22.71%, 59.33%, 36.62%, 3.09%, 0.97%
17063,33.53%, 63.59%, 30.07%, 5.31%, 1.03%
17065,23.17%, 59.64%, 36.47%, 3.13%, 0.75%
17067,29.05%, 62.32%, 33.27%, 3.62%, 0.78%
17069,13.07%, 55.27%, 42.20%,-, 2.54%
17071,19.64%, 57.54%, 37.89%, 3.37%, 1.20%
17073,26.97%, 59.93%, 32.95%, 5.95%, 1.17%
17075,51.45%, 73.38%, 21.94%, 3.86%, 0.82%
17077,0.90%, 44.08%, 43.19%, 10.60%, 2.13%
17079,30.33%, 63.22%, 32.89%, 2.80%, 1.09%
17081,13.53%, 54.91%, 41.38%, 3.10%, 0.62%
17083,21.61%, 58.61%, 36.99%, 3.49%, 0.90%
17085,27.96%, 57.81%, 29.85%, 10.96%, 1.38%
17087,33.04%, 65.49%, 32.45%,-, 2.07%
17089,33.81%, 61.77%, 27.96%, 8.84%, 1.43%
17091,22.47%, 58.25%, 35.78%, 4.41%, 1.55%
17093,48.06%, 69.99%, 21.94%, 6.83%, 1.24%
17095,23.51%, 56.90%, 33.40%, 7.90%, 1.81%
17097,29.16%, 58.45%, 29.29%, 10.75%, 1.51%
17099,21.96%, 57.12%, 35.16%, 6.36%, 1.37%
17101,18.11%, 56.68%, 38.57%, 3.73%, 1.02%
17103,53.14%, 73.67%, 20.53%, 5.06%, 0.74%
17105,44.18%, 68.62%, 24.44%, 5.83%, 1.12%
17107,40.13%, 67.39%, 27.26%, 4.52%, 0.83%
17109,33.60%, 61.66%, 28.06%, 8.43%, 1.86%
17111,41.37%, 64.95%, 23.58%, 9.52%, 1.94%
17113,33.53%, 61.13%, 27.60%, 10.08%, 1.19%
17115,11.07%, 52.45%, 41.38%, 5.20%, 0.98%
17117,13.49%, 54.27%, 40.78%, 4.03%, 0.92%
17119,7.29%, 51.10%, 43.81%, 4.20%, 0.90%
17121,21.30%, 58.73%, 37.42%, 3.04%, 0.81%
17123,36.45%, 64.80%, 28.36%, 5.01%, 1.83%
17125,25.53%, 60.37%, 34.84%, 3.47%, 1.33%
17127,20.12%, 58.91%, 38.79%,-, 2.30%
17129,36.74%, 65.45%, 28.71%, 4.95%, 0.89%
17131,19.47%, 56.18%, 36.71%, 5.90%, 1.21%
17133,32.18%, 63.63%, 31.45%, 4.08%, 0.84%
17135,20.93%, 58.04%, 37.11%, 3.96%, 0.88%
17137,28.96%, 61.22%, 32.26%, 5.30%, 1.22%
17139,18.88%, 56.73%, 37.85%, 4.54%, 0.88%
17141,44.86%, 66.41%, 21.55%, 10.82%, 1.21%
17143,23.40%, 57.26%, 33.86%, 7.39%, 1.50%
17145,14.62%, 55.49%, 40.88%, 3.01%, 0.62%
17147,31.29%, 62.25%, 30.97%, 5.72%, 1.06%
17149,17.16%, 56.63%, 39.47%, 3.24%, 0.66%
17151,25.30%, 61.14%, 35.85%, 2.36%, 0.65%
17153,3.12%, 50.82%, 47.69%,-, 1.49%
17155,23.46%, 57.38%, 33.92%, 6.88%, 1.82%
17157,17.80%, 56.86%, 39.06%, 3.32%, 0.76%
17159,34.19%, 64.50%, 30.31%, 4.41%, 0.79%
17161,6.61%, 48.47%, 41.86%, 8.11%, 1.57%
17163,3.96%, 45.76%, 49.71%, 3.85%, 0.68%
17165,11.11%, 53.95%, 42.84%, 2.42%, 0.78%
17167,23.50%, 57.95%, 34.45%, 6.38%, 1.21%
17169,30.36%, 62.76%, 32.40%, 3.48%, 1.37%
17171,34.48%, 65.42%, 30.93%, 2.63%, 1.02%
17173,22.52%, 59.12%, 36.61%, 3.50%, 0.77%
17175,45.92%, 69.76%, 23.85%, 4.35%, 2.04%
17177,22.48%, 52.87%, 30.39%, 15.43%, 1.32%
17179,32.87%, 62.84%, 29.97%, 5.68%, 1.51%
17181,6.02%, 50.81%, 44.79%, 3.45%, 0.95%
17183,20.42%, 57.07%, 36.64%, 5.33%, 0.96%
17185,27.34%, 61.18%, 33.84%, 3.94%, 1.05%
17187,32.09%, 62.47%, 30.38%, 5.39%, 1.75%
17189,41.17%, 68.98%, 27.80%, 2.64%, 0.58%
17191,28.83%, 62.92%, 34.09%, 2.32%, 0.67%
17193,20.02%, 58.19%, 38.17%, 3.02%, 0.62%
17195,39.13%, 66.72%, 27.59%, 4.77%, 0.93%
17197,22.65%, 57.44%, 34.79%, 6.51%, 1.26%
17199,14.00%, 55.10%, 41.10%, 3.02%, 0.78%
17201,15.64%, 46.46%, 30.82%, 21.50%, 1.22%
17203,47.41%, 70.68%, 23.26%, 4.66%, 1.40%
18001,14.15%, 53.16%, 39.01%, 6.40%, 1.42%
18003,25.87%, 57.63%, 31.76%, 8.72%, 1.88%
18005,24.25%, 58.58%, 34.33%, 5.95%, 1.15%
18007,33.63%, 64.26%, 30.63%, 3.77%, 1.35%
18009,12.36%, 53.14%, 40.77%, 4.33%, 1.76%
18011,37.51%, 66.11%, 28.60%, 4.29%, 1.00%
18013,16.44%, 54.51%, 38.06%, 4.48%, 2.95%
18015,26.39%, 60.49%, 34.10%, 3.89%, 1.53%
18017,30.98%, 62.93%, 31.95%, 3.81%, 1.31%
18019,4.40%, 49.74%, 45.34%, 3.53%, 1.39%
18021,22.16%, 59.09%, 36.94%, 2.63%, 1.34%
18023,20.77%, 58.43%, 37.66%, 3.06%, 0.85%
18025,8.72%, 52.51%, 43.79%, 2.55%, 1.15%
18027,25.71%, 60.89%, 35.18%, 2.99%, 0.94%
18029,17.60%, 56.36%, 38.76%, 3.50%, 1.38%
18031,21.84%, 58.48%, 36.64%, 3.79%, 1.10%
18033,21.33%, 56.53%, 35.20%, 6.33%, 1.94%
18035,14.09%, 53.83%, 39.74%, 5.21%, 1.21%
18037,0.53%, 47.46%, 46.93%, 4.05%, 1.56%
18039,31.02%, 61.40%, 30.38%, 6.65%, 1.58%
18041,15.84%, 55.94%, 40.10%, 2.73%, 1.22%
18043,3.59%, 48.91%, 45.33%, 4.11%, 1.65%
18045,28.73%, 62.18%, 33.45%, 3.29%, 1.08%
18047,22.30%, 59.10%, 36.80%, 3.04%, 1.06%
18049,30.59%, 62.53%, 31.94%, 4.00%, 1.52%
18051,5.33%, 50.32%, 44.99%, 3.89%, 0.80%
18053,28.11%, 61.72%, 33.61%, 3.37%, 1.29%
18055,10.11%, 52.86%, 42.75%, 2.12%, 2.27%
18057,54.30%, 74.22%, 19.92%, 4.91%, 0.95%
18059,38.42%, 66.67%, 28.25%, 4.11%, 0.96%
18061,12.26%, 54.23%, 41.96%, 2.94%, 0.87%
18063,42.52%, 68.88%, 26.36%, 3.73%, 1.03%
18065,24.05%, 60.03%, 35.98%, 2.65%, 1.34%
18067,23.27%, 59.24%, 35.97%, 3.69%, 1.11%
18069,25.61%, 59.59%, 33.98%, 5.17%, 1.26%
18071,15.54%, 55.85%, 40.30%, 2.70%, 1.15%
18073,40.66%, 68.09%, 27.43%, 3.05%, 1.43%
18075,22.73%, 58.06%, 35.33%, 5.25%, 1.37%
18077,10.20%, 52.20%, 42.00%, 3.64%, 2.16%
18079,15.95%, 55.98%, 40.02%, 2.86%, 1.14%
18081,38.35%, 66.34%, 27.99%, 4.47%, 1.20%
18083,11.98%, 53.57%, 41.59%, 3.28%, 1.56%
18085,43.77%, 68.78%, 25.01%, 5.12%, 1.10%
18087,31.75%, 62.49%, 30.74%, 5.53%, 1.23%
18089,2.77%, 46.02%, 48.78%, 3.99%, 1.21%
18091,17.36%, 55.32%, 37.96%, 5.13%, 1.60%
18093,29.02%, 62.71%, 33.68%, 2.20%, 1.41%
18095,19.37%, 57.31%, 37.93%, 3.85%, 0.91%
18097,13.55%, 53.67%, 40.13%, 5.00%, 1.20%
18099,31.05%, 62.21%, 31.16%, 5.09%, 1.54%
18101,10.43%, 53.33%, 42.90%, 2.58%, 1.19%
18103,26.18%, 60.63%, 34.44%, 3.55%, 1.38%
18105,13.33%, 49.42%, 36.09%, 10.63%, 1.76%
18107,38.73%, 66.61%, 27.87%, 4.17%, 1.35%
18109,40.55%, 68.53%, 27.98%, 2.56%, 0.93%
18111,38.19%, 66.81%, 28.61%, 3.37%, 1.21%
18113,21.86%, 57.40%, 35.54%, 5.64%, 1.42%
18115,7.85%, 52.23%, 44.38%, 2.36%, 1.03%
18117,21.56%, 59.28%, 37.72%, 2.11%, 0.89%
18119,21.04%, 58.47%, 37.43%, 3.03%, 1.08%
18121,29.57%, 62.82%, 33.25%, 2.65%, 1.29%
18123,2.01%, 45.94%, 47.95%, 4.73%, 1.37%
18125,0.04%, 48.09%, 48.13%, 2.73%, 1.05%
18127,36.71%, 64.20%, 27.49%, 6.54%, 1.78%
18129,14.36%, 53.69%, 39.33%, 5.87%, 1.11%
18131,28.91%, 62.06%, 33.15%, 2.77%, 2.01%
18133,26.34%, 60.35%, 34.01%, 4.26%, 1.37%
18135,30.16%, 62.65%, 32.49%, 3.44%, 1.43%
18137,17.08%, 56.39%, 39.30%, 2.96%, 1.35%
18139,32.50%, 64.29%, 31.79%, 2.98%, 0.93%
18141,6.20%, 49.08%, 42.88%, 6.75%, 1.29%
18143,3.57%, 46.83%, 50.40%,-, 2.77%
18145,27.03%, 61.20%, 34.17%, 3.58%, 1.04%
18147,11.65%, 54.45%, 42.79%, 2.02%, 0.74%
18149,15.59%, 55.27%, 39.68%, 3.26%, 1.79%
18151,34.01%, 62.94%, 28.93%, 6.68%, 1.44%
18153,1.43%, 49.05%, 47.62%, 2.33%, 1.00%
18155,3.57%, 47.14%, 50.71%,-, 2.14%
18157,26.72%, 56.92%, 30.20%, 10.61%, 2.28%
18159,32.25%, 63.81%, 31.56%, 3.53%, 1.10%
18161,31.22%, 63.53%, 32.30%, 3.31%, 0.86%
18163,8.90%, 51.07%, 42.17%, 5.85%, 0.92%
18165,4.79%, 49.94%, 45.15%, 3.20%, 1.70%
18167,10.47%, 51.87%, 41.40%, 5.34%, 1.39%
18169,28.66%, 60.82%, 32.15%, 5.55%, 1.48%
18171,33.15%, 64.11%, 30.96%, 3.49%, 1.44%
18173,11.08%, 52.39%, 41.31%, 5.37%, 0.93%
18175,16.90%, 56.30%, 39.40%, 2.05%, 2.25%
18177,26.32%, 60.53%, 34.22%, 4.19%, 1.06%
18179,20.14%, 56.14%, 36.00%, 6.86%, 1.00%
18181,34.56%, 64.48%, 29.91%, 4.29%, 1.32%
18183,20.66%, 55.74%, 35.08%, 7.24%, 1.95%
19001,29.15%, 60.16%, 31.01%, 7.59%, 1.24%
19003,28.12%, 59.62%, 31.50%, 7.17%, 1.71%
19005,27.79%, 60.73%, 32.95%, 5.21%, 1.11%
19007,11.52%, 52.68%, 41.16%, 5.25%, 0.92%
19009,22.44%, 57.96%, 35.52%, 5.77%, 0.76%
19011,10.40%, 50.11%, 39.71%, 8.91%, 1.27%
19013,3.43%, 46.49%, 43.07%, 9.18%, 1.26%
19015,5.01%, 47.42%, 42.41%, 8.94%, 1.22%
19017,28.09%, 59.25%, 31.16%, 8.57%, 1.02%
19019,15.24%, 53.50%, 38.26%, 7.31%, 0.92%
19021,18.64%, 54.49%, 35.84%, 7.97%, 1.71%
19023,38.18%, 65.90%, 27.73%, 5.46%, 0.91%
19025,23.44%, 57.41%, 33.98%, 6.43%, 2.18%
19027,11.63%, 51.53%, 39.90%, 7.56%, 1.02%
19029,39.56%, 66.34%, 26.78%, 5.85%, 1.03%
19031,23.20%, 56.41%, 33.21%, 8.94%, 1.45%
19033,8.00%, 49.01%, 41.02%, 8.87%, 1.10%
19035,18.24%, 54.49%, 36.25%, 7.99%, 1.27%
19037,13.37%, 52.86%, 39.49%, 6.73%, 0.93%
19039,18.23%, 54.88%, 36.65%, 7.04%, 1.43%
19041,14.83%, 51.11%, 36.27%, 11.31%, 1.31%
19043,19.75%, 55.56%, 35.81%, 7.27%, 1.36%
19045,13.20%, 51.66%, 38.47%, 8.49%, 1.38%
19047,29.78%, 61.02%, 31.24%, 6.36%, 1.37%
19049,7.61%, 48.57%, 40.96%, 9.26%, 1.22%
19051,7.99%, 50.97%, 42.98%, 5.09%, 0.97%
19053,3.53%, 47.67%, 44.14%, 6.85%, 1.34%
19055,21.11%, 55.38%, 34.27%, 9.33%, 1.03%
19057,4.01%, 44.85%, 48.87%, 5.10%, 1.18%
19059,18.92%, 54.13%, 35.21%, 9.23%, 1.44%
19061,0.10%, 44.90%, 44.99%, 8.93%, 1.19%
19063,15.88%, 53.49%, 37.61%, 7.79%, 1.10%
19065,17.33%, 55.32%, 37.98%, 5.61%, 1.08%
19067,11.31%, 51.16%, 39.86%, 7.98%, 1.00%
19069,24.11%, 57.90%, 33.79%, 7.15%, 1.16%
19071,36.07%, 65.19%, 29.12%, 4.62%, 1.07%
19073,15.89%, 53.11%, 37.21%, 8.59%, 1.09%
19075,39.50%, 66.10%, 26.60%, 6.26%, 1.04%
19077,24.45%, 58.29%, 33.84%, 6.96%, 0.91%
19079,24.24%, 57.40%, 33.16%, 8.21%, 1.22%
19081,28.94%, 60.42%, 31.48%, 7.58%, 0.51%
19083,15.85%, 53.72%, 37.87%, 7.36%, 1.05%
19085,33.32%, 63.83%, 30.51%, 4.41%, 1.25%
19087,13.15%, 52.35%, 39.20%, 7.43%, 1.02%
19089,13.65%, 53.35%, 39.71%, 6.03%, 0.91%
19091,29.41%, 60.60%, 31.19%, 6.68%, 1.53%
19093,36.52%, 64.88%, 28.36%, 5.83%, 0.92%
19095,20.57%, 55.21%, 34.65%, 8.87%, 1.28%
19097,10.98%, 51.17%, 40.19%, 7.11%, 1.54%
19099,6.06%, 48.84%, 42.78%, 7.20%, 1.18%
19101,20.85%, 56.16%, 35.31%, 6.92%, 1.62%
19103,15.07%, 31.73%, 46.80%, 18.84%, 2.63%
19105,11.05%, 50.56%, 39.50%, 8.52%, 1.42%
19107,12.64%, 52.64%, 40.00%, 6.18%, 1.19%
19109,17.13%, 54.26%, 37.13%, 7.55%, 1.06%
19111,3.22%, 48.14%, 44.92%, 5.73%, 1.21%
19113,5.50%, 46.35%, 40.84%, 11.22%, 1.59%
19115,18.11%, 55.19%, 37.09%, 6.35%, 1.37%
19117,12.25%, 52.61%, 40.35%, 5.90%, 1.14%
19119,47.00%, 70.05%, 23.05%, 6.04%, 0.85%
19121,12.85%, 51.79%, 38.93%, 7.88%, 1.40%
19123,16.23%, 54.52%, 38.29%, 5.82%, 1.37%
19125,8.69%, 49.30%, 40.61%, 9.11%, 0.97%
19127,18.31%, 54.56%, 36.25%, 7.85%, 1.35%
19129,45.09%, 69.09%, 24.00%, 5.42%, 1.49%
19131,23.21%, 58.00%, 34.79%, 6.16%, 1.06%
19133,30.43%, 61.85%, 31.42%, 5.20%, 1.53%
19135,3.33%, 48.65%, 45.32%, 5.25%, 0.78%
19137,42.27%, 67.97%, 25.70%, 4.97%, 1.35%
19139,14.74%, 51.69%, 36.96%, 10.05%, 1.30%
19141,35.14%, 63.61%, 28.48%, 6.91%, 1.01%
19143,32.30%, 62.45%, 30.15%, 6.71%, 0.69%
19145,49.24%, 71.93%, 22.69%, 4.56%, 0.82%
19147,9.42%, 50.69%, 41.27%, 6.90%, 1.14%
19149,34.31%, 62.97%, 28.66%, 7.31%, 1.06%
19151,21.72%, 56.17%, 34.45%, 6.98%, 2.39%
19153,1.51%, 44.63%, 43.12%, 11.00%, 1.25%
19155,28.68%, 60.96%, 32.29%, 5.64%, 1.11%
19157,11.74%, 50.52%, 38.77%, 9.02%, 1.69%
19159,22.58%, 57.95%, 35.37%, 5.88%, 0.80%
19161,27.92%, 59.47%, 31.55%, 7.46%, 1.53%
19163,12.23%, 51.09%, 38.85%, 8.48%, 1.58%
19165,34.82%, 64.03%, 29.21%, 5.74%, 1.02%
19167,56.96%, 76.01%, 19.04%, 4.31%, 0.64%
19169,6.15%, 42.36%, 36.20%, 19.41%, 2.04%
19171,20.82%, 56.27%, 35.45%, 6.89%, 1.40%
19173,35.34%, 64.44%, 29.10%, 5.70%, 0.76%
19175,19.90%, 56.40%, 36.49%, 6.15%, 0.95%
19177,22.58%, 58.21%, 35.63%, 4.97%, 1.20%
19179,8.20%, 42.31%, 50.50%, 5.94%, 1.25%
19181,4.83%, 47.43%, 42.59%, 8.82%, 1.16%
19183,14.29%, 52.01%, 37.72%, 9.22%, 1.05%
19185,14.47%, 54.12%, 39.64%, 5.31%, 0.93%
19187,6.83%, 49.63%, 42.80%, 6.59%, 0.97%
19189,24.70%, 58.77%, 34.08%, 6.44%, 0.71%
19191,19.69%, 54.10%, 34.40%, 10.08%, 1.42%
19193,17.62%, 54.43%, 36.81%, 7.36%, 1.40%
19195,12.20%, 52.13%, 39.93%, 6.98%, 0.95%
19197,18.06%, 55.07%, 37.01%, 6.95%, 0.97%
20001,28.53%, 60.33%, 31.80%, 6.02%, 1.85%
20003,31.62%, 62.63%, 31.01%, 4.88%, 1.48%
20005,13.47%, 53.87%, 40.40%, 4.55%, 1.17%
20007,32.00%, 62.53%, 30.53%, 5.61%, 1.34%
20009,39.59%, 66.03%, 26.44%, 5.72%, 1.80%
20011,23.03%, 59.22%, 36.19%, 3.49%, 1.11%
20013,41.86%, 67.61%, 25.74%, 5.37%, 1.28%
20015,18.07%, 55.33%, 37.26%, 5.50%, 1.91%
20017,41.17%, 66.94%, 25.76%, 5.74%, 1.56%
20019,46.78%, 71.60%, 24.83%, 2.61%, 0.96%
20021,13.73%, 54.81%, 41.08%, 2.92%, 1.19%
20023,54.00%, 73.89%, 19.89%, 4.50%, 1.72%
20025,33.24%, 63.59%, 30.35%, 4.73%, 1.34%
20027,53.93%, 73.90%, 19.97%, 4.65%, 1.48%
20029,30.74%, 61.56%, 30.82%, 5.91%, 1.70%
20031,43.11%, 69.16%, 26.04%, 3.55%, 1.25%
20033,36.12%, 65.45%, 29.33%, 3.73%, 1.49%
20035,21.39%, 57.14%, 35.75%, 5.66%, 1.46%
20037,2.37%, 47.81%, 45.43%, 5.03%, 1.73%
20039,53.29%, 72.98%, 19.69%, 5.56%, 1.78%
20041,42.42%, 67.64%, 25.22%, 5.61%, 1.53%
20043,40.92%, 67.84%, 26.92%, 3.93%, 1.32%
20045,16.49%, 49.01%, 32.52%, 16.57%, 1.90%
20047,35.98%, 63.93%, 27.95%, 5.76%, 0.27%
20049,43.44%, 69.68%, 26.24%, 2.94%, 1.14%
20051,15.80%, 52.54%, 36.74%, 8.61%, 2.12%
20053,38.81%, 65.90%, 27.09%, 5.11%, 1.90%
20055,25.98%, 58.59%, 32.61%, 6.44%, 0.19%
20057,25.79%, 58.86%, 33.06%, 6.44%, 1.65%
20059,31.78%, 62.73%, 30.95%, 4.90%, 1.42%
20061,18.67%, 56.06%, 37.39%, 5.27%, 1.28%
20063,48.82%, 71.11%, 22.30%, 5.12%, 1.46%
20065,47.78%, 70.90%, 23.13%, 4.79%, 1.17%
20067,39.66%, 66.01%, 26.35%, 5.79%, 1.85%
20069,35.34%, 63.68%, 28.34%, 5.98%, 1.99%
20071,38.54%, 63.36%, 24.82%, 8.98%, 0.42%
20073,34.75%, 64.62%, 29.87%, 4.09%, 1.42%
20075,35.42%, 64.65%, 29.24%, 4.80%, 1.31%
20077,35.99%, 64.18%, 28.19%, 5.18%, 0.14%
20079,22.24%, 54.56%, 32.32%, 10.50%, 0.28%
20081,42.70%, 67.65%, 24.95%, 5.60%, 1.80%
20083,39.17%, 66.16%, 26.99%, 5.49%, 1.35%
20085,33.02%, 63.33%, 30.32%, 4.62%, 1.74%
20087,36.24%, 64.60%, 28.36%, 5.81%, 1.23%
20089,52.51%, 72.80%, 20.29%, 5.37%, 1.54%
20091,36.16%, 62.95%, 26.79%, 8.83%, 1.43%
20093,39.44%, 66.38%, 26.94%, 4.45%, 2.23%
20095,36.01%, 63.63%, 27.62%, 6.97%, 1.78%
20097,50.10%, 72.16%, 22.05%, 4.43%, 1.36%
20099,13.07%, 52.86%, 39.78%, 5.93%, 1.43%
20101,44.08%, 67.54%, 23.46%, 7.31%, 1.68%
20103,16.83%, 54.98%, 38.15%, 5.73%, 1.14%
20105,49.55%, 72.16%, 22.61%, 4.11%, 1.11%
20107,33.69%, 64.88%, 31.19%, 2.78%, 1.16%
20109,52.20%, 72.89%, 20.69%, 3.82%, 0.52%
20111,25.78%, 57.94%, 32.16%, 8.36%, 1.54%
20113,30.12%, 58.83%, 28.72%, 10.51%, 1.94%
20115,38.88%, 64.39%, 25.51%, 7.93%, 2.16%
20117,42.18%, 67.69%, 25.50%, 5.41%, 1.39%
20119,50.31%, 71.66%, 21.35%, 5.36%, 1.64%
20121,20.11%, 57.10%, 37.00%, 4.43%, 1.47%
20123,49.20%, 71.36%, 22.16%, 4.98%, 1.49%
20125,32.95%, 64.18%, 31.23%, 2.89%, 1.71%
20127,38.08%, 65.55%, 27.47%, 5.63%, 1.36%
20129,44.71%, 69.61%, 24.91%, 4.27%, 1.20%
20131,35.67%, 64.99%, 29.33%, 4.45%, 1.23%
20133,20.92%, 57.11%, 36.19%, 5.35%, 1.35%
20135,42.40%, 67.49%, 25.09%, 5.54%, 1.87%
20137,56.34%, 75.50%, 19.15%, 4.34%, 1.01%
20139,27.34%, 60.36%, 33.02%, 5.22%, 1.41%
20141,52.55%, 73.32%, 20.78%, 4.19%, 1.71%
20143,50.49%, 71.87%, 21.38%, 5.09%, 1.66%
20145,26.71%, 58.79%, 32.08%, 7.61%, 1.52%
20147,54.08%, 74.48%, 20.40%, 3.90%, 1.23%
20149,35.34%, 63.40%, 28.06%, 7.23%, 1.32%
20151,31.97%, 61.20%, 29.23%, 7.03%, 0.51%
20153,52.84%, 73.41%, 20.57%, 4.19%, 1.83%
20155,16.04%, 52.85%, 36.81%, 8.52%, 1.83%
20157,52.94%, 73.57%, 20.63%, 4.44%, 1.36%
20159,24.50%, 57.67%, 33.17%, 7.65%, 1.51%
20161,21.88%, 52.94%, 31.06%, 14.53%, 1.47%
20163,48.64%, 71.38%, 22.75%, 4.52%, 1.35%
20165,49.88%, 71.54%, 21.66%, 5.60%, 1.21%
20167,52.54%, 73.04%, 20.51%, 5.16%, 1.28%
20169,30.12%, 60.27%, 30.15%, 8.06%, 1.53%
20171,56.78%, 75.64%, 18.86%, 4.09%, 1.41%
20173,13.90%, 51.79%, 37.89%, 7.03%, 0.77%
20175,47.25%, 70.83%, 23.58%, 4.04%, 1.55%
20177,16.88%, 53.54%, 36.67%, 8.15%, 1.64%
20179,47.90%, 71.00%, 23.10%, 4.02%, 1.89%
20181,45.69%, 68.86%, 23.17%, 6.40%, 1.58%
20183,50.36%, 71.70%, 21.35%, 5.43%, 1.51%
20185,33.37%, 62.67%, 29.30%, 6.18%, 1.85%
20187,44.46%, 67.74%, 23.29%, 6.25%, 0.50%
