statecounty,Margin,Reagan,Mondale,Hall,Other
01001,41.82%, 70.07%, 28.25%,-, 1.69%
01003,53.54%, 75.55%, 22.01%,-, 2.45%
01005,8.54%, 53.73%, 45.18%,-, 1.09%
01007,23.21%, 61.32%, 38.10%,-, 0.58%
01009,38.22%, 68.16%, 29.95%,-, 1.89%
01011,34.72%, 32.02%, 66.75%,-, 1.23%
01013,14.93%, 56.73%, 41.81%,-, 1.46%
01015,27.67%, 61.16%, 33.49%, 3.00%, 2.35%
01017,20.22%, 59.60%, 39.38%,-, 1.02%
01019,3.10%, 51.04%, 47.93%,-, 1.03%
01021,45.42%, 70.53%, 25.10%, 3.32%, 1.05%
01023,7.99%, 53.88%, 45.90%,-, 0.22%
01025,16.93%, 58.11%, 41.18%,-, 0.71%
01027,39.26%, 68.19%, 28.93%,-, 2.88%
01029,43.72%, 70.50%, 26.78%,-, 2.73%
01031,40.93%, 69.84%, 28.91%,-, 1.26%
01033,7.03%, 45.31%, 52.34%,-, 2.35%
01035,12.68%, 55.86%, 43.18%,-, 0.96%
01037,18.34%, 58.95%, 40.62%,-, 0.43%
01039,44.17%, 71.63%, 27.46%,-, 0.91%
01041,25.74%, 61.86%, 36.12%,-, 2.03%
01043,29.37%, 63.92%, 34.55%,-, 1.54%
01045,51.88%, 75.37%, 23.48%,-, 1.15%
01047,6.61%, 46.26%, 52.88%,-, 0.86%
01049,25.25%, 62.53%, 37.27%,-, 0.20%
01051,46.63%, 72.74%, 26.11%,-, 1.15%
01053,38.05%, 68.33%, 30.28%,-, 1.39%
01055,0.44%, 49.62%, 49.18%,-, 1.20%
01057,29.45%, 64.63%, 35.18%,-, 0.19%
01059,7.01%, 52.90%, 45.89%,-, 1.22%
01061,44.15%, 70.00%, 25.86%, 3.13%, 1.01%
01063,44.42%, 26.13%, 70.55%, 2.34%, 0.98%
01065,9.87%, 44.44%, 54.31%,-, 1.25%
01067,27.58%, 63.34%, 35.76%,-, 0.90%
01069,52.23%, 75.82%, 23.59%,-, 0.59%
01071,6.21%, 46.15%, 52.36%,-, 1.49%
01073,19.08%, 59.41%, 40.33%,-, 0.25%
01075,34.65%, 67.21%, 32.55%,-, 0.24%
01077,8.54%, 53.57%, 45.04%,-, 1.39%
01079,4.21%, 47.04%, 51.25%,-, 1.71%
01081,29.36%, 64.05%, 34.70%,-, 1.25%
01083,21.51%, 60.12%, 38.62%,-, 1.26%
01085,36.90%, 31.02%, 67.92%,-, 1.07%
01087,66.47%, 16.24%, 82.71%,-, 1.04%
01089,30.14%, 64.54%, 34.40%,-, 1.06%
01091,4.41%, 51.51%, 47.11%,-, 1.38%
01093,26.63%, 63.20%, 36.57%,-, 0.22%
01095,22.69%, 60.47%, 37.78%,-, 1.75%
01097,26.47%, 62.56%, 36.08%,-, 1.36%
01099,22.47%, 60.65%, 38.18%,-, 1.17%
01101,16.16%, 57.77%, 41.61%,-, 0.63%
01103,36.31%, 67.99%, 31.68%,-, 0.32%
01105,2.42%, 48.08%, 50.50%,-, 1.42%
01107,13.25%, 56.47%, 43.23%,-, 0.30%
01109,27.03%, 62.60%, 35.58%,-, 1.82%
01111,33.28%, 65.74%, 32.46%,-, 1.81%
01113,6.62%, 46.04%, 52.66%,-, 1.30%
01115,43.73%, 71.02%, 27.30%,-, 1.68%
01117,56.91%, 77.88%, 20.96%,-, 1.16%
01119,28.39%, 35.65%, 64.04%,-, 0.31%
01121,24.23%, 61.11%, 36.88%,-, 2.01%
01123,33.57%, 66.19%, 32.62%,-, 1.19%
01125,26.84%, 62.75%, 35.91%,-, 1.34%
01127,9.52%, 54.11%, 44.59%,-, 1.31%
01129,17.94%, 58.78%, 40.85%,-, 0.37%
01131,22.02%, 38.81%, 60.83%,-, 0.37%
01133,44.53%, 72.22%, 27.69%,-, 0.09%
02013,0%,-,-,-,-
02016,0%,-,-,-,-
02020,0%,-,-,-,-
02050,0%,-,-,-,-
02060,0%,-,-,-,-
02068,0%,-,-,-,-
02070,0%,-,-,-,-
02090,0%,-,-,-,-
02100,0%,-,-,-,-
02105,0%,-,-,-,-
02110,0%,-,-,-,-
02122,0%,-,-,-,-
02130,0%,-,-,-,-
02150,0%,-,-,-,-
02164,0%,-,-,-,-
02170,0%,-,-,-,-
02180,0%,-,-,-,-
02185,0%,-,-,-,-
02188,0%,-,-,-,-
02195,0%,-,-,-,-
02198,0%,-,-,-,-
02220,0%,-,-,-,-
02230,0%,-,-,-,-
02240,0%,-,-,-,-
02261,0%,-,-,-,-
02270,0%,-,-,-,-
02275,0%,-,-,-,-
02282,0%,-,-,-,-
02290,0%,-,-,-,-
04001,12.58%, 43.26%, 55.84%,-, 0.90%
04003,25.55%, 62.25%, 36.70%,-, 1.06%
04005,20.36%, 59.13%, 38.77%,-, 0.01%
04007,13.34%, 56.02%, 42.68%,-, 1.29%
04009,25.75%, 62.35%, 36.60%,-, 1.06%
04011,4.28%, 47.58%, 51.86%,-, 0.55%
04012,29.10%, 63.92%, 34.82%,-, 1.25%
04013,44.92%, 71.98%, 27.06%,-, 0.97%
04015,39.60%, 69.26%, 29.66%,-, 1.08%
04017,17.17%, 58.12%, 40.95%,-, 0.93%
04019,14.82%, 56.90%, 42.09%,-, 1.01%
04021,15.87%, 57.53%, 41.66%,-, 0.81%
04023,21.79%, 60.34%, 38.55%,-, 1.11%
04025,43.42%, 70.89%, 27.46%,-, 1.65%
04027,36.08%, 67.61%, 31.53%,-, 0.85%
05001,20.62%, 59.99%, 39.37%,-, 0.64%
05003,25.33%, 62.44%, 37.11%,-, 0.45%
05005,40.75%, 69.84%, 29.09%,-, 1.07%
05007,53.08%, 75.90%, 22.82%,-, 1.27%
05009,39.81%, 68.83%, 29.01%,-, 2.16%
05011,7.51%, 53.62%, 46.10%,-, 0.28%
05013,16.41%, 58.15%, 41.74%,-, 0.12%
05015,37.59%, 68.21%, 30.62%,-, 1.16%
05017,15.27%, 42.21%, 57.48%,-, 0.30%
05019,5.12%, 47.27%, 52.39%,-, 0.34%
05021,6.87%, 53.02%, 46.15%,-, 0.83%
05023,28.83%, 64.04%, 35.21%,-, 0.74%
05025,12.48%, 56.02%, 43.54%,-, 0.44%
05027,27.67%, 63.45%, 35.78%,-, 0.77%
05029,14.79%, 57.14%, 42.35%,-, 0.51%
05031,26.91%, 62.87%, 35.96%,-, 1.17%
05033,51.02%, 75.20%, 24.18%,-, 0.62%
05035,1.03%, 47.82%, 46.79%,-, 5.39%
05037,18.33%, 59.04%, 40.71%,-, 0.26%
05039,7.29%, 52.80%, 45.51%,-, 1.70%
05041,3.78%, 45.87%, 49.64%,-, 4.49%
05043,12.66%, 56.10%, 43.44%,-, 0.46%
05045,23.24%, 60.89%, 37.65%,-, 1.47%
05047,28.98%, 64.04%, 35.06%,-, 0.91%
05049,11.01%, 55.15%, 44.14%,-, 0.71%
05051,28.65%, 62.47%, 33.82%, 2.28%, 1.43%
05053,19.04%, 59.16%, 40.13%,-, 0.71%
05055,13.17%, 56.17%, 43.00%,-, 0.83%
05057,19.07%, 59.31%, 40.24%,-, 0.45%
05059,1.79%, 48.75%, 50.55%,-, 0.70%
05061,27.59%, 63.72%, 36.13%,-, 0.14%
05063,25.30%, 62.36%, 37.07%,-, 0.57%
05065,7.40%, 53.08%, 45.68%,-, 1.25%
05067,1.72%, 48.88%, 50.60%,-, 0.53%
05069,10.84%, 44.10%, 54.95%,-, 0.95%
05071,21.26%, 60.30%, 39.04%,-, 0.65%
05073,14.85%, 57.15%, 42.30%,-, 0.55%
05075,21.64%, 60.50%, 38.86%,-, 0.64%
05077,9.33%, 44.54%, 53.87%,-, 1.59%
05079,12.78%, 43.54%, 56.32%,-, 0.14%
05081,20.11%, 59.58%, 39.47%,-, 0.94%
05083,27.39%, 63.14%, 35.75%,-, 1.11%
05085,28.83%, 64.11%, 35.28%,-, 0.62%
05087,24.25%, 61.65%, 37.40%,-, 0.95%
05089,28.96%, 64.17%, 35.21%,-, 0.62%
05091,27.63%, 63.43%, 35.80%,-, 0.76%
05093,14.81%, 57.30%, 42.49%,-, 0.21%
05095,1.91%, 50.45%, 48.54%,-, 1.01%
05097,19.27%, 59.12%, 39.85%,-, 1.04%
05099,13.70%, 56.65%, 42.94%,-, 0.41%
05101,31.99%, 65.88%, 33.88%,-, 0.24%
05103,6.43%, 51.19%, 44.76%,-, 4.06%
05105,18.48%, 58.82%, 40.34%,-, 0.83%
05107,11.75%, 43.70%, 55.45%,-, 0.85%
05109,29.67%, 64.72%, 35.04%,-, 0.24%
05111,17.90%, 58.64%, 40.74%,-, 0.62%
05113,41.70%, 70.15%, 28.45%,-, 1.41%
05115,35.23%, 67.28%, 32.05%,-, 0.67%
05117,25.03%, 62.10%, 37.07%,-, 0.83%
05119,17.55%, 58.20%, 40.65%,-, 1.15%
05121,11.88%, 55.61%, 43.73%,-, 0.66%
05123,4.96%, 52.10%, 47.14%,-, 0.76%
05125,24.52%, 60.68%, 36.16%,-, 0.46%
05127,30.94%, 65.11%, 34.17%,-, 0.72%
05129,35.85%, 67.10%, 31.25%,-, 1.64%
05131,51.35%, 74.95%, 23.60%,-, 1.45%
05133,25.80%, 62.64%, 36.84%,-, 0.51%
05135,27.42%, 63.38%, 35.96%,-, 0.66%
05137,16.59%, 57.48%, 40.89%,-, 1.63%
05139,32.65%, 65.74%, 33.09%,-, 1.16%
05141,22.99%, 60.97%, 37.98%,-, 1.05%
05143,37.26%, 68.10%, 30.84%,-, 1.05%
05145,30.68%, 64.66%, 33.97%,-, 1.37%
05147,10.11%, 44.56%, 54.67%,-, 0.77%
05149,20.17%, 59.56%, 39.39%,-, 1.06%
06001,18.64%, 40.01%, 58.65%,-, 1.34%
06003,15.02%, 56.65%, 41.63%,-, 1.72%
06005,24.62%, 61.48%, 36.86%,-, 1.66%
06007,27.74%, 63.06%, 35.32%,-, 1.61%
06009,29.90%, 64.26%, 34.36%,-, 1.38%
06011,32.05%, 65.30%, 33.25%,-, 1.45%
06013,9.91%, 54.48%, 44.57%,-, 0.95%
06015,19.00%, 58.41%, 39.41%,-, 2.18%
06017,31.24%, 64.93%, 33.69%,-, 1.37%
06019,9.56%, 54.30%, 44.74%,-, 0.97%
06021,40.92%, 69.74%, 28.82%,-, 1.44%
06023,4.85%, 51.64%, 46.79%,-, 1.56%
06025,25.08%, 62.01%, 36.94%,-, 1.05%
06027,42.01%, 70.32%, 28.30%,-, 1.38%
06029,31.02%, 65.03%, 34.01%,-, 0.96%
06031,28.97%, 64.10%, 35.13%,-, 0.77%
06033,11.22%, 54.83%, 43.61%,-, 1.56%
06035,23.95%, 61.09%, 37.14%,-, 1.77%
06037,10.15%, 54.50%, 44.35%,-, 1.14%
06039,21.34%, 60.04%, 38.70%,-, 1.26%
06041,0.56%, 49.02%, 49.58%,-, 1.40%
06043,24.39%, 61.20%, 36.81%,-, 1.99%
06045,6.24%, 52.09%, 45.85%,-, 2.06%
06047,18.80%, 58.85%, 40.05%,-, 1.10%
06049,41.21%, 69.49%, 28.28%,-, 2.23%
06051,46.15%, 72.31%, 26.16%,-, 1.52%
06053,15.37%, 57.16%, 41.79%,-, 1.05%
06055,16.95%, 57.77%, 40.82%,-, 1.40%
06057,27.11%, 62.36%, 35.25%,-, 2.40%
06059,50.44%, 74.70%, 24.27%,-, 1.03%
06061,27.70%, 62.94%, 35.24%,-, 1.82%
06063,15.03%, 56.61%, 41.58%,-, 1.81%
06065,27.95%, 63.48%, 35.53%,-, 0.99%
06067,12.42%, 55.56%, 43.14%,-, 1.30%
06069,22.83%, 60.71%, 37.89%,-, 1.40%
06071,30.82%, 64.80%, 33.98%,-, 1.22%
06073,31.89%, 65.30%, 33.41%,-, 1.29%
06075,35.91%, 31.44%, 67.35%,-, 1.21%
06077,20.37%, 59.61%, 39.24%,-, 1.15%
06079,28.71%, 63.72%, 35.02%,-, 1.26%
06081,4.96%, 51.87%, 46.91%,-, 1.22%
06083,26.75%, 62.76%, 36.01%,-, 1.24%
06085,11.16%, 54.81%, 43.65%,-, 1.54%
06087,8.07%, 45.20%, 53.27%,-, 1.52%
06089,25.87%, 62.19%, 36.32%,-, 1.48%
06091,15.66%, 56.86%, 41.19%,-, 1.95%
06093,18.86%, 58.25%, 39.39%,-, 2.36%
06095,10.23%, 54.51%, 44.29%,-, 1.20%
06097,3.44%, 51.08%, 47.64%,-, 1.28%
06099,19.37%, 59.23%, 39.86%,-, 0.92%
06101,44.00%, 71.23%, 27.24%,-, 1.53%
06103,27.41%, 62.78%, 35.37%,-, 1.85%
06105,22.34%, 59.71%, 37.37%,-, 2.91%
06107,28.77%, 63.88%, 35.11%,-, 1.02%
06109,17.74%, 58.09%, 40.35%,-, 1.57%
06111,38.48%, 68.67%, 30.19%,-, 1.15%
06113,3.05%, 47.84%, 50.89%,-, 1.27%
06115,28.84%, 63.52%, 34.68%,-, 1.81%
08001,21.64%, 60.20%, 38.56%,-, 1.24%
08003,26.17%, 62.68%, 36.51%,-, 0.81%
08005,45.24%, 71.92%, 26.67%,-, 1.41%
08007,44.98%, 71.98%, 27.00%,-, 1.02%
08009,52.73%, 75.85%, 23.12%,-, 1.04%
08011,20.69%, 59.75%, 39.06%,-, 1.18%
08013,11.66%, 55.06%, 43.40%,-, 1.54%
08014,0%,-,-,-,-
08015,34.25%, 66.31%, 32.05%,-, 1.64%
08017,48.03%, 73.23%, 25.21%,-, 1.56%
08019,32.26%, 65.34%, 33.08%,-, 1.58%
08021,3.57%, 51.40%, 47.83%,-, 0.77%
08023,23.05%, 38.07%, 61.13%,-, 0.80%
08025,31.17%, 65.03%, 33.86%,-, 1.11%
08027,54.07%, 76.12%, 22.05%,-, 1.83%
08029,39.87%, 69.28%, 29.41%,-, 1.31%
08031,2.32%, 47.83%, 50.15%,-, 2.02%
08033,58.12%, 78.47%, 20.35%,-, 1.18%
08035,59.83%, 79.33%, 19.50%,-, 1.17%
08037,37.21%, 67.84%, 30.63%,-, 1.52%
08039,52.09%, 75.27%, 23.17%,-, 1.56%
08041,51.11%, 75.04%, 23.93%,-, 1.03%
08043,35.53%, 67.31%, 31.78%,-, 0.91%
08045,39.23%, 69.14%, 29.91%,-, 0.95%
08047,16.68%, 57.03%, 40.36%,-, 0.38%
08049,46.90%, 72.72%, 25.81%,-, 1.47%
08051,36.40%, 67.32%, 30.92%,-, 1.76%
08053,51.21%, 74.88%, 23.67%,-, 1.45%
08055,0.65%, 49.04%, 49.69%,-, 1.27%
08057,57.53%, 78.22%, 20.69%,-, 1.08%
08059,39.19%, 68.92%, 29.73%,-, 1.35%
08061,51.77%, 75.22%, 23.45%,-, 1.33%
08063,55.36%, 77.06%, 21.71%,-, 1.23%
08065,1.46%, 49.65%, 48.20%,-, 2.15%
08067,36.22%, 67.49%, 31.27%,-, 1.23%
08069,34.72%, 66.65%, 31.93%,-, 1.43%
08071,10.06%, 44.38%, 54.43%,-, 1.19%
08073,47.15%, 72.91%, 25.77%,-, 1.32%
08075,45.84%, 72.33%, 26.50%,-, 1.17%
08077,40.49%, 69.66%, 29.17%,-, 1.17%
08079,47.06%, 72.55%, 25.49%,-, 1.96%
08081,48.22%, 72.88%, 24.65%,-, 2.47%
08083,47.46%, 73.06%, 25.59%,-, 1.35%
08085,42.25%, 70.40%, 28.15%,-, 1.45%
08087,44.02%, 71.26%, 27.24%,-, 1.50%
08089,27.49%, 62.37%, 34.88%,-, 2.75%
08091,42.48%, 70.85%, 28.37%,-, 0.78%
08093,43.38%, 70.33%, 26.95%,-, 2.72%
08095,43.85%, 71.36%, 27.50%,-, 1.14%
08097,14.91%, 56.39%, 41.48%,-, 2.13%
08099,39.92%, 68.71%, 28.79%,-, 2.49%
08101,4.77%, 47.19%, 51.97%,-, 0.84%
08103,62.46%, 80.81%, 18.35%,-, 0.83%
08105,47.35%, 73.25%, 25.90%,-, 0.84%
08107,34.14%, 66.15%, 32.01%,-, 1.84%
08109,16.03%, 57.63%, 41.60%,-, 0.77%
08111,26.40%, 61.66%, 35.26%,-, 3.08%
08113,11.77%, 54.77%, 43.00%,-, 2.24%
08115,45.29%, 72.39%, 27.10%,-, 0.51%
08117,33.86%, 66.14%, 32.29%,-, 1.57%
08119,52.98%, 75.84%, 22.86%,-, 1.29%
08121,56.33%, 77.50%, 21.16%,-, 1.34%
08123,38.16%, 68.51%, 30.35%,-, 1.14%
08125,49.77%, 74.32%, 24.55%,-, 1.14%
09001,31.97%, 65.78%, 33.81%,-, 0.41%
09003,10.47%, 55.02%, 44.56%,-, 0.42%
09005,32.76%, 66.21%, 33.45%,-, 0.34%
09007,18.98%, 59.32%, 40.34%,-, 0.34%
09009,20.08%, 59.81%, 39.74%,-, 0.45%
09011,23.68%, 61.59%, 37.91%,-, 0.50%
09013,24.16%, 61.88%, 37.72%,-, 0.40%
09015,23.65%, 61.59%, 37.95%,-, 0.46%
10001,29.17%, 64.46%, 35.29%,-, 0.25%
10003,14.57%, 57.14%, 42.57%,-, 0.29%
10005,34.94%, 67.32%, 32.38%,-, 0.30%
11001,71.66%, 13.73%, 85.38%,-, 0.89%
12001,7.03%, 53.46%, 46.43%,-, 0.10%
12003,43.24%, 71.62%, 28.38%,-,-
12005,51.55%, 75.77%, 24.22%,-, 0.01%
12007,27.65%, 63.82%, 36.18%,-,-
12009,46.94%, 73.45%, 26.51%,-, 0.04%
12011,13.36%, 56.68%, 43.32%,-, 0.01%
12013,31.02%, 65.48%, 34.46%,-, 0.05%
12015,41.71%, 70.85%, 29.14%,-, 0.01%
12017,32.96%, 66.47%, 33.51%,-, 0.01%
12019,59.43%, 79.72%, 20.28%,-,-
12021,57.51%, 78.75%, 21.24%,-, 0.01%
12023,34.82%, 67.41%, 32.59%,-,-
12027,35.32%, 67.64%, 32.32%,-, 0.04%
12029,28.59%, 64.29%, 35.71%,-,-
12031,24.84%, 62.41%, 37.57%,-, 0.02%
12033,42.65%, 71.32%, 28.66%,-, 0.02%
12035,24.17%, 62.08%, 37.91%,-, 0.01%
12037,34.10%, 67.05%, 32.95%,-,-
12039,12.08%, 43.95%, 56.03%,-, 0.02%
12041,32.34%, 66.15%, 33.82%,-, 0.03%
12043,30.00%, 65.00%, 35.00%,-,-
12045,33.40%, 66.70%, 33.30%,-,-
12047,15.65%, 57.83%, 42.17%,-,-
12049,44.13%, 72.06%, 27.94%,-,-
12051,38.31%, 69.15%, 30.85%,-,-
12053,27.10%, 63.54%, 36.44%,-, 0.01%
12055,39.07%, 69.53%, 30.46%,-, 0.01%
12057,29.36%, 64.67%, 35.31%,-, 0.02%
12059,57.40%, 78.70%, 21.30%,-,-
12061,46.16%, 73.08%, 26.92%,-,-
12063,29.40%, 64.70%, 35.30%,-,-
12065,4.35%, 52.16%, 47.81%,-, 0.02%
12067,27.41%, 63.71%, 36.29%,-,-
12069,48.59%, 74.29%, 25.70%,-, 0.01%
12071,47.80%, 73.89%, 26.09%,-, 0.03%
12073,10.06%, 55.00%, 44.94%,-, 0.06%
12075,28.37%, 64.19%, 35.81%,-,-
12077,36.89%, 68.45%, 31.55%,-,-
12079,14.59%, 57.30%, 42.70%,-,-
12081,45.51%, 72.75%, 27.24%,-, 0.01%
12083,39.95%, 69.97%, 30.02%,-, 0.01%
12085,52.58%, 76.28%, 23.70%,-, 0.02%
12086,18.34%, 59.17%, 40.83%,-, 0.01%
12087,35.49%, 67.73%, 32.24%,-, 0.04%
12089,39.53%, 69.76%, 30.23%,-, 0.01%
12091,67.05%, 83.51%, 16.47%,-, 0.02%
12093,33.30%, 66.65%, 33.35%,-,-
12095,42.88%, 71.39%, 28.51%,-, 0.10%
12097,46.92%, 73.45%, 26.53%,-, 0.02%
12099,23.35%, 61.67%, 38.32%,-, 0.01%
12101,23.85%, 61.92%, 38.07%,-, 0.01%
12103,30.34%, 65.16%, 34.82%,-, 0.02%
12105,40.68%, 70.33%, 29.65%,-, 0.02%
12107,18.75%, 59.37%, 40.61%,-, 0.02%
12109,42.53%, 71.26%, 28.73%,-, 0.01%
12111,36.75%, 68.37%, 31.61%,-, 0.02%
12113,64.10%, 82.04%, 17.94%,-, 0.02%
12115,48.36%, 74.15%, 25.79%,-, 0.06%
12117,51.89%, 75.91%, 24.02%,-, 0.07%
12119,28.75%, 64.37%, 35.62%,-, 0.01%
12121,37.14%, 68.57%, 31.43%,-,-
12123,39.97%, 69.98%, 30.02%,-,-
12125,40.63%, 70.28%, 29.65%,-, 0.08%
12127,21.87%, 60.93%, 39.06%,-, 0.01%
12129,35.50%, 67.75%, 32.25%,-,-
12131,48.01%, 74.01%, 25.99%,-,-
12133,41.26%, 70.62%, 29.36%,-, 0.02%
13001,19.87%, 59.93%, 40.07%,-,-
13003,2.33%, 51.17%, 48.83%,-,-
13005,27.55%, 63.77%, 36.23%,-,-
13007,1.17%, 49.41%, 50.59%,-,-
13009,19.48%, 59.74%, 40.26%,-,-
13011,18.61%, 59.30%, 40.70%,-,-
13013,27.06%, 63.53%, 36.47%,-,-
13015,19.56%, 59.78%, 40.22%,-,-
13017,10.88%, 55.44%, 44.56%,-,-
13019,17.84%, 58.92%, 41.08%,-,-
13021,4.46%, 47.77%, 52.23%,-,-
13023,13.24%, 56.62%, 43.38%,-,-
13025,5.07%, 52.53%, 47.47%,-,-
13027,14.60%, 57.30%, 42.70%,-,-
13029,23.67%, 61.83%, 38.17%,-,-
13031,25.34%, 62.67%, 37.33%,-,-
13033,0.16%, 50.08%, 49.92%,-,-
13035,8.10%, 54.05%, 45.95%,-,-
13037,16.24%, 41.88%, 58.12%,-,-
13039,13.53%, 56.76%, 43.24%,-,-
13043,19.24%, 59.62%, 40.38%,-,-
13045,34.34%, 67.17%, 32.83%,-,-
13047,43.82%, 71.91%, 28.09%,-,-
13049,10.37%, 55.18%, 44.82%,-,-
13051,15.30%, 57.65%, 42.35%,-,-
13053,3.49%, 51.75%, 48.25%,-,-
13055,6.82%, 53.41%, 46.59%,-,-
13057,52.22%, 76.11%, 23.89%,-,-
13059,6.34%, 53.17%, 46.83%,-,-
13061,28.31%, 35.84%, 64.16%,-,-
13063,45.69%, 72.84%, 27.16%,-,-
13065,15.94%, 57.97%, 42.03%,-,-
13067,54.84%, 77.42%, 22.58%,-,-
13069,22.93%, 61.47%, 38.53%,-,-
13071,28.89%, 64.45%, 35.55%,-,-
13073,53.47%, 76.74%, 23.26%,-,-
13075,10.39%, 55.19%, 44.81%,-,-
13077,37.24%, 68.62%, 31.38%,-,-
13079,4.59%, 47.70%, 52.30%,-,-
13081,15.27%, 57.63%, 42.37%,-,-
13083,41.03%, 70.51%, 29.49%,-,-
13085,34.55%, 67.28%, 32.72%,-,-
13087,21.77%, 60.88%, 39.12%,-,-
13089,15.04%, 57.52%, 42.48%,-,-
13091,4.77%, 52.39%, 47.61%,-,-
13093,9.21%, 45.40%, 54.60%,-,-
13095,13.47%, 56.73%, 43.27%,-,-
13097,47.96%, 73.98%, 26.02%,-,-
13099,19.96%, 59.98%, 40.02%,-,-
13101,33.24%, 66.62%, 33.38%,-,-
13103,34.98%, 67.49%, 32.51%,-,-
13105,11.53%, 55.77%, 44.23%,-,-
13107,22.92%, 61.46%, 38.54%,-,-
13109,14.60%, 57.30%, 42.70%,-,-
13111,35.83%, 67.91%, 32.09%,-,-
13113,62.93%, 81.47%, 18.53%,-,-
13115,27.00%, 63.50%, 36.50%,-,-
13117,50.09%, 75.04%, 24.96%,-,-
13119,16.21%, 58.10%, 41.90%,-,-
13121,13.78%, 43.11%, 56.89%,-,-
13123,41.32%, 70.66%, 29.34%,-,-
13125,44.58%, 72.29%, 27.71%,-,-
13127,28.15%, 64.07%, 35.93%,-,-
13129,36.20%, 68.10%, 31.90%,-,-
13131,26.44%, 63.22%, 36.78%,-,-
13133,10.94%, 44.53%, 55.47%,-,-
13135,58.95%, 79.48%, 20.52%,-,-
13137,37.24%, 68.62%, 31.38%,-,-
13139,34.03%, 67.01%, 32.99%,-,-
13141,53.21%, 23.39%, 76.61%,-,-
13143,34.12%, 67.06%, 32.94%,-,-
13145,19.91%, 59.95%, 40.05%,-,-
13147,6.48%, 53.24%, 46.76%,-,-
13149,29.63%, 64.81%, 35.19%,-,-
13151,38.12%, 69.06%, 30.94%,-,-
13153,21.42%, 60.71%, 39.29%,-,-
13155,19.02%, 59.51%, 40.49%,-,-
13157,21.46%, 60.73%, 39.27%,-,-
13159,12.10%, 56.05%, 43.95%,-,-
13161,23.61%, 61.80%, 38.20%,-,-
13163,3.15%, 51.57%, 48.43%,-,-
13165,11.61%, 55.80%, 44.20%,-,-
13167,18.21%, 59.11%, 40.89%,-,-
13169,10.03%, 55.01%, 44.99%,-,-
13171,15.59%, 57.80%, 42.20%,-,-
13173,6.97%, 53.48%, 46.52%,-,-
13175,13.52%, 56.76%, 43.24%,-,-
13177,39.66%, 69.83%, 30.17%,-,-
13179,7.06%, 53.53%, 46.47%,-,-
13181,9.79%, 54.89%, 45.11%,-,-
13183,14.78%, 57.39%, 42.61%,-,-
13185,25.72%, 62.86%, 37.14%,-,-
13187,28.41%, 64.21%, 35.79%,-,-
13189,24.16%, 62.08%, 37.92%,-,-
13191,8.59%, 45.71%, 54.29%,-,-
13193,24.93%, 37.54%, 62.46%,-,-
13195,38.07%, 69.04%, 30.96%,-,-
13197,5.84%, 47.08%, 52.92%,-,-
13199,5.46%, 52.73%, 47.27%,-,-
13201,43.86%, 71.93%, 28.07%,-,-
13205,0.98%, 49.51%, 50.49%,-,-
13207,5.01%, 52.51%, 47.49%,-,-
13209,17.93%, 58.96%, 41.04%,-,-
13211,14.62%, 57.31%, 42.69%,-,-
13213,36.21%, 68.10%, 31.90%,-,-
13215,6.68%, 53.34%, 46.66%,-,-
13217,26.32%, 63.16%, 36.84%,-,-
13219,40.58%, 70.29%, 29.71%,-,-
13221,26.31%, 63.15%, 36.85%,-,-
13223,39.53%, 69.77%, 30.23%,-,-
13225,11.91%, 44.05%, 55.95%,-,-
13227,35.64%, 67.82%, 32.18%,-,-
13229,13.71%, 56.86%, 43.14%,-,-
13231,21.32%, 60.66%, 39.34%,-,-
13233,24.99%, 62.49%, 37.51%,-,-
13235,2.34%, 51.17%, 48.83%,-,-
13237,15.60%, 57.80%, 42.20%,-,-
13239,15.16%, 42.42%, 57.58%,-,-
13241,26.72%, 63.36%, 36.64%,-,-
13243,4.09%, 52.04%, 47.96%,-,-
13245,16.96%, 58.48%, 41.52%,-,-
13247,50.92%, 75.46%, 24.54%,-,-
13249,20.75%, 60.37%, 39.63%,-,-
13251,19.31%, 59.65%, 40.35%,-,-
13253,9.58%, 54.79%, 45.21%,-,-
13255,27.46%, 63.73%, 36.27%,-,-
13257,28.20%, 64.10%, 35.90%,-,-
13259,23.81%, 38.10%, 61.90%,-,-
13261,10.59%, 55.29%, 44.71%,-,-
13263,31.51%, 34.24%, 65.76%,-,-
13265,26.73%, 36.64%, 63.36%,-,-
13267,30.15%, 65.08%, 34.92%,-,-
13269,1.82%, 49.09%, 50.91%,-,-
13271,1.71%, 49.14%, 50.86%,-,-
13273,4.37%, 52.18%, 47.82%,-,-
13275,22.82%, 61.41%, 38.59%,-,-
13277,23.63%, 61.81%, 38.19%,-,-
13279,30.42%, 65.21%, 34.79%,-,-
13281,32.12%, 66.06%, 33.94%,-,-
13283,12.60%, 56.30%, 43.70%,-,-
13285,27.84%, 63.92%, 36.08%,-,-
13287,2.27%, 51.14%, 48.86%,-,-
13289,21.12%, 39.44%, 60.56%,-,-
13291,26.50%, 63.25%, 36.75%,-,-
13293,24.01%, 62.01%, 37.99%,-,-
13295,36.44%, 68.22%, 31.78%,-,-
13297,33.63%, 66.81%, 33.19%,-,-
13299,11.14%, 55.57%, 44.43%,-,-
13301,7.29%, 46.35%, 53.65%,-,-
13303,2.48%, 48.76%, 51.24%,-,-
13305,20.61%, 60.31%, 39.69%,-,-
13307,14.10%, 42.95%, 57.05%,-,-
13309,3.67%, 51.84%, 48.16%,-,-
13311,36.98%, 68.49%, 31.51%,-,-
13313,38.70%, 69.35%, 30.65%,-,-
13315,0.25%, 50.12%, 49.88%,-,-
13317,7.33%, 53.67%, 46.33%,-,-
13319,8.97%, 45.52%, 54.48%,-,-
13321,26.66%, 63.33%, 36.67%,-,-
15001,7.26%, 52.90%, 45.64%,-, 1.46%
15003,13.14%, 56.08%, 42.94%,-, 0.99%
15005,0%,-,-,-,-
15007,2.11%, 50.45%, 48.34%,-, 1.21%
15009,6.25%, 52.45%, 46.20%,-, 1.36%
16001,46.16%, 72.40%, 26.24%,-, 1.36%
16003,43.00%, 70.60%, 27.61%,-, 1.79%
16005,32.79%, 65.77%, 32.98%,-, 1.25%
16007,69.76%, 84.48%, 14.72%,-, 0.80%
16009,16.75%, 57.70%, 40.95%,-, 1.36%
16011,58.45%, 78.72%, 20.27%,-, 1.01%
16013,28.85%, 63.69%, 34.84%,-, 1.47%
16015,47.24%, 72.57%, 25.33%,-, 2.09%
16017,19.33%, 58.89%, 39.56%,-, 1.56%
16019,66.17%, 82.71%, 16.54%,-, 0.75%
16021,29.42%, 63.46%, 34.04%,-, 2.50%
16023,48.43%, 73.89%, 25.46%,-, 0.65%
16025,49.08%, 74.13%, 25.05%,-, 0.81%
16027,52.43%, 75.53%, 23.10%,-, 1.37%
16029,69.42%, 84.29%, 14.87%,-, 0.83%
16031,71.96%, 85.60%, 13.64%,-, 0.76%
16033,70.84%, 85.06%, 14.22%,-, 0.72%
16035,14.76%, 56.55%, 41.79%,-, 1.66%
16037,55.60%, 77.10%, 21.50%,-, 1.40%
16039,51.38%, 75.27%, 23.88%,-, 0.85%
16041,75.41%, 87.15%, 11.73%,-, 1.12%
16043,65.69%, 82.55%, 16.86%,-, 0.60%
16045,38.07%, 68.11%, 30.04%,-, 1.85%
16047,50.24%, 74.60%, 24.36%,-, 1.04%
16049,35.01%, 66.45%, 31.44%,-, 2.11%
16051,76.60%, 87.92%, 11.32%,-, 0.76%
16053,57.98%, 78.49%, 20.51%,-, 0.99%
16055,31.20%, 64.93%, 33.74%,-, 1.33%
16057,15.84%, 57.10%, 41.27%,-, 1.63%
16059,52.80%, 75.78%, 22.98%,-, 1.24%
16061,21.13%, 60.02%, 38.90%,-, 1.08%
16063,51.08%, 74.98%, 23.90%,-, 1.11%
16065,86.28%, 92.88%, 6.60%,-, 0.52%
16067,61.19%, 80.03%, 18.84%,-, 1.13%
16069,15.16%, 56.89%, 41.74%,-, 1.37%
16071,61.54%, 80.51%, 18.97%,-, 0.53%
16073,56.88%, 77.71%, 20.83%,-, 1.45%
16075,52.20%, 75.23%, 23.04%,-, 1.73%
16077,53.93%, 76.50%, 22.57%,-, 0.93%
16079,1.96%, 50.22%, 48.27%,-, 1.51%
16081,53.69%, 76.48%, 22.78%,-, 0.74%
16083,56.99%, 77.97%, 20.98%,-, 1.06%
16085,41.21%, 69.96%, 28.76%,-, 1.28%
16087,45.27%, 71.99%, 26.72%,-, 1.29%
17001,32.27%, 65.99%, 33.72%,-, 0.29%
17003,5.45%, 47.08%, 52.53%,-, 0.38%
17005,19.21%, 59.46%, 40.25%,-, 0.29%
17007,33.78%, 66.65%, 32.88%,-, 0.47%
17009,21.22%, 60.43%, 39.21%,-, 0.37%
17011,25.66%, 62.57%, 36.90%,-, 0.53%
17013,6.60%, 53.04%, 46.44%,-, 0.51%
17015,37.07%, 68.39%, 31.31%,-, 0.30%
17017,7.78%, 53.68%, 45.90%,-, 0.42%
17019,17.87%, 58.61%, 40.74%,-, 0.65%
17021,6.15%, 52.84%, 46.69%,-, 0.48%
17023,27.27%, 63.45%, 36.17%,-, 0.38%
17025,28.69%, 64.22%, 35.53%,-, 0.25%
17027,33.13%, 66.43%, 33.30%,-, 0.27%
17029,32.35%, 65.95%, 33.60%,-, 0.45%
17031,2.62%, 48.40%, 51.02%,-, 0.57%
17033,33.22%, 66.44%, 33.21%,-, 0.35%
17035,26.65%, 63.04%, 36.39%,-, 0.57%
17037,29.72%, 64.50%, 34.78%,-, 0.73%
17039,31.55%, 65.57%, 34.01%,-, 0.42%
17041,32.60%, 66.14%, 33.54%,-, 0.31%
17043,51.87%, 75.66%, 23.79%,-, 0.55%
17045,35.45%, 67.54%, 32.09%,-, 0.37%
17047,44.76%, 72.25%, 27.49%,-, 0.26%
17049,42.77%, 71.22%, 28.44%,-, 0.34%
17051,26.38%, 63.09%, 36.70%,-, 0.21%
17053,46.65%, 73.11%, 26.46%,-, 0.44%
17055,4.96%, 47.39%, 52.35%,-, 0.27%
17057,0.09%, 49.77%, 49.69%,-, 0.54%
17059,5.47%, 47.15%, 52.63%,-, 0.22%
17061,22.45%, 60.96%, 38.51%,-, 0.53%
17063,34.37%, 66.98%, 32.61%,-, 0.41%
17065,15.39%, 57.50%, 42.11%,-, 0.39%
17067,25.38%, 62.50%, 37.13%,-, 0.37%
17069,16.70%, 58.26%, 41.57%,-, 0.17%
17071,7.48%, 53.51%, 46.03%,-, 0.47%
17073,15.14%, 57.41%, 42.27%,-, 0.31%
17075,54.66%, 77.13%, 22.47%,-, 0.39%
17077,5.81%, 52.55%, 46.74%,-, 0.70%
17079,35.26%, 67.35%, 32.09%,-, 0.57%
17081,14.46%, 57.10%, 42.64%,-, 0.25%
17083,15.49%, 57.60%, 42.11%,-, 0.29%
17085,27.19%, 63.18%, 35.99%,-, 0.83%
17087,34.96%, 67.36%, 32.40%,-, 0.24%
17089,38.78%, 69.09%, 30.31%,-, 0.60%
17091,21.58%, 60.02%, 38.44%,-, 1.54%
17093,48.09%, 73.81%, 25.72%,-, 0.47%
17095,10.87%, 55.21%, 44.34%,-, 0.45%
17097,37.21%, 68.35%, 31.14%,-, 0.51%
17099,14.24%, 56.89%, 42.65%,-, 0.45%
17101,23.07%, 61.35%, 38.28%,-, 0.37%
17103,47.90%, 73.76%, 25.86%,-, 0.38%
17105,45.65%, 72.65%, 26.99%,-, 0.36%
17107,41.86%, 70.71%, 28.85%,-, 0.44%
17109,34.44%, 67.02%, 32.58%,-, 0.41%
17111,52.97%, 76.21%, 23.24%,-, 0.55%
17113,33.80%, 66.64%, 32.84%,-, 0.51%
17115,8.90%, 54.28%, 45.38%,-, 0.34%
17117,7.32%, 53.51%, 46.19%,-, 0.30%
17119,8.20%, 53.94%, 45.74%,-, 0.32%
17121,19.54%, 59.65%, 40.11%,-, 0.24%
17123,25.78%, 62.53%, 36.75%,-, 0.72%
17125,10.09%, 54.89%, 44.80%,-, 0.31%
17127,8.98%, 54.29%, 45.31%,-, 0.40%
17129,36.40%, 68.07%, 31.67%,-, 0.26%
17131,10.36%, 54.97%, 44.61%,-, 0.43%
17133,36.02%, 67.89%, 31.87%,-, 0.24%
17135,12.54%, 56.08%, 43.55%,-, 0.37%
17137,33.06%, 66.37%, 33.30%,-, 0.33%
17139,18.69%, 59.17%, 40.48%,-, 0.35%
17141,47.29%, 73.40%, 26.11%,-, 0.49%
17143,10.59%, 55.02%, 44.43%,-, 0.56%
17145,12.11%, 55.88%, 43.77%,-, 0.34%
17147,27.41%, 63.46%, 36.05%,-, 0.49%
17149,14.32%, 57.03%, 42.70%,-, 0.27%
17151,24.28%, 62.00%, 37.72%,-, 0.28%
17153,5.43%, 52.48%, 47.05%,-, 0.46%
17155,12.45%, 56.02%, 43.57%,-, 0.41%
17157,19.33%, 59.48%, 40.15%,-, 0.37%
17159,44.23%, 71.95%, 27.71%,-, 0.34%
17161,6.72%, 46.41%, 53.13%,-, 0.45%
17163,1.20%, 49.01%, 50.21%,-, 0.78%
17165,8.59%, 54.15%, 45.57%,-, 0.28%
17167,22.62%, 61.10%, 38.47%,-, 0.43%
17169,24.18%, 61.93%, 37.75%,-, 0.32%
17171,35.20%, 67.33%, 32.13%,-, 0.55%
17173,19.15%, 59.38%, 40.23%,-, 0.38%
17175,34.84%, 67.15%, 32.31%,-, 0.54%
17177,35.56%, 67.37%, 31.82%,-, 0.81%
17179,18.71%, 59.15%, 40.44%,-, 0.42%
17181,10.58%, 55.13%, 44.55%,-, 0.33%
17183,16.16%, 57.89%, 41.73%,-, 0.38%
17185,33.82%, 66.73%, 32.92%,-, 0.35%
17187,27.50%, 63.59%, 36.09%,-, 0.32%
17189,36.80%, 68.24%, 31.44%,-, 0.32%
17191,41.08%, 70.36%, 29.28%,-, 0.36%
17193,22.74%, 61.23%, 38.48%,-, 0.29%
17195,19.64%, 59.59%, 39.96%,-, 0.45%
17197,26.92%, 63.25%, 36.33%,-, 0.42%
17199,12.45%, 56.06%, 43.61%,-, 0.32%
17201,17.88%, 58.66%, 40.78%,-, 0.57%
17203,41.47%, 70.44%, 28.97%,-, 0.58%
18001,33.76%, 66.58%, 32.82%,-, 0.59%
18003,32.22%, 65.67%, 33.45%,-, 0.88%
18005,39.41%, 69.35%, 29.94%,-, 0.71%
18007,41.27%, 70.38%, 29.11%,-, 0.51%
18009,22.34%, 60.79%, 38.44%,-, 0.77%
18011,49.26%, 74.38%, 25.12%,-, 0.49%
18013,13.88%, 56.74%, 42.87%,-, 0.39%
18015,32.93%, 66.09%, 33.17%,-, 0.74%
18017,38.03%, 68.75%, 30.72%,-, 0.53%
18019,15.63%, 57.48%, 41.85%,-, 0.67%
18021,30.30%, 64.87%, 34.56%,-, 0.57%
18023,34.72%, 67.12%, 32.40%,-, 0.49%
18025,7.68%, 53.63%, 45.95%,-, 0.43%
18027,36.92%, 68.26%, 31.34%,-, 0.40%
18029,29.92%, 64.74%, 34.81%,-, 0.45%
18031,40.43%, 69.97%, 29.54%,-, 0.49%
18033,30.69%, 64.82%, 34.13%,-, 1.05%
18035,20.53%, 59.98%, 39.45%,-, 0.57%
18037,26.52%, 62.77%, 36.25%,-, 0.99%
18039,44.45%, 71.98%, 27.53%,-, 0.49%
18041,26.62%, 62.95%, 36.33%,-, 0.72%
18043,18.46%, 58.85%, 40.40%,-, 0.75%
18045,30.40%, 64.90%, 34.50%,-, 0.60%
18047,39.84%, 69.62%, 29.78%,-, 0.60%
18049,40.88%, 70.14%, 29.26%,-, 0.59%
18051,9.74%, 54.62%, 44.89%,-, 0.49%
18053,34.22%, 66.78%, 32.56%,-, 0.67%
18055,22.82%, 60.71%, 37.90%,-, 1.39%
18057,64.99%, 82.30%, 17.31%,-, 0.39%
18059,47.59%, 73.58%, 25.99%,-, 0.42%
18061,21.90%, 60.61%, 38.72%,-, 0.67%
18063,52.06%, 75.73%, 23.67%,-, 0.60%
18065,25.51%, 62.56%, 37.06%,-, 0.38%
18067,36.10%, 67.74%, 31.65%,-, 0.61%
18069,40.08%, 69.77%, 29.69%,-, 0.54%
18071,30.96%, 64.85%, 33.89%,-, 1.26%
18073,39.35%, 69.22%, 29.87%,-, 0.91%
18075,30.42%, 64.90%, 34.47%,-, 0.63%
18077,20.02%, 59.20%, 39.18%,-, 1.62%
18079,31.85%, 65.48%, 33.63%,-, 0.90%
18081,50.26%, 74.86%, 24.60%,-, 0.55%
18083,25.52%, 62.27%, 36.75%,-, 0.97%
18085,56.25%, 77.88%, 21.63%,-, 0.49%
18087,43.16%, 71.31%, 28.15%,-, 0.54%
18089,10.79%, 44.30%, 55.10%,-, 0.60%
18091,18.81%, 59.00%, 40.20%,-, 0.80%
18093,34.01%, 66.71%, 32.70%,-, 0.59%
18095,24.16%, 61.87%, 37.71%,-, 0.42%
18097,17.25%, 58.29%, 41.05%,-, 0.66%
18099,38.21%, 68.76%, 30.54%,-, 0.70%
18101,26.74%, 63.07%, 36.33%,-, 0.60%
18103,38.35%, 68.75%, 30.41%,-, 0.84%
18105,19.15%, 59.12%, 39.97%,-, 0.91%
18107,50.51%, 74.96%, 24.44%,-, 0.60%
18109,52.31%, 75.91%, 23.60%,-, 0.49%
18111,37.81%, 68.54%, 30.73%,-, 0.73%
18113,32.81%, 65.74%, 32.93%,-, 1.33%
18115,16.88%, 58.32%, 41.44%,-, 0.23%
18117,39.20%, 69.40%, 30.19%,-, 0.41%
18119,33.56%, 66.49%, 32.93%,-, 0.59%
18121,39.03%, 69.26%, 30.23%,-, 0.51%
18123,0.26%, 49.91%, 49.65%,-, 0.45%
18125,6.58%, 52.98%, 46.40%,-, 0.62%
18127,28.89%, 64.14%, 35.24%,-, 0.62%
18129,18.44%, 59.07%, 40.63%,-, 0.30%
18131,34.68%, 66.93%, 32.25%,-, 0.82%
18133,39.28%, 69.38%, 30.09%,-, 0.53%
18135,34.17%, 66.77%, 32.60%,-, 0.63%
18137,36.24%, 67.99%, 31.75%,-, 0.26%
18139,40.18%, 69.86%, 29.69%,-, 0.45%
18141,6.72%, 53.08%, 46.36%,-, 0.56%
18143,8.57%, 54.16%, 45.60%,-, 0.24%
18145,34.49%, 66.92%, 32.42%,-, 0.66%
18147,18.39%, 59.07%, 40.68%,-, 0.25%
18149,16.09%, 57.42%, 41.33%,-, 1.25%
18151,44.65%, 72.01%, 27.36%,-, 0.63%
18153,8.68%, 54.14%, 45.46%,-, 0.41%
18155,11.14%, 55.48%, 44.34%,-, 0.18%
18157,30.34%, 64.75%, 34.42%,-, 0.83%
18159,41.63%, 70.48%, 28.85%,-, 0.67%
18161,41.21%, 70.36%, 29.14%,-, 0.50%
18163,13.75%, 56.68%, 42.93%,-, 0.40%
18165,9.35%, 54.30%, 44.96%,-, 0.74%
18167,17.41%, 58.39%, 40.98%,-, 0.63%
18169,41.24%, 70.30%, 29.06%,-, 0.63%
18171,31.49%, 65.38%, 33.89%,-, 0.73%
18173,23.18%, 61.32%, 38.14%,-, 0.54%
18175,27.08%, 62.62%, 35.54%,-, 1.83%
18177,30.02%, 64.80%, 34.78%,-, 0.42%
18179,39.42%, 69.40%, 29.98%,-, 0.61%
18181,39.26%, 69.33%, 30.07%,-, 0.60%
18183,35.26%, 67.21%, 31.95%,-, 0.85%
19001,13.77%, 56.61%, 42.84%,-, 0.54%
19003,16.39%, 57.64%, 41.25%,-, 1.11%
19005,26.99%, 62.91%, 35.91%,-, 1.18%
19007,1.82%, 50.48%, 48.66%,-, 0.86%
19009,10.77%, 54.97%, 44.20%,-, 0.83%
19011,5.37%, 52.13%, 46.76%,-, 1.11%
19013,1.24%, 50.23%, 48.99%,-, 0.78%
19015,6.02%, 46.80%, 52.82%,-, 0.37%
19017,25.43%, 62.37%, 36.94%,-, 0.69%
19019,9.13%, 54.25%, 45.12%,-, 0.63%
19021,11.53%, 55.22%, 43.69%,-, 1.10%
19023,32.45%, 66.00%, 33.55%,-, 0.45%
19025,13.06%, 56.14%, 43.08%,-, 0.78%
19027,0.61%, 49.83%, 49.22%,-, 0.95%
19029,35.00%, 67.10%, 32.09%,-, 0.81%
19031,19.76%, 59.59%, 39.83%,-, 0.58%
19033,1.55%, 48.86%, 50.41%,-, 0.72%
19035,9.33%, 54.16%, 44.83%,-, 1.00%
19037,6.87%, 52.93%, 46.06%,-, 1.01%
19039,5.37%, 52.35%, 46.98%,-, 0.67%
19041,8.13%, 53.51%, 45.38%,-, 1.11%
19043,18.51%, 58.80%, 40.29%,-, 0.91%
19045,10.53%, 54.77%, 44.25%,-, 0.98%
19047,14.35%, 56.53%, 42.17%,-, 1.30%
19049,3.81%, 47.85%, 51.66%,-, 0.50%
19051,5.52%, 46.77%, 52.30%,-, 0.93%
19053,0.14%, 49.60%, 49.46%,-, 0.94%
19055,20.13%, 59.61%, 39.47%,-, 0.92%
19057,7.74%, 45.85%, 53.59%,-, 0.57%
19059,14.49%, 56.68%, 42.19%,-, 1.13%
19061,6.36%, 46.37%, 52.72%,-, 0.91%
19063,3.49%, 51.46%, 47.97%,-, 0.58%
19065,16.17%, 57.56%, 41.38%,-, 1.06%
19067,2.19%, 50.75%, 48.57%,-, 0.68%
19069,14.07%, 56.43%, 42.36%,-, 1.21%
19071,30.38%, 64.77%, 34.39%,-, 0.84%
19073,4.54%, 46.44%, 50.97%,-, 0.47%
19075,40.07%, 69.45%, 29.38%,-, 1.17%
19077,4.96%, 51.89%, 46.93%,-, 1.17%
19079,12.33%, 55.61%, 43.27%,-, 1.12%
19081,13.86%, 56.62%, 42.76%,-, 0.62%
19083,7.38%, 53.38%, 46.00%,-, 0.62%
19085,26.98%, 63.24%, 36.25%,-, 0.51%
19087,14.32%, 56.77%, 42.45%,-, 0.78%
19089,11.90%, 55.49%, 43.59%,-, 0.92%
19091,16.89%, 57.92%, 41.04%,-, 1.04%
19093,25.20%, 62.30%, 37.10%,-, 0.59%
19095,21.20%, 60.02%, 38.82%,-, 1.16%
19097,4.40%, 51.51%, 47.11%,-, 1.38%
19099,3.31%, 51.36%, 48.04%,-, 0.60%
19101,22.86%, 61.19%, 38.33%,-, 0.48%
19103,16.26%, 41.46%, 57.72%,-, 0.81%
19105,12.31%, 55.82%, 43.51%,-, 0.67%
19107,4.67%, 51.50%, 46.84%,-, 1.66%
19109,0.35%, 49.64%, 49.30%,-, 1.06%
19111,0.88%, 49.17%, 50.04%,-, 0.79%
19113,3.15%, 51.12%, 47.97%,-, 0.90%
19115,15.22%, 57.36%, 42.14%,-, 0.50%
19117,4.09%, 51.72%, 47.63%,-, 0.65%
19119,49.22%, 74.05%, 24.83%,-, 1.12%
19121,1.61%, 50.60%, 48.99%,-, 0.42%
19123,19.23%, 59.13%, 39.90%,-, 0.97%
19125,6.94%, 53.24%, 46.30%,-, 0.45%
19127,10.23%, 54.63%, 44.40%,-, 0.97%
19129,46.66%, 72.80%, 26.14%,-, 1.06%
19131,10.67%, 54.74%, 44.07%,-, 1.18%
19133,11.84%, 55.37%, 43.54%,-, 1.09%
19135,9.67%, 44.91%, 54.58%,-, 0.51%
19137,43.22%, 71.23%, 28.01%,-, 0.76%
19139,20.33%, 59.79%, 39.46%,-, 0.74%
19141,33.41%, 66.16%, 32.75%,-, 1.08%
19143,32.89%, 65.98%, 33.09%,-, 0.92%
19145,50.61%, 75.06%, 24.45%,-, 0.49%
19147,5.22%, 46.73%, 51.94%,-, 1.33%
19149,30.10%, 64.65%, 34.55%,-, 0.81%
19151,2.81%, 50.64%, 47.82%,-, 1.54%
19153,2.71%, 48.30%, 51.01%,-, 0.69%
19155,26.96%, 63.11%, 36.14%,-, 0.75%
19157,6.88%, 53.04%, 46.16%,-, 0.80%
19159,2.60%, 48.51%, 51.11%,-, 0.38%
19161,16.32%, 57.57%, 41.25%,-, 1.19%
19163,7.70%, 53.41%, 45.71%,-, 0.88%
19165,29.20%, 64.25%, 35.05%,-, 0.70%
19167,63.53%, 81.61%, 18.09%,-, 0.30%
19169,3.98%, 51.56%, 47.58%,-, 0.86%
19171,9.13%, 54.30%, 45.17%,-, 0.52%
19173,24.79%, 62.06%, 37.27%,-, 0.67%
19175,10.77%, 54.49%, 43.72%,-, 1.79%
19177,14.12%, 56.73%, 42.61%,-, 0.66%
19179,19.37%, 39.88%, 59.24%,-, 0.88%
19181,0.64%, 49.95%, 49.31%,-, 0.74%
19183,19.74%, 59.37%, 39.63%,-, 1.00%
19185,3.33%, 51.26%, 47.92%,-, 0.82%
19187,1.57%, 48.58%, 50.15%,-, 1.28%
19189,15.00%, 57.27%, 42.27%,-, 0.46%
19191,17.06%, 57.96%, 40.90%,-, 1.14%
19193,9.57%, 54.31%, 44.75%,-, 0.94%
19195,6.52%, 46.53%, 53.05%,-, 0.42%
19197,10.37%, 54.81%, 44.44%,-, 0.75%
20001,40.69%, 69.76%, 29.07%,-, 1.18%
20003,35.64%, 67.14%, 31.50%,-, 1.36%
20005,26.13%, 62.54%, 36.40%,-, 1.06%
20007,44.42%, 71.84%, 27.41%,-, 0.75%
20009,52.60%, 75.58%, 22.98%,-, 1.44%
20011,37.78%, 68.40%, 30.63%,-, 0.97%
20013,49.22%, 73.97%, 24.75%,-, 1.27%
20015,33.76%, 66.33%, 32.56%,-, 1.11%
20017,48.98%, 74.01%, 25.03%,-, 0.96%
20019,54.01%, 76.55%, 22.54%,-, 0.91%
20021,22.38%, 60.72%, 38.34%,-, 0.93%
20023,59.54%, 79.06%, 19.52%,-, 1.43%
20025,52.66%, 75.39%, 22.72%,-, 1.89%
20027,58.42%, 78.76%, 20.34%,-, 0.91%
20029,34.07%, 66.43%, 32.35%,-, 1.22%
20031,48.95%, 74.00%, 25.05%,-, 0.94%
20033,54.76%, 76.80%, 22.04%,-, 1.16%
20035,31.27%, 64.99%, 33.72%,-, 1.29%
20037,17.07%, 58.10%, 41.04%,-, 0.86%
20039,57.53%, 78.15%, 20.62%,-, 1.24%
20041,49.24%, 73.96%, 24.72%,-, 1.32%
20043,48.59%, 73.77%, 25.18%,-, 1.05%
20045,18.91%, 58.87%, 39.96%,-, 1.17%
20047,37.26%, 67.53%, 30.27%,-, 2.20%
20049,47.56%, 72.89%, 25.32%,-, 1.79%
20051,36.51%, 67.65%, 31.15%,-, 1.20%
20053,43.91%, 71.35%, 27.44%,-, 1.21%
20055,47.19%, 73.08%, 25.89%,-, 1.03%
20057,40.42%, 69.72%, 29.30%,-, 0.99%
20059,42.26%, 70.61%, 28.35%,-, 1.03%
20061,31.78%, 65.44%, 33.66%,-, 0.89%
20063,49.55%, 73.43%, 23.88%,-, 2.69%
20065,49.04%, 74.00%, 24.96%,-, 1.04%
20067,53.30%, 76.26%, 22.96%,-, 0.78%
20069,50.14%, 74.32%, 24.18%,-, 1.51%
20071,49.48%, 73.27%, 23.79%,-, 2.94%
20073,41.96%, 70.45%, 28.48%,-, 1.07%
20075,42.85%, 70.64%, 27.79%,-, 1.57%
20077,47.20%, 73.09%, 25.89%,-, 1.01%
20079,29.43%, 64.06%, 34.63%,-, 1.31%
20081,59.85%, 79.34%, 19.49%,-, 1.17%
20083,50.00%, 74.17%, 24.17%,-, 1.66%
20085,34.74%, 66.92%, 32.19%,-, 0.89%
20087,38.61%, 68.93%, 30.32%,-, 0.75%
20089,54.11%, 76.50%, 22.39%,-, 1.11%
20091,45.41%, 72.39%, 26.99%,-, 0.62%
20093,57.69%, 78.42%, 20.74%,-, 0.84%
20095,45.35%, 72.04%, 26.69%,-, 1.27%
20097,60.84%, 79.51%, 18.68%,-, 1.81%
20099,28.37%, 63.76%, 35.39%,-, 0.85%
20101,55.59%, 77.18%, 21.59%,-, 1.23%
20103,25.54%, 62.29%, 36.75%,-, 0.96%
20105,51.11%, 75.14%, 24.03%,-, 0.83%
20107,41.34%, 70.33%, 28.99%,-, 0.68%
20109,56.39%, 77.04%, 20.65%,-, 2.31%
20111,39.71%, 69.37%, 29.66%,-, 0.97%
20113,45.36%, 71.89%, 26.53%,-, 1.57%
20115,45.37%, 72.06%, 26.68%,-, 1.26%
20117,38.19%, 68.49%, 30.30%,-, 1.20%
20119,56.16%, 77.16%, 21.00%,-, 1.84%
20121,31.00%, 65.04%, 34.04%,-, 0.92%
20123,52.98%, 75.98%, 23.00%,-, 1.03%
20125,41.40%, 70.20%, 28.80%,-, 1.00%
20127,45.76%, 72.19%, 26.43%,-, 1.39%
20129,64.62%, 81.80%, 17.18%,-, 1.01%
20131,34.49%, 66.60%, 32.11%,-, 1.29%
20133,29.54%, 64.11%, 34.57%,-, 1.32%
20135,52.46%, 75.32%, 22.86%,-, 1.82%
20137,59.95%, 79.19%, 19.24%,-, 1.57%
20139,34.39%, 66.55%, 32.16%,-, 1.29%
20141,51.05%, 74.63%, 23.58%,-, 1.79%
20143,53.17%, 75.74%, 22.58%,-, 1.68%
20145,39.62%, 68.90%, 29.28%,-, 1.82%
20147,62.90%, 80.90%, 18.00%,-, 1.09%
20149,43.29%, 71.09%, 27.80%,-, 1.11%
20151,43.72%, 71.31%, 27.59%,-, 1.10%
20153,58.26%, 78.05%, 19.79%,-, 2.16%
20155,28.06%, 63.34%, 35.28%,-, 1.38%
20157,53.94%, 76.49%, 22.55%,-, 0.97%
20159,38.92%, 68.68%, 29.76%,-, 1.57%
20161,30.55%, 64.77%, 34.22%,-, 1.00%
20163,56.88%, 77.75%, 20.87%,-, 1.37%
20165,41.11%, 69.49%, 28.38%,-, 2.13%
20167,54.87%, 76.99%, 22.11%,-, 0.90%
20169,39.70%, 69.41%, 29.72%,-, 0.87%
20171,63.96%, 81.13%, 17.18%,-, 1.69%
20173,26.49%, 62.53%, 36.05%,-, 1.42%
20175,62.06%, 80.54%, 18.48%,-, 0.99%
20177,24.26%, 61.57%, 37.31%,-, 1.11%
20179,49.57%, 73.86%, 24.29%,-, 1.86%
20181,57.41%, 78.02%, 20.62%,-, 1.36%
20183,53.52%, 75.74%, 22.22%,-, 2.05%
20185,41.18%, 69.71%, 28.53%,-, 1.76%
20187,56.56%, 76.61%, 20.06%,-, 3.33%
20189,65.04%, 82.03%, 17.00%,-, 0.97%
20191,29.96%, 64.32%, 34.36%,-, 1.32%
20193,54.80%, 76.70%, 21.90%,-, 1.41%
20195,42.16%, 70.40%, 28.23%,-, 1.37%
20197,47.00%, 72.72%, 25.72%,-, 1.57%
20199,67.92%, 82.97%, 15.05%,-, 1.98%
20201,53.10%, 75.69%, 22.59%,-, 1.73%
20203,58.91%, 78.90%, 19.98%,-, 1.12%
20205,45.73%, 72.23%, 26.50%,-, 1.26%
20207,40.00%, 69.36%, 29.36%,-, 1.28%
20209,13.38%, 42.81%, 56.20%,-, 0.99%
21001,42.37%, 70.93%, 28.56%,-, 0.50%
21003,38.40%, 69.04%, 30.64%,-, 0.32%
21005,32.94%, 66.06%, 33.11%,-, 0.83%
21007,9.20%, 45.13%, 54.33%,-, 0.54%
21009,26.18%, 62.86%, 36.68%,-, 0.46%
21011,6.26%, 52.88%, 46.62%,-, 0.50%
21013,13.57%, 55.93%, 42.36%,-, 1.71%
21015,44.40%, 71.90%, 27.50%,-, 0.60%
21017,18.11%, 58.54%, 40.42%,-, 1.04%
21019,6.42%, 52.98%, 46.56%,-, 0.46%
21021,25.31%, 62.53%, 37.22%,-, 0.25%
21023,22.72%, 60.89%, 38.17%,-, 0.94%
21025,9.19%, 45.25%, 54.45%,-, 0.30%
21027,24.72%, 62.14%, 37.42%,-, 0.43%
21029,31.01%, 65.11%, 34.10%,-, 0.78%
21031,49.30%, 74.47%, 25.17%,-, 0.36%
21033,13.00%, 55.93%, 42.93%,-, 1.13%
21035,12.28%, 55.94%, 43.66%,-, 0.39%
21037,40.43%, 69.99%, 29.56%,-, 0.45%
21039,1.19%, 50.15%, 48.96%,-, 0.88%
21041,7.65%, 53.65%, 46.00%,-, 0.35%
21043,7.73%, 53.67%, 45.94%,-, 0.39%
21045,58.66%, 79.01%, 20.35%,-, 0.63%
21047,32.55%, 66.06%, 33.51%,-, 0.43%
21049,25.98%, 62.82%, 36.84%,-, 0.34%
21051,48.83%, 74.26%, 25.43%,-, 0.31%
21053,60.64%, 80.03%, 19.39%,-, 0.58%
21055,18.67%, 59.16%, 40.49%,-, 0.35%
21057,55.94%, 77.77%, 21.83%,-, 0.40%
21059,18.58%, 58.92%, 40.34%,-, 0.74%
21061,42.64%, 71.05%, 28.41%,-, 0.54%
21063,47.17%, 26.20%, 73.37%,-, 0.44%
21065,37.47%, 68.57%, 31.10%,-, 0.33%
21067,28.18%, 63.60%, 35.43%,-, 0.97%
21069,27.09%, 63.33%, 36.24%,-, 0.43%
21071,32.43%, 33.57%, 66.00%,-, 0.42%
21073,17.17%, 58.12%, 40.95%,-, 0.93%
21075,7.39%, 53.45%, 46.07%,-, 0.48%
21077,0.00%, 49.78%, 49.78%,-, 0.43%
21079,35.16%, 67.21%, 32.05%,-, 0.74%
21081,25.09%, 61.70%, 36.61%,-, 1.69%
21083,3.73%, 51.43%, 47.70%,-, 0.88%
21085,42.74%, 71.03%, 28.29%,-, 0.68%
21087,33.05%, 66.35%, 33.30%,-, 0.35%
21089,3.65%, 51.52%, 47.87%,-, 0.61%
21091,20.60%, 59.59%, 38.99%,-, 1.42%
21093,38.34%, 68.81%, 30.47%,-, 0.72%
21095,4.77%, 47.14%, 51.91%,-, 0.95%
21097,18.03%, 58.86%, 40.83%,-, 0.31%
21099,14.65%, 57.06%, 42.41%,-, 0.54%
21101,4.17%, 51.88%, 47.71%,-, 0.41%
21103,10.23%, 54.83%, 44.60%,-, 0.57%
21105,13.58%, 56.63%, 43.04%,-, 0.33%
21107,16.24%, 57.95%, 41.71%,-, 0.34%
21109,75.10%, 87.38%, 12.28%,-, 0.34%
21111,15.65%, 57.66%, 42.01%,-, 0.34%
21113,49.20%, 74.10%, 24.90%,-, 1.00%
21115,25.72%, 62.58%, 36.87%,-, 0.55%
21117,39.93%, 69.66%, 29.73%,-, 0.61%
21119,44.16%, 27.66%, 71.81%,-, 0.53%
21121,32.16%, 65.87%, 33.71%,-, 0.43%
21123,30.89%, 65.30%, 34.41%,-, 0.30%
21125,49.15%, 74.41%, 25.27%,-, 0.32%
21127,9.88%, 54.71%, 44.83%,-, 0.46%
21129,41.44%, 70.53%, 29.09%,-, 0.38%
21131,51.62%, 75.64%, 24.02%,-, 0.34%
21133,7.18%, 46.13%, 53.31%,-, 0.57%
21135,39.64%, 69.64%, 30.00%,-, 0.36%
21137,22.97%, 61.27%, 38.30%,-, 0.43%
21139,3.62%, 47.96%, 51.58%,-, 0.46%
21141,18.56%, 58.83%, 40.28%,-, 0.89%
21143,13.44%, 42.97%, 56.41%,-, 0.62%
21145,1.43%, 50.08%, 48.65%,-, 1.27%
21147,42.39%, 70.58%, 28.19%,-, 1.23%
21149,0.64%, 50.03%, 49.38%,-, 0.59%
21151,26.78%, 63.09%, 36.31%,-, 0.60%
21153,11.31%, 44.22%, 55.53%,-, 0.25%
21155,7.63%, 53.66%, 46.03%,-, 0.31%
21157,5.25%, 47.19%, 52.44%,-, 0.37%
21159,37.12%, 68.03%, 30.90%,-, 1.07%
21161,16.88%, 58.19%, 41.31%,-, 0.50%
21163,20.75%, 60.19%, 39.44%,-, 0.38%
21165,9.66%, 44.35%, 54.01%,-, 1.64%
21167,28.88%, 63.88%, 35.00%,-, 1.13%
21169,19.62%, 59.56%, 39.93%,-, 0.51%
21171,63.46%, 81.47%, 18.00%,-, 0.53%
21173,21.55%, 60.59%, 39.05%,-, 0.36%
21175,14.94%, 42.36%, 57.30%,-, 0.35%
21177,0.51%, 49.64%, 50.15%,-, 0.21%
21179,17.88%, 58.57%, 40.69%,-, 0.74%
21181,16.00%, 57.38%, 41.38%,-, 1.23%
21183,22.17%, 60.82%, 38.65%,-, 0.53%
21185,47.81%, 73.81%, 25.99%,-, 0.20%
21187,4.87%, 52.17%, 47.30%,-, 0.53%
21189,58.94%, 79.20%, 20.26%,-, 0.54%
21191,28.53%, 63.76%, 35.23%,-, 1.01%
21193,0.38%, 49.52%, 49.90%,-, 0.58%
21195,14.20%, 42.68%, 56.87%,-, 0.45%
21197,17.99%, 58.83%, 40.83%,-, 0.34%
21199,53.19%, 76.40%, 23.20%,-, 0.40%
21201,9.59%, 54.36%, 44.77%,-, 0.86%
21203,59.67%, 79.73%, 20.06%,-, 0.20%
21205,14.68%, 57.16%, 42.47%,-, 0.37%
