id,margin,bush,dukakis,paul,other
01001,35.70%, 67.17%, 31.47%,-, 1.36%
01003,46.81%, 72.85%, 26.04%,-, 1.11%
01005,12.61%, 55.71%, 43.11%,-, 1.18%
01007,12.46%, 56.06%, 43.61%,-, 0.33%
01009,31.51%, 64.61%, 33.10%, 2.17%, 0.11%
01011,37.11%, 31.00%, 68.11%,-, 0.89%
01013,6.14%, 52.59%, 46.45%,-, 0.95%
01015,21.65%, 58.31%, 36.66%,-, 1.14%
01017,20.00%, 59.39%, 39.39%,-, 1.23%
01019,5.05%, 47.01%, 52.06%,-, 0.93%
01021,39.14%, 69.41%, 30.26%,-, 0.33%
01023,1.94%, 50.89%, 48.96%,-, 0.15%
01025,14.88%, 56.97%, 42.09%,-, 0.95%
01027,36.16%, 66.74%, 30.58%,-, 2.67%
01029,37.59%, 68.40%, 30.80%,-, 0.80%
01031,34.23%, 66.57%, 32.34%,-, 1.09%
01033,14.25%, 42.25%, 56.49%,-, 1.26%
01035,3.68%, 51.22%, 47.54%,-, 1.24%
01037,12.72%, 56.15%, 43.43%,-, 0.42%
01039,35.49%, 67.34%, 31.85%,-, 0.81%
01041,17.44%, 58.44%, 41.00%,-, 0.56%
01043,25.15%, 61.87%, 36.72%,-, 1.42%
01045,44.87%, 71.80%, 26.94%,-, 1.26%
01047,11.65%, 43.79%, 55.44%,-, 0.76%
01049,21.88%, 60.60%, 38.72%,-, 0.68%
01051,40.87%, 69.84%, 28.97%,-, 1.20%
01053,25.44%, 62.14%, 36.70%,-, 1.16%
01055,0.18%, 49.67%, 49.49%,-, 0.84%
01057,15.24%, 57.40%, 42.16%,-, 0.44%
01059,1.81%, 50.25%, 48.44%,-, 1.31%
01061,35.62%, 67.32%, 31.69%,-, 0.99%
01063,51.34%, 23.94%, 75.28%,-, 0.78%
01065,13.68%, 42.71%, 56.39%,-, 0.90%
01067,24.08%, 61.82%, 37.75%,-, 0.43%
01069,48.00%, 73.87%, 25.87%,-, 0.26%
01071,9.72%, 44.55%, 54.27%,-, 1.18%
01073,15.95%, 57.74%, 41.80%,-, 0.46%
01075,17.10%, 58.48%, 41.38%,-, 0.15%
01077,0.31%, 49.43%, 49.13%,-, 1.44%
01079,12.24%, 42.96%, 55.20%,-, 1.84%
01081,30.36%, 64.39%, 34.02%,-, 1.59%
01083,24.60%, 61.56%, 36.96%,-, 1.48%
01085,40.26%, 29.42%, 69.68%,-, 0.90%
01087,65.07%, 16.81%, 81.88%,-, 1.30%
01089,34.76%, 67.06%, 32.29%,-, 0.65%
01091,1.85%, 48.61%, 50.45%,-, 0.94%
01093,13.81%, 56.73%, 42.92%,-, 0.35%
01095,24.02%, 60.90%, 36.88%,-, 2.22%
01097,22.50%, 60.88%, 38.39%,-, 0.73%
01099,20.88%, 60.07%, 39.19%,-, 0.74%
01101,17.65%, 58.43%, 40.79%,-, 0.78%
01103,27.50%, 63.54%, 36.04%,-, 0.42%
01105,25.48%, 36.59%, 62.07%,-, 1.34%
01107,10.66%, 55.16%, 44.50%,-, 0.34%
01109,21.22%, 60.04%, 38.82%,-, 1.13%
01111,29.94%, 64.02%, 34.08%,-, 1.90%
01113,1.96%, 48.40%, 50.35%,-, 1.25%
01115,41.80%, 70.71%, 28.91%,-, 0.39%
01117,58.03%, 78.84%, 20.80%,-, 0.36%
01119,32.85%, 33.36%, 66.21%,-, 0.42%
01121,21.77%, 60.32%, 38.55%,-, 1.13%
01123,29.36%, 63.93%, 34.58%,-, 1.49%
01125,20.17%, 59.87%, 39.70%,-, 0.43%
01127,1.44%, 48.51%, 49.95%,-, 1.55%
01129,4.73%, 52.23%, 47.49%,-, 0.28%
01131,31.85%, 33.98%, 65.83%,-, 0.20%
01133,35.57%, 67.59%, 32.02%,-, 0.39%
02013,0%,-,-,-,-
02016,0%,-,-,-,-
02020,0%,-,-,-,-
02050,0%,-,-,-,-
02060,0%,-,-,-,-
02068,0%,-,-,-,-
02070,0%,-,-,-,-
02090,0%,-,-,-,-
02100,0%,-,-,-,-
02105,0%,-,-,-,-
02110,0%,-,-,-,-
02122,0%,-,-,-,-
02130,0%,-,-,-,-
02150,0%,-,-,-,-
02164,0%,-,-,-,-
02170,0%,-,-,-,-
02180,0%,-,-,-,-
02185,0%,-,-,-,-
02188,0%,-,-,-,-
02195,0%,-,-,-,-
02198,0%,-,-,-,-
02220,0%,-,-,-,-
02230,0%,-,-,-,-
02240,0%,-,-,-,-
02261,0%,-,-,-,-
02270,0%,-,-,-,-
02275,0%,-,-,-,-
02282,0%,-,-,-,-
02290,0%,-,-,-,-
04001,24.73%, 36.76%, 61.50%,-, 1.74%
04003,14.27%, 56.38%, 42.11%,-, 1.51%
04005,6.19%, 51.80%, 45.61%, 2.36%, 0.23%
04007,4.67%, 51.38%, 46.72%,-, 1.90%
04009,19.80%, 59.18%, 39.38%,-, 1.44%
04011,6.27%, 46.21%, 52.48%,-, 1.30%
04012,18.65%, 58.55%, 39.90%,-, 1.55%
04013,31.02%, 64.90%, 33.89%,-, 1.21%
04015,26.35%, 62.40%, 36.05%,-, 1.55%
04017,6.96%, 52.82%, 45.86%,-, 1.33%
04019,1.74%, 50.28%, 48.54%,-, 1.17%
04021,3.82%, 51.29%, 47.46%,-, 1.25%
04023,0.78%, 49.63%, 48.85%,-, 1.52%
04025,30.85%, 64.44%, 33.59%,-, 1.97%
04027,19.13%, 58.95%, 39.82%,-, 1.22%
05001,12.94%, 55.61%, 42.68%,-, 1.71%
05003,4.10%, 47.48%, 51.58%,-, 0.95%
05005,27.99%, 63.35%, 35.36%,-, 1.29%
05007,43.67%, 71.23%, 27.55%,-, 1.22%
05009,30.20%, 64.04%, 33.84%,-, 2.12%
05011,1.83%, 48.93%, 50.76%,-, 0.30%
05013,12.46%, 56.14%, 43.69%,-, 0.17%
05015,26.49%, 62.77%, 36.29%,-, 0.94%
05017,12.08%, 43.74%, 55.82%,-, 0.44%
05019,15.82%, 41.69%, 57.50%,-, 0.81%
05021,10.83%, 44.33%, 55.16%,-, 0.51%
05023,18.23%, 58.85%, 40.62%,-, 0.54%
05025,2.01%, 50.75%, 48.73%,-, 0.52%
05027,21.47%, 59.27%, 37.81%,-, 0.57%
05029,0.83%, 49.35%, 50.18%,-, 0.47%
05031,12.97%, 54.99%, 42.02%,-, 2.98%
05033,42.94%, 70.85%, 27.91%,-, 1.23%
05035,5.14%, 51.73%, 46.59%,-, 1.68%
05037,3.17%, 51.29%, 48.12%,-, 0.60%
05039,1.09%, 49.19%, 50.28%,-, 0.53%
05041,9.66%, 42.94%, 52.60%,-, 4.45%
05043,7.42%, 53.29%, 45.87%,-, 0.84%
05045,18.47%, 58.42%, 39.95%,-, 1.64%
05047,18.56%, 58.93%, 40.37%,-, 0.71%
05049,2.53%, 48.47%, 51.00%,-, 0.53%
05051,24.89%, 60.93%, 36.05%,-, 3.02%
05053,11.73%, 55.40%, 43.68%,-, 0.92%
05055,0.93%, 50.06%, 49.13%,-, 0.81%
05057,1.24%, 50.49%, 49.25%,-, 0.26%
05059,9.67%, 44.46%, 54.12%,-, 1.42%
05061,15.96%, 57.87%, 41.92%,-, 0.21%
05063,18.86%, 59.22%, 40.36%,-, 0.43%
05065,3.12%, 51.19%, 48.07%,-, 0.74%
05067,15.81%, 41.90%, 57.71%,-, 0.38%
05069,13.93%, 42.08%, 56.01%,-, 1.91%
05071,17.69%, 58.29%, 40.60%,-, 1.11%
05073,1.45%, 48.95%, 50.39%,-, 0.66%
05075,0.40%, 49.91%, 49.51%,-, 0.58%
05077,21.09%, 38.72%, 59.81%,-, 1.48%
05079,17.05%, 41.04%, 58.09%,-, 0.87%
05081,7.68%, 45.85%, 53.53%,-, 0.63%
05083,27.08%, 62.87%, 35.79%,-, 1.34%
05085,20.09%, 59.68%, 39.59%,-, 0.74%
05087,18.40%, 58.72%, 40.32%,-, 0.96%
05089,18.54%, 57.80%, 39.26%,-, 0.79%
05091,13.25%, 56.30%, 43.05%,-, 0.65%
05093,7.27%, 52.67%, 45.40%,-, 1.93%
05095,4.78%, 46.88%, 51.66%,-, 1.46%
05097,12.46%, 55.99%, 43.53%,-, 0.48%
05099,0.52%, 49.55%, 50.07%,-, 0.38%
05101,25.13%, 62.00%, 36.87%,-, 1.14%
05103,8.87%, 52.29%, 43.42%,-, 2.24%
05105,5.02%, 52.01%, 46.99%,-, 0.99%
05107,17.12%, 39.47%, 56.59%,-, 1.58%
05109,11.17%, 55.44%, 44.27%,-, 0.29%
05111,3.03%, 48.16%, 51.19%,-, 0.65%
05113,25.91%, 62.15%, 36.24%,-, 1.61%
05115,34.01%, 66.68%, 32.67%,-, 0.65%
05117,7.08%, 53.25%, 46.17%,-, 0.57%
05119,11.46%, 54.98%, 43.53%,-, 1.49%
05121,4.08%, 47.25%, 51.33%,-, 1.42%
05123,3.99%, 47.86%, 51.85%,-, 0.29%
05125,18.67%, 58.89%, 40.22%,-, 0.90%
05127,18.77%, 58.82%, 40.05%,-, 1.13%
05129,33.86%, 66.21%, 32.34%,-, 1.45%
05131,42.81%, 70.94%, 28.13%,-, 0.94%
05133,5.02%, 52.09%, 47.08%,-, 0.83%
05135,10.10%, 54.79%, 44.69%,-, 0.51%
05137,11.56%, 55.17%, 43.61%,-, 1.21%
05139,26.95%, 61.32%, 34.37%,-, 4.31%
05141,15.38%, 57.37%, 41.99%,-, 0.64%
05143,30.13%, 64.38%, 34.25%,-, 1.36%
05145,22.69%, 60.84%, 38.15%,-, 1.00%
05147,27.26%, 36.16%, 63.41%,-, 0.43%
05149,12.19%, 55.84%, 43.64%,-, 0.52%
06001,30.79%, 33.99%, 64.78%,-, 1.23%
06003,13.77%, 55.43%, 41.67%,-, 2.90%
06005,13.75%, 55.87%, 42.12%,-, 2.01%
06007,13.59%, 56.04%, 42.45%,-, 1.51%
06009,14.48%, 56.28%, 41.80%,-, 1.92%
06011,20.40%, 59.49%, 39.10%,-, 1.41%
06013,3.25%, 47.86%, 51.10%,-, 1.04%
06015,1.70%, 49.73%, 48.03%,-, 2.24%
06017,20.20%, 59.33%, 39.13%,-, 1.54%
06019,1.16%, 49.95%, 48.79%,-, 1.26%
06021,25.73%, 62.06%, 36.33%,-, 1.61%
06023,15.96%, 41.15%, 57.11%,-, 1.74%
06025,11.32%, 55.16%, 43.84%,-, 1.00%
06027,30.48%, 64.34%, 33.85%,-, 1.81%
06029,24.08%, 61.48%, 37.40%,-, 1.13%
06031,13.85%, 56.41%, 42.56%,-, 1.03%
06033,2.37%, 48.03%, 50.39%,-, 1.58%
06035,19.44%, 58.59%, 39.15%,-, 2.26%
06037,5.02%, 46.88%, 51.89%,-, 1.23%
06039,10.76%, 54.59%, 43.83%,-, 1.58%
06041,19.11%, 39.73%, 58.85%,-, 1.42%
06043,11.14%, 54.53%, 43.39%,-, 2.08%
06045,13.48%, 41.94%, 55.42%,-, 2.64%
06047,3.80%, 51.20%, 47.40%,-, 1.40%
06049,27.43%, 62.68%, 35.25%,-, 2.07%
06051,25.18%, 61.38%, 36.20%,-, 2.42%
06053,1.02%, 49.83%, 48.81%,-, 1.36%
06055,2.06%, 50.19%, 48.14%,-, 1.67%
06057,17.29%, 57.76%, 40.46%,-, 1.78%
06059,36.66%, 67.75%, 31.09%,-, 1.16%
06061,20.64%, 59.59%, 38.95%,-, 1.46%
06063,3.90%, 51.06%, 47.15%,-, 1.79%
06065,19.88%, 59.46%, 39.58%,-, 0.97%
06067,3.35%, 51.01%, 47.65%,-, 1.34%
06069,9.89%, 54.11%, 44.23%,-, 1.66%
06071,21.44%, 59.99%, 38.55%,-, 1.46%
06073,21.85%, 60.19%, 38.34%,-, 1.47%
06075,46.64%, 26.14%, 72.78%,-, 1.08%
06077,9.83%, 54.39%, 44.56%,-, 1.04%
06079,13.11%, 55.85%, 42.73%,-, 1.42%
06081,12.81%, 42.94%, 55.74%,-, 1.32%
06083,9.75%, 54.24%, 44.48%,-, 1.28%
06085,4.32%, 46.99%, 51.30%,-, 1.71%
06087,24.76%, 36.77%, 61.53%,-, 1.71%
06089,20.58%, 59.36%, 38.79%,-, 1.85%
06091,4.07%, 50.71%, 46.64%,-, 2.65%
06093,3.88%, 50.88%, 47.00%,-, 2.11%
06095,3.80%, 47.43%, 51.23%,-, 1.35%
06097,14.57%, 41.91%, 56.48%,-, 1.61%
06099,7.16%, 53.07%, 45.92%,-, 1.01%
06101,36.09%, 67.47%, 31.38%,-, 1.15%
06103,15.15%, 56.52%, 41.37%,-, 2.11%
06105,12.53%, 54.63%, 42.11%,-, 3.26%
06107,20.57%, 59.61%, 39.04%,-, 1.36%
06109,9.78%, 54.00%, 44.22%,-, 1.79%
06111,24.44%, 61.64%, 37.19%,-, 1.17%
06113,15.12%, 41.89%, 57.01%,-, 1.10%
06115,23.99%, 61.37%, 37.38%,-, 1.25%
08001,6.70%, 45.87%, 52.57%,-, 1.56%
08003,8.81%, 53.70%, 44.90%,-, 1.40%
08005,21.86%, 60.24%, 38.38%,-, 1.39%
08007,28.51%, 63.66%, 35.15%,-, 1.19%
08009,32.04%, 65.34%, 33.29%,-, 1.37%
08011,2.58%, 47.62%, 50.21%,-, 2.17%
08013,8.48%, 44.93%, 53.41%,-, 1.66%
08014,0%,-,-,-,-
08015,9.31%, 53.90%, 44.59%,-, 1.51%
08017,30.44%, 64.08%, 33.64%,-, 2.28%
08019,3.36%, 50.11%, 46.75%, 2.67%, 0.47%
08021,15.40%, 41.92%, 57.33%,-, 0.75%
08023,42.13%, 28.72%, 70.84%,-, 0.44%
08025,15.47%, 57.47%, 42.00%,-, 0.53%
08027,40.87%, 69.46%, 28.60%,-, 1.94%
08029,21.08%, 59.59%, 38.51%,-, 1.90%
08031,23.60%, 37.13%, 60.72%,-, 2.15%
08033,35.25%, 66.67%, 31.42%,-, 1.91%
08035,41.49%, 69.96%, 28.46%,-, 1.58%
08037,13.47%, 55.91%, 42.44%,-, 1.65%
08039,27.86%, 63.06%, 35.21%,-, 1.73%
08041,41.14%, 70.03%, 28.88%,-, 1.09%
08043,17.92%, 58.24%, 40.33%,-, 1.43%
08045,15.64%, 57.21%, 41.57%,-, 1.22%
08047,4.78%, 45.79%, 50.57%, 2.96%, 0.69%
08049,22.28%, 60.08%, 37.81%,-, 2.11%
08051,13.77%, 55.72%, 41.94%,-, 2.34%
08053,45.21%, 72.48%, 27.27%,-, 0.25%
08055,26.83%, 36.32%, 63.14%,-, 0.54%
08057,32.55%, 65.54%, 33.00%,-, 1.46%
08059,14.76%, 56.39%, 41.64%,-, 1.97%
08061,23.46%, 61.25%, 37.80%,-, 0.95%
08063,30.35%, 64.41%, 34.05%,-, 1.54%
08065,21.51%, 38.10%, 59.61%,-, 2.28%
08067,17.00%, 57.73%, 40.73%,-, 1.53%
08069,12.36%, 55.34%, 42.98%,-, 1.68%
08071,30.22%, 34.15%, 64.37%,-, 1.48%
08073,21.43%, 60.29%, 38.86%,-, 0.84%
08075,13.83%, 56.24%, 42.41%,-, 1.35%
08077,20.93%, 59.62%, 38.68%,-, 1.70%
08079,10.91%, 55.08%, 44.16%,-, 0.76%
08081,24.85%, 61.01%, 36.16%,-, 2.83%
08083,30.15%, 64.23%, 34.09%,-, 1.68%
08085,22.66%, 60.16%, 37.51%,-, 2.33%
08087,12.29%, 55.24%, 42.95%,-, 1.81%
08089,4.28%, 51.39%, 47.11%,-, 1.49%
08091,29.43%, 63.89%, 34.46%,-, 1.65%
08093,16.86%, 56.87%, 40.01%, 2.50%, 0.63%
08095,17.30%, 57.81%, 40.52%,-, 1.67%
08097,9.79%, 44.28%, 54.06%,-, 1.66%
08099,14.59%, 56.34%, 41.75%,-, 1.91%
08101,23.76%, 37.73%, 61.50%,-, 0.77%
08103,38.24%, 68.41%, 30.17%,-, 1.43%
08105,25.53%, 62.01%, 36.48%,-, 1.51%
08107,5.41%, 51.65%, 46.24%,-, 2.10%
08109,4.37%, 46.94%, 51.32%,-, 1.74%
08111,4.32%, 50.36%, 46.04%, 2.40%, 1.20%
08113,8.86%, 43.39%, 52.26%, 3.86%, 0.49%
08115,20.06%, 59.61%, 39.55%,-, 0.84%
08117,5.30%, 51.44%, 46.14%, 2.04%, 0.37%
08119,38.25%, 68.36%, 30.11%,-, 1.53%
08121,27.59%, 62.87%, 35.29%,-, 1.84%
08123,12.44%, 55.42%, 42.98%,-, 1.59%
08125,15.36%, 56.93%, 41.57%,-, 1.50%
09001,19.12%, 59.04%, 39.91%,-, 1.05%
09003,7.12%, 45.95%, 53.08%,-, 0.97%
09005,13.05%, 55.97%, 42.91%,-, 1.12%
09007,1.06%, 50.01%, 48.95%,-, 1.03%
09009,3.24%, 50.90%, 47.66%,-, 1.45%
09011,3.69%, 51.22%, 47.53%,-, 1.25%
09013,2.67%, 50.80%, 48.13%,-, 1.08%
09015,3.02%, 50.88%, 47.86%,-, 1.26%
10001,20.92%, 60.17%, 39.25%,-, 0.59%
10003,7.77%, 53.52%, 45.75%,-, 0.73%
10005,24.27%, 61.97%, 37.70%,-, 0.32%
11001,68.34%, 14.30%, 82.65%,-, 3.05%
12001,1.26%, 50.08%, 48.82%,-, 1.10%
12003,43.15%, 71.49%, 28.34%,-, 0.17%
12005,46.05%, 72.51%, 26.46%,-, 1.03%
12007,27.65%, 63.61%, 35.96%,-, 0.44%
12009,41.47%, 70.30%, 28.83%,-, 0.87%
12011,0.46%, 50.00%, 49.54%,-, 0.46%
12013,28.88%, 64.01%, 35.12%,-, 0.87%
12015,28.61%, 63.98%, 35.37%,-, 0.65%
12017,26.55%, 62.95%, 36.40%,-, 0.65%
12019,53.70%, 76.67%, 22.97%,-, 0.36%
12021,50.31%, 74.87%, 24.57%,-, 0.56%
12023,30.95%, 65.13%, 34.18%,-, 0.69%
12027,31.90%, 65.64%, 33.74%,-, 0.62%
12029,19.58%, 59.79%, 40.21%,-,-
12031,26.07%, 62.79%, 36.72%,-, 0.49%
12033,36.65%, 68.05%, 31.40%,-, 0.55%
12035,20.96%, 60.32%, 39.36%,-, 0.32%
12037,19.27%, 58.52%, 39.25%,-, 2.23%
12039,3.02%, 47.64%, 50.66%,-, 1.69%
12041,23.84%, 61.59%, 37.75%,-, 0.66%
12043,19.78%, 59.66%, 39.88%,-, 0.46%
12045,27.79%, 62.44%, 34.65%, 2.38%, 0.53%
12047,21.91%, 60.72%, 38.81%,-, 0.47%
12049,35.91%, 66.96%, 31.05%,-, 1.99%
12051,31.96%, 65.70%, 33.74%,-, 0.56%
12053,15.62%, 57.50%, 41.88%,-, 0.63%
12055,34.61%, 67.05%, 32.44%,-, 0.51%
12057,20.40%, 59.89%, 39.49%,-, 0.62%
12059,43.83%, 71.61%, 27.78%,-, 0.61%
12061,40.13%, 69.71%, 29.58%,-, 0.71%
12063,25.14%, 62.20%, 37.06%,-, 0.74%
12065,6.16%, 52.89%, 46.73%,-, 0.39%
12067,33.36%, 66.41%, 33.04%,-, 0.55%
12069,37.68%, 68.40%, 30.72%,-, 0.88%
12071,36.12%, 67.71%, 31.59%,-, 0.70%
12073,3.68%, 51.39%, 47.71%,-, 0.90%
12075,20.69%, 59.75%, 39.06%,-, 1.18%
12077,32.71%, 65.27%, 32.57%,-, 2.16%
12079,13.51%, 56.59%, 43.08%,-, 0.33%
12081,31.45%, 65.53%, 34.08%,-, 0.39%
12083,33.29%, 66.38%, 33.09%,-, 0.53%
12085,45.94%, 72.60%, 26.66%,-, 0.73%
12086,11.01%, 55.26%, 44.26%,-, 0.48%
12087,21.86%, 60.32%, 38.47%,-, 1.21%
12089,33.65%, 66.59%, 32.95%,-, 0.46%
12091,60.71%, 80.04%, 19.33%,-, 0.63%
12093,22.19%, 60.79%, 38.60%,-, 0.62%
12095,36.59%, 67.86%, 31.27%,-, 0.87%
12097,36.78%, 68.05%, 31.27%,-, 0.68%
12099,11.40%, 55.47%, 44.07%,-, 0.47%
12101,11.70%, 55.59%, 43.89%,-, 0.52%
12103,16.05%, 57.76%, 41.72%,-, 0.52%
12105,33.48%, 66.45%, 32.96%,-, 0.59%
12107,15.01%, 57.24%, 42.23%,-, 0.53%
12109,40.85%, 70.14%, 29.29%,-, 0.58%
12111,29.70%, 64.54%, 34.84%,-, 0.63%
12113,56.29%, 77.85%, 21.56%,-, 0.59%
12115,33.36%, 66.40%, 33.04%,-, 0.56%
12117,45.14%, 72.20%, 27.06%,-, 0.74%
12119,20.57%, 59.98%, 39.41%,-, 0.61%
12121,29.97%, 64.27%, 34.30%,-, 1.43%
12123,39.05%, 69.06%, 30.01%,-, 0.94%
12125,40.57%, 69.99%, 29.42%,-, 0.60%
12127,14.27%, 56.56%, 42.28%,-, 1.16%
12129,32.32%, 65.72%, 33.40%,-, 0.87%
12131,39.37%, 69.30%, 29.93%,-, 0.77%
12133,33.97%, 66.64%, 32.66%,-, 0.70%
13001,23.93%, 61.74%, 37.81%,-, 0.45%
13003,11.80%, 55.60%, 43.80%,-, 0.59%
13005,28.58%, 64.13%, 35.55%,-, 0.32%
13007,5.79%, 46.66%, 52.45%,-, 0.89%
13009,18.61%, 59.05%, 40.44%,-, 0.51%
13011,23.47%, 61.58%, 38.11%,-, 0.31%
13013,31.81%, 65.64%, 33.83%,-, 0.53%
13015,24.19%, 61.63%, 37.44%,-, 0.93%
13017,3.52%, 51.17%, 47.65%,-, 1.17%
13019,18.98%, 59.36%, 40.38%,-, 0.26%
13021,0.21%, 49.96%, 49.74%,-, 0.30%
13023,24.70%, 62.14%, 37.44%,-, 0.41%
13025,2.96%, 51.18%, 48.22%,-, 0.60%
13027,17.43%, 58.54%, 41.11%,-, 0.36%
13029,32.56%, 66.16%, 33.60%,-, 0.24%
13031,29.99%, 64.88%, 34.89%,-, 0.23%
13033,2.16%, 50.89%, 48.72%,-, 0.39%
13035,11.57%, 55.66%, 44.09%,-, 0.25%
13037,16.57%, 41.52%, 58.09%,-, 0.39%
13039,16.30%, 57.68%, 41.39%,-, 0.93%
13043,17.91%, 58.82%, 40.90%,-, 0.28%
13045,38.92%, 69.20%, 30.28%,-, 0.52%
13047,44.29%, 72.02%, 27.73%,-, 0.26%
13049,16.67%, 57.60%, 40.93%,-, 1.48%
13051,17.23%, 58.12%, 40.89%,-, 0.98%
13053,11.26%, 55.57%, 44.31%,-, 0.12%
13055,24.75%, 62.17%, 37.42%,-, 0.41%
13057,53.52%, 76.45%, 22.94%,-, 0.61%
13059,0.02%, 49.66%, 49.68%,-, 0.66%
13061,19.82%, 40.04%, 59.86%,-, 0.10%
13063,31.38%, 65.43%, 34.05%,-, 0.52%
13065,18.36%, 58.91%, 40.55%,-, 0.55%
13067,45.91%, 72.70%, 26.79%,-, 0.50%
13069,18.21%, 58.91%, 40.71%,-, 0.38%
13071,30.55%, 65.04%, 34.50%,-, 0.46%
13073,55.86%, 77.75%, 21.89%,-, 0.36%
13075,11.78%, 55.69%, 43.91%,-, 0.39%
13077,39.17%, 69.41%, 30.24%,-, 0.35%
13079,4.04%, 47.55%, 51.60%,-, 0.85%
13081,26.46%, 62.94%, 36.48%,-, 0.58%
13083,38.65%, 69.16%, 30.51%,-, 0.33%
13085,42.70%, 71.03%, 28.33%,-, 0.63%
13087,24.32%, 61.95%, 37.62%,-, 0.43%
13089,1.27%, 48.94%, 50.21%,-, 0.84%
13091,10.53%, 54.95%, 44.42%,-, 0.64%
13093,7.51%, 45.88%, 53.39%,-, 0.73%
13095,9.64%, 50.86%, 41.22%, 4.64%,-
13097,45.01%, 72.24%, 27.23%,-, 0.53%
13099,17.04%, 58.46%, 41.42%,-, 0.12%
13101,26.42%, 62.99%, 36.57%,-, 0.45%
13103,34.61%, 67.13%, 32.51%,-, 0.36%
13105,13.77%, 56.77%, 43.01%,-, 0.22%
13107,19.09%, 58.95%, 39.86%,-, 1.19%
13109,24.85%, 62.01%, 37.16%,-, 0.84%
13111,33.42%, 66.45%, 33.03%,-, 0.51%
13113,56.10%, 77.84%, 21.74%,-, 0.41%
13115,26.29%, 62.85%, 36.55%,-, 0.60%
13117,54.14%, 76.83%, 22.69%,-, 0.48%
13119,17.31%, 58.57%, 41.25%,-, 0.18%
13121,13.49%, 42.75%, 56.25%,-, 1.00%
13123,41.93%, 70.65%, 28.72%,-, 0.63%
13125,46.84%, 73.42%, 26.58%,-,-
13127,27.18%, 63.18%, 35.99%,-, 0.83%
13129,43.60%, 71.65%, 28.05%,-, 0.30%
13131,22.61%, 61.10%, 38.49%,-, 0.41%
13133,11.84%, 43.93%, 55.77%,-, 0.31%
13135,51.65%, 75.47%, 23.82%,-, 0.71%
13137,39.31%, 69.45%, 30.14%,-, 0.41%
13139,38.01%, 68.71%, 30.71%,-, 0.58%
13141,51.22%, 23.99%, 75.20%,-, 0.81%
13143,30.58%, 65.17%, 34.59%,-, 0.24%
13145,28.26%, 63.94%, 35.68%,-, 0.37%
13147,10.24%, 54.88%, 44.64%,-, 0.49%
13149,27.84%, 63.77%, 35.94%,-, 0.29%
13151,42.69%, 71.11%, 28.41%,-, 0.48%
13153,28.80%, 64.02%, 35.22%,-, 0.75%
13155,14.32%, 57.00%, 42.68%,-, 0.33%
13157,25.55%, 62.56%, 37.00%,-, 0.44%
13159,10.69%, 55.08%, 44.39%,-, 0.52%
13161,24.45%, 62.03%, 37.58%,-, 0.39%
13163,8.58%, 54.13%, 45.54%,-, 0.33%
13165,14.90%, 57.30%, 42.39%,-, 0.31%
13167,25.66%, 62.83%, 37.17%,-,-
13169,15.17%, 57.41%, 42.24%,-, 0.35%
13171,17.59%, 57.83%, 40.24%,-, 1.93%
13173,1.89%, 50.81%, 48.91%,-, 0.28%
13175,17.13%, 57.89%, 40.76%,-, 1.35%
13177,48.42%, 74.04%, 25.62%,-, 0.33%
13179,3.21%, 51.24%, 48.03%,-, 0.73%
13181,22.55%, 60.97%, 38.43%,-, 0.60%
13183,11.41%, 55.32%, 43.91%,-, 0.77%
13185,25.55%, 62.63%, 37.08%,-, 0.29%
13187,35.05%, 67.20%, 32.15%,-, 0.65%
13189,30.74%, 65.04%, 34.30%,-, 0.66%
13191,8.99%, 45.08%, 54.07%,-, 0.85%
13193,23.15%, 38.19%, 61.35%,-, 0.46%
13195,38.69%, 69.10%, 30.41%,-, 0.48%
13197,2.42%, 48.67%, 51.09%,-, 0.24%
13199,2.76%, 51.31%, 48.54%,-, 0.15%
13201,36.31%, 68.00%, 31.69%,-, 0.31%
13205,6.79%, 53.29%, 46.50%,-, 0.21%
13207,13.16%, 56.38%, 43.22%,-, 0.39%
13209,15.22%, 57.49%, 42.28%,-, 0.23%
13211,16.54%, 58.10%, 41.57%,-, 0.33%
13213,40.65%, 70.11%, 29.46%,-, 0.44%
13215,10.20%, 54.90%, 44.70%,-, 0.40%
13217,30.08%, 64.77%, 34.69%,-, 0.55%
13219,36.21%, 67.89%, 31.68%,-, 0.43%
13221,25.58%, 62.61%, 37.03%,-, 0.35%
13223,45.70%, 72.63%, 26.92%,-, 0.45%
13225,3.28%, 48.00%, 51.28%,-, 0.72%
13227,35.56%, 67.52%, 31.96%,-, 0.51%
13229,11.09%, 55.49%, 44.40%,-, 0.11%
13231,27.43%, 63.35%, 35.92%,-, 0.73%
13233,29.28%, 64.46%, 35.18%,-, 0.35%
13235,2.63%, 48.48%, 51.11%,-, 0.42%
13237,15.84%, 57.74%, 41.90%,-, 0.36%
13239,18.97%, 40.11%, 59.08%,-, 0.81%
13241,27.08%, 63.14%, 36.06%,-, 0.80%
13243,1.86%, 48.94%, 50.80%,-, 0.26%
13245,14.66%, 57.12%, 42.46%,-, 0.42%
13247,48.04%, 73.77%, 25.73%,-, 0.49%
13249,18.18%, 58.91%, 40.72%,-, 0.37%
13251,19.60%, 59.52%, 39.93%,-, 0.55%
13253,11.27%, 55.54%, 44.27%,-, 0.19%
13255,28.11%, 63.68%, 35.57%,-, 0.74%
13257,32.73%, 66.09%, 33.36%,-, 0.55%
13259,15.41%, 42.17%, 57.58%,-, 0.25%
13261,12.48%, 55.93%, 43.45%,-, 0.61%
13263,21.65%, 38.93%, 60.58%,-, 0.49%
13265,20.98%, 39.38%, 60.36%,-, 0.26%
13267,30.30%, 65.03%, 34.73%,-, 0.25%
13269,0.48%, 50.13%, 49.65%,-, 0.22%
13271,1.11%, 50.21%, 49.10%,-, 0.70%
13273,4.61%, 52.22%, 47.61%,-, 0.17%
13275,29.99%, 64.78%, 34.80%,-, 0.42%
13277,31.99%, 65.80%, 33.81%,-, 0.39%
13279,58.39%, 78.89%, 20.50%,-, 0.61%
13281,30.72%, 65.12%, 34.40%,-, 0.47%
13283,14.39%, 57.19%, 42.81%,-,-
13285,34.94%, 67.31%, 32.38%,-, 0.31%
13287,7.32%, 50.52%, 43.20%, 3.47%,-
13289,15.61%, 41.96%, 57.57%,-, 0.47%
13291,31.06%, 65.39%, 34.33%,-, 0.27%
13293,26.62%, 63.05%, 36.43%,-, 0.52%
13295,37.53%, 68.63%, 31.11%,-, 0.26%
13297,31.64%, 65.56%, 33.92%,-, 0.52%
13299,5.75%, 52.59%, 46.84%,-, 0.57%
13301,9.69%, 44.78%, 54.47%,-, 0.75%
13303,2.55%, 51.12%, 48.58%,-, 0.30%
13305,16.01%, 57.93%, 41.92%,-, 0.16%
13307,8.35%, 45.70%, 54.05%,-, 0.25%
13309,3.71%, 51.64%, 47.92%,-, 0.44%
13311,43.83%, 71.65%, 27.81%,-, 0.54%
13313,46.66%, 73.12%, 26.46%,-, 0.41%
13315,6.73%, 53.26%, 46.53%,-, 0.22%
13317,7.74%, 53.71%, 45.96%,-, 0.33%
13319,8.35%, 45.30%, 53.65%,-, 1.05%
13321,33.85%, 66.55%, 32.70%,-, 0.75%
15001,16.68%, 41.00%, 57.68%,-, 1.32%
15003,7.15%, 45.97%, 53.13%,-, 0.90%
15005,0%,-,-,-,-
15007,17.13%, 40.95%, 58.08%,-, 0.98%
15009,14.87%, 41.96%, 56.83%,-, 1.21%
16001,27.97%, 62.92%, 34.95%,-, 2.13%
16003,25.79%, 61.53%, 35.74%,-, 2.72%
16005,6.69%, 52.40%, 45.71%,-, 1.89%
16007,40.84%, 69.93%, 29.09%,-, 0.97%
16009,4.08%, 50.96%, 46.88%,-, 2.16%
16011,39.34%, 68.89%, 29.55%,-, 1.55%
16013,10.98%, 54.39%, 43.41%,-, 2.21%
16015,24.80%, 61.05%, 36.26%,-, 2.69%
16017,1.45%, 49.94%, 48.49%,-, 1.56%
16019,51.68%, 75.01%, 23.33%,-, 1.67%
16021,14.49%, 56.21%, 41.72%,-, 2.06%
16023,26.18%, 62.26%, 36.08%,-, 1.66%
16025,34.78%, 65.90%, 31.12%, 2.06%, 0.92%
16027,34.63%, 66.14%, 31.51%,-, 2.36%
16029,43.64%, 71.22%, 27.58%,-, 1.21%
16031,48.19%, 73.34%, 25.15%,-, 1.51%
16033,35.15%, 66.75%, 31.59%,-, 1.66%
16035,5.58%, 45.87%, 51.45%,-, 2.68%
16037,33.60%, 66.09%, 32.49%,-, 1.42%
16039,28.35%, 63.46%, 35.11%,-, 1.44%
16041,56.47%, 77.29%, 20.82%,-, 1.89%
16043,47.79%, 73.11%, 25.32%,-, 1.57%
16045,16.76%, 56.90%, 40.14%, 2.16%, 0.80%
16047,21.25%, 59.64%, 38.39%,-, 1.97%
16049,22.88%, 60.31%, 37.44%,-, 2.25%
16051,61.62%, 79.64%, 18.02%,-, 2.35%
16053,30.98%, 64.32%, 33.33%,-, 2.35%
16055,12.80%, 55.63%, 42.83%,-, 1.53%
16057,1.35%, 48.47%, 49.82%,-, 1.71%
16059,34.01%, 66.24%, 32.23%,-, 1.53%
16061,1.30%, 48.76%, 50.06%,-, 1.18%
16063,22.56%, 60.20%, 37.64%,-, 2.16%
16065,71.05%, 84.87%, 13.82%,-, 1.31%
16067,33.17%, 65.73%, 32.56%,-, 1.71%
16069,4.84%, 46.78%, 51.62%,-, 1.59%
16071,42.04%, 70.11%, 28.07%,-, 1.82%
16073,32.61%, 64.81%, 32.19%, 2.32%, 0.68%
16075,32.47%, 65.17%, 32.71%,-, 2.12%
16077,24.92%, 61.66%, 36.73%,-, 1.61%
16079,22.29%, 38.20%, 60.49%,-, 1.31%
16081,29.54%, 64.31%, 34.77%,-, 0.92%
16083,29.73%, 63.87%, 34.14%,-, 1.99%
16085,20.22%, 59.37%, 39.15%,-, 1.47%
16087,26.59%, 61.98%, 35.39%, 2.14%, 0.49%
17001,6.94%, 53.29%, 46.34%,-, 0.37%
17003,15.85%, 41.90%, 57.75%,-, 0.34%
17005,2.10%, 50.78%, 48.68%,-, 0.53%
17007,23.96%, 61.69%, 37.73%,-, 0.58%
17009,4.01%, 51.89%, 47.88%,-, 0.23%
17011,9.43%, 54.41%, 44.98%,-, 0.62%
17013,10.97%, 44.37%, 55.34%,-, 0.29%
17015,19.62%, 59.42%, 39.80%,-, 0.77%
17017,6.38%, 46.53%, 52.91%,-, 0.56%
17019,5.53%, 52.36%, 46.82%,-, 0.82%
17021,8.13%, 45.61%, 53.74%,-, 0.65%
17023,15.79%, 57.71%, 41.93%,-, 0.36%
17025,11.67%, 55.65%, 43.97%,-, 0.38%
17027,12.76%, 56.15%, 43.38%,-, 0.47%
17029,13.93%, 56.62%, 42.69%,-, 0.69%
17031,12.41%, 43.36%, 55.77%,-, 0.87%
17033,16.29%, 57.76%, 41.48%,-, 0.76%
17035,16.59%, 57.98%, 41.39%,-, 0.63%
17037,18.40%, 58.86%, 40.46%,-, 0.67%
17039,19.29%, 59.32%, 40.03%,-, 0.65%
17041,15.71%, 57.62%, 41.91%,-, 0.47%
17043,39.36%, 69.39%, 30.02%,-, 0.59%
17045,17.53%, 58.55%, 41.02%,-, 0.43%
17047,28.81%, 64.12%, 35.30%,-, 0.58%
17049,29.68%, 64.53%, 34.85%,-, 0.63%
17051,8.10%, 53.88%, 45.78%,-, 0.34%
17053,33.08%, 66.05%, 32.97%,-, 0.98%
17055,17.81%, 40.87%, 58.69%,-, 0.44%
17057,12.71%, 43.45%, 56.16%,-, 0.39%
17059,21.54%, 38.89%, 60.42%,-, 0.69%
17061,1.87%, 50.56%, 48.69%,-, 0.76%
17063,22.41%, 60.88%, 38.47%,-, 0.65%
17065,0.08%, 49.89%, 49.81%,-, 0.30%
17067,1.83%, 48.71%, 50.54%,-, 0.75%
17069,6.94%, 53.26%, 46.32%,-, 0.42%
17071,9.40%, 45.17%, 54.57%,-, 0.26%
17073,1.02%, 49.28%, 50.30%,-, 0.42%
17075,38.71%, 69.11%, 30.40%,-, 0.50%
17077,7.77%, 45.73%, 53.50%,-, 0.77%
17079,17.13%, 58.28%, 41.14%,-, 0.58%
17081,0.68%, 49.42%, 50.10%,-, 0.47%
17083,0.38%, 49.62%, 50.00%,-, 0.38%
17085,8.56%, 53.88%, 45.32%,-, 0.80%
17087,19.71%, 59.61%, 39.90%,-, 0.49%
17089,28.93%, 64.10%, 35.17%,-, 0.74%
17091,14.46%, 56.82%, 42.36%,-, 0.82%
17093,41.81%, 70.62%, 28.82%,-, 0.56%
17095,8.06%, 45.75%, 53.81%,-, 0.45%
17097,27.72%, 63.53%, 35.81%,-, 0.66%
17099,0.24%, 49.64%, 49.88%,-, 0.48%
17101,7.55%, 53.57%, 46.02%,-, 0.41%
17103,31.59%, 65.48%, 33.89%,-, 0.63%
17105,34.50%, 67.02%, 32.52%,-, 0.47%
17107,28.32%, 63.90%, 35.58%,-, 0.52%
17109,15.42%, 57.42%, 42.00%,-, 0.58%
17111,41.55%, 70.44%, 28.88%,-, 0.68%
17113,24.06%, 61.75%, 37.69%,-, 0.57%
17115,3.04%, 48.22%, 51.25%,-, 0.53%
17117,13.07%, 43.20%, 56.28%,-, 0.52%
17119,9.30%, 45.04%, 54.34%,-, 0.61%
17121,0.59%, 50.05%, 49.46%,-, 0.50%
17123,13.29%, 56.35%, 43.07%,-, 0.58%
17125,0.26%, 49.95%, 49.69%,-, 0.36%
17127,4.14%, 51.86%, 47.72%,-, 0.43%
17129,25.54%, 62.40%, 36.86%,-, 0.74%
17131,6.57%, 46.45%, 53.02%,-, 0.53%
17133,16.09%, 57.83%, 41.74%,-, 0.43%
17135,6.58%, 46.43%, 53.01%,-, 0.57%
17137,18.65%, 59.17%, 40.52%,-, 0.31%
17139,2.48%, 50.98%, 48.50%,-, 0.52%
17141,34.51%, 66.94%, 32.43%,-, 0.63%
17143,3.21%, 51.35%, 48.14%,-, 0.51%
17145,6.04%, 46.78%, 52.83%,-, 0.39%
17147,14.26%, 56.85%, 42.59%,-, 0.56%
17149,7.55%, 46.11%, 53.66%,-, 0.23%
17151,9.33%, 54.44%, 45.11%,-, 0.45%
17153,3.65%, 47.90%, 51.55%,-, 0.55%
17155,2.71%, 48.30%, 51.00%,-, 0.70%
17157,2.92%, 48.28%, 51.21%,-, 0.51%
17159,19.59%, 59.61%, 40.03%,-, 0.36%
17161,18.80%, 40.37%, 59.17%,-, 0.46%
17163,14.41%, 42.58%, 57.00%,-, 0.42%
17165,7.01%, 46.31%, 53.32%,-, 0.38%
17167,14.08%, 56.76%, 42.68%,-, 0.56%
17169,7.67%, 53.57%, 45.89%,-, 0.54%
17171,10.47%, 55.02%, 44.55%,-, 0.43%
17173,7.14%, 53.28%, 46.14%,-, 0.58%
17175,17.98%, 58.39%, 40.41%,-, 1.21%
17177,20.49%, 59.87%, 39.38%,-, 0.75%
17179,7.93%, 53.72%, 45.79%,-, 0.49%
17181,0.55%, 50.05%, 49.50%,-, 0.45%
17183,2.78%, 48.32%, 51.10%,-, 0.59%
17185,21.17%, 60.30%, 39.14%,-, 0.56%
17187,11.72%, 55.54%, 43.82%,-, 0.64%
17189,20.92%, 60.04%, 39.12%,-, 0.84%
17191,27.09%, 63.29%, 36.20%,-, 0.51%
17193,2.46%, 51.04%, 48.58%,-, 0.39%
17195,6.75%, 53.05%, 46.31%,-, 0.64%
17197,18.84%, 59.10%, 40.26%,-, 0.64%
17199,1.74%, 48.84%, 50.58%,-, 0.57%
17201,10.26%, 54.85%, 44.59%,-, 0.56%
17203,34.40%, 66.93%, 32.53%,-, 0.54%
18001,36.06%, 67.83%, 31.77%,-, 0.41%
18003,30.80%, 64.94%, 34.14%,-, 0.92%
18005,32.56%, 66.05%, 33.49%,-, 0.47%
18007,33.15%, 66.31%, 33.15%,-, 0.54%
18009,19.31%, 59.49%, 40.17%,-, 0.34%
18011,47.07%, 73.44%, 26.37%,-, 0.19%
18013,22.41%, 60.86%, 38.45%,-, 0.69%
18015,25.48%, 62.54%, 37.07%,-, 0.39%
18017,30.78%, 65.10%, 34.32%,-, 0.58%
18019,6.46%, 53.04%, 46.58%,-, 0.38%
18021,22.10%, 60.77%, 38.67%,-, 0.55%
18023,31.93%, 65.82%, 33.88%,-, 0.30%
18025,10.79%, 55.09%, 44.30%,-, 0.61%
18027,31.91%, 65.75%, 33.84%,-, 0.42%
18029,23.51%, 61.57%, 38.06%,-, 0.36%
18031,35.22%, 67.35%, 32.13%,-, 0.52%
18033,31.79%, 65.75%, 33.95%,-, 0.30%
18035,14.13%, 56.84%, 42.71%,-, 0.45%
18037,25.18%, 62.28%, 37.10%,-, 0.62%
18039,40.57%, 70.11%, 29.54%,-, 0.35%
18041,18.11%, 58.85%, 40.74%,-, 0.41%
18043,12.87%, 56.28%, 43.41%,-, 0.31%
18045,21.73%, 60.57%, 38.85%,-, 0.58%
18047,31.70%, 65.70%, 34.00%,-, 0.30%
18049,30.38%, 65.01%, 34.63%,-, 0.36%
18051,3.94%, 51.83%, 47.88%,-, 0.29%
18053,26.02%, 62.79%, 36.77%,-, 0.45%
18055,12.44%, 55.94%, 43.50%,-, 0.57%
18057,60.95%, 80.36%, 19.41%,-, 0.24%
18059,42.70%, 71.21%, 28.51%,-, 0.27%
18061,15.17%, 57.47%, 42.30%,-, 0.22%
18063,48.47%, 74.12%, 25.65%,-, 0.23%
18065,18.31%, 59.01%, 40.69%,-, 0.30%
18067,26.73%, 63.16%, 36.43%,-, 0.41%
18069,50.03%, 74.87%, 24.84%,-, 0.29%
18071,25.98%, 62.77%, 36.78%,-, 0.45%
18073,29.83%, 64.67%, 34.84%,-, 0.50%
18075,24.95%, 62.22%, 37.26%,-, 0.52%
18077,14.09%, 56.64%, 42.56%,-, 0.80%
18079,21.06%, 60.29%, 39.23%,-, 0.48%
18081,46.34%, 72.99%, 26.65%,-, 0.36%
18083,16.63%, 58.13%, 41.50%,-, 0.37%
18085,53.71%, 76.68%, 22.97%,-, 0.35%
18087,37.67%, 68.67%, 31.00%,-, 0.34%
18089,13.51%, 43.03%, 56.55%,-, 0.42%
18091,7.71%, 53.64%, 45.93%,-, 0.43%
18093,29.85%, 64.71%, 34.86%,-, 0.42%
18095,14.24%, 56.95%, 42.70%,-, 0.35%
18097,17.74%, 58.56%, 40.82%,-, 0.62%
18099,31.19%, 65.41%, 34.22%,-, 0.37%
18101,17.90%, 58.75%, 40.85%,-, 0.40%
18103,29.62%, 64.47%, 34.85%,-, 0.68%
18105,13.23%, 56.04%, 42.81%,-, 1.15%
18107,49.54%, 74.58%, 25.03%,-, 0.39%
18109,45.14%, 72.38%, 27.23%,-, 0.39%
18111,30.39%, 65.02%, 34.64%,-, 0.34%
18113,30.99%, 65.26%, 34.27%,-, 0.47%
18115,11.81%, 55.79%, 43.97%,-, 0.24%
18117,31.27%, 65.44%, 34.17%,-, 0.39%
18119,21.26%, 60.30%, 39.04%,-, 0.66%
18121,26.87%, 63.21%, 36.34%,-, 0.45%
18123,0.88%, 49.27%, 50.15%,-, 0.58%
18125,4.03%, 51.70%, 47.67%,-, 0.63%
18127,21.08%, 60.37%, 39.29%,-, 0.33%
18129,14.48%, 57.07%, 42.59%,-, 0.33%
18131,24.74%, 62.14%, 37.40%,-, 0.46%
18133,29.66%, 64.59%, 34.93%,-, 0.47%
18135,26.27%, 62.85%, 36.58%,-, 0.57%
18137,27.95%, 63.81%, 35.87%,-, 0.32%
18139,35.09%, 67.41%, 32.32%,-, 0.26%
18141,1.46%, 50.56%, 49.10%,-, 0.33%
18143,1.12%, 50.41%, 49.29%,-, 0.31%
18145,30.69%, 65.14%, 34.45%,-, 0.40%
18147,9.97%, 54.82%, 44.85%,-, 0.33%
18149,4.11%, 51.80%, 47.69%,-, 0.51%
18151,37.41%, 68.55%, 31.14%,-, 0.31%
18153,0.86%, 49.39%, 50.25%,-, 0.36%
18155,3.04%, 51.39%, 48.35%,-, 0.26%
18157,26.24%, 62.88%, 36.64%,-, 0.48%
18159,34.74%, 67.15%, 32.42%,-, 0.43%
18161,31.34%, 65.49%, 34.15%,-, 0.36%
18163,10.87%, 55.25%, 44.38%,-, 0.36%
18165,4.76%, 47.27%, 52.03%,-, 0.69%
18167,6.63%, 53.11%, 46.48%,-, 0.42%
18169,37.25%, 68.39%, 31.14%,-, 0.47%
18171,18.45%, 59.04%, 40.59%,-, 0.37%
18173,13.49%, 56.58%, 43.09%,-, 0.33%
18175,19.34%, 59.39%, 40.04%,-, 0.57%
18177,23.14%, 61.37%, 38.23%,-, 0.39%
18179,38.21%, 68.93%, 30.72%,-, 0.35%
18181,31.16%, 65.38%, 34.23%,-, 0.39%
18183,35.46%, 67.44%, 31.99%,-, 0.57%
19001,10.38%, 44.46%, 54.84%,-, 0.70%
19003,8.53%, 45.38%, 53.91%,-, 0.71%
19005,6.97%, 53.14%, 46.17%,-, 0.68%
19007,7.06%, 45.65%, 52.71%,-, 1.64%
19009,11.42%, 43.84%, 55.27%,-, 0.89%
19011,18.66%, 40.20%, 58.87%,-, 0.93%
19013,13.43%, 42.93%, 56.36%,-, 0.72%
19015,24.40%, 37.49%, 61.89%,-, 0.62%
19017,1.17%, 50.29%, 49.12%,-, 0.58%
19019,15.42%, 42.00%, 57.42%,-, 0.58%
19021,4.65%, 47.25%, 51.90%,-, 0.85%
19023,15.13%, 57.32%, 42.19%,-, 0.49%
19025,9.37%, 44.94%, 54.31%,-, 0.74%
19027,18.72%, 39.91%, 58.63%,-, 1.46%
19029,14.75%, 56.86%, 42.11%,-, 1.03%
19031,8.81%, 45.10%, 53.91%,-, 0.99%
19033,15.64%, 41.84%, 57.49%,-, 0.67%
19035,5.19%, 46.94%, 52.14%,-, 0.92%
19037,15.99%, 41.54%, 57.53%,-, 0.93%
19039,16.04%, 41.46%, 57.50%,-, 1.04%
19041,6.76%, 46.26%, 53.02%,-, 0.71%
19043,5.84%, 46.58%, 52.41%,-, 1.01%
19045,10.03%, 44.53%, 54.56%,-, 0.91%
19047,6.74%, 46.16%, 52.91%,-, 0.93%
19049,21.28%, 39.12%, 60.40%,-, 0.48%
19051,17.74%, 40.61%, 58.35%,-, 1.04%
19053,21.67%, 38.76%, 60.44%,-, 0.80%
19055,7.02%, 46.08%, 53.11%,-, 0.81%
19057,20.34%, 39.50%, 59.84%,-, 0.67%
19059,4.73%, 51.80%, 47.06%,-, 1.14%
19061,24.04%, 37.69%, 61.74%,-, 0.57%
19063,12.16%, 43.66%, 55.82%,-, 0.52%
19065,3.72%, 47.84%, 51.56%,-, 0.60%
19067,14.37%, 42.23%, 56.60%,-, 1.16%
19069,5.53%, 46.86%, 52.39%,-, 0.75%
19071,11.31%, 55.17%, 43.86%,-, 0.96%
19073,17.82%, 40.49%, 58.31%,-, 1.20%
19075,21.51%, 60.42%, 38.91%,-, 0.67%
19077,18.16%, 40.24%, 58.40%,-, 1.36%
19079,11.73%, 43.73%, 55.46%,-, 0.81%
19081,1.79%, 48.83%, 50.62%,-, 0.55%
19083,13.69%, 42.84%, 56.53%,-, 0.63%
19085,3.73%, 51.57%, 47.83%,-, 0.60%
19087,2.54%, 50.93%, 48.39%,-, 0.68%
19089,8.32%, 45.55%, 53.87%,-, 0.58%
19091,2.22%, 48.42%, 50.64%,-, 0.93%
19093,4.34%, 51.63%, 47.29%,-, 1.08%
19095,1.36%, 48.57%, 49.93%,-, 1.50%
19097,19.76%, 39.32%, 59.08%,-, 1.60%
19099,14.22%, 42.60%, 56.82%,-, 0.57%
19101,0.27%, 49.53%, 49.26%,-, 1.21%
19103,29.80%, 34.61%, 64.41%,-, 0.97%
19105,13.99%, 42.71%, 56.70%,-, 0.59%
19107,11.87%, 43.56%, 55.43%,-, 1.01%
19109,12.63%, 43.24%, 55.87%,-, 0.89%
19111,27.09%, 36.02%, 63.11%,-, 0.87%
19113,12.86%, 43.18%, 56.04%,-, 0.78%
19115,4.75%, 47.03%, 51.78%,-, 1.19%
19117,15.98%, 41.86%, 57.84%,-, 0.31%
19119,34.40%, 66.81%, 32.41%,-, 0.78%
19121,17.25%, 41.11%, 58.36%,-, 0.53%
19123,3.72%, 51.48%, 47.76%,-, 0.76%
19125,7.78%, 45.65%, 53.44%,-, 0.91%
19127,11.98%, 43.63%, 55.62%,-, 0.75%
19129,20.86%, 59.82%, 38.96%,-, 1.21%
19131,10.13%, 44.52%, 54.66%,-, 0.82%
19133,7.57%, 46.05%, 53.62%,-, 0.33%
19135,27.95%, 35.81%, 63.76%,-, 0.44%
19137,24.86%, 62.08%, 37.22%,-, 0.71%
19139,1.10%, 48.96%, 50.06%,-, 0.99%
19141,20.83%, 59.97%, 39.14%,-, 0.89%
19143,20.65%, 59.77%, 39.12%,-, 1.10%
19145,35.25%, 67.37%, 32.12%,-, 0.51%
19147,24.46%, 37.36%, 61.82%,-, 0.82%
19149,11.41%, 55.33%, 43.93%,-, 0.74%
19151,18.29%, 40.22%, 58.51%,-, 1.27%
19153,18.60%, 40.42%, 59.01%,-, 0.57%
19155,6.90%, 53.06%, 46.16%,-, 0.78%
19157,13.83%, 42.70%, 56.53%,-, 0.77%
19159,18.27%, 40.64%, 58.92%,-, 0.44%
19161,3.98%, 47.49%, 51.47%,-, 1.04%
19163,5.13%, 46.98%, 52.12%,-, 0.90%
19165,3.63%, 51.52%, 47.88%,-, 0.60%
19167,55.29%, 77.29%, 22.00%,-, 0.71%
19169,15.92%, 41.63%, 57.55%,-, 0.82%
19171,15.25%, 41.96%, 57.21%,-, 0.82%
19173,0.72%, 49.43%, 50.15%,-, 0.42%
19175,8.03%, 45.54%, 53.57%,-, 0.89%
19177,2.40%, 50.75%, 48.35%,-, 0.90%
19179,30.80%, 34.14%, 64.93%,-, 0.93%
19181,19.86%, 39.82%, 59.68%,-, 0.50%
19183,0.46%, 49.12%, 49.58%,-, 1.30%
19185,14.98%, 42.19%, 57.18%,-, 0.63%
19187,19.21%, 39.82%, 59.03%,-, 1.15%
19189,1.03%, 50.20%, 49.17%,-, 0.63%
19191,2.85%, 48.07%, 50.92%,-, 1.01%
19193,3.47%, 47.90%, 51.38%,-, 0.72%
19195,23.91%, 37.37%, 61.28%,-, 1.36%
19197,11.48%, 43.90%, 55.38%,-, 0.71%
20001,17.58%, 58.14%, 40.56%,-, 1.31%
20003,9.59%, 54.25%, 44.65%,-, 1.10%
20005,1.00%, 49.03%, 48.03%, 2.52%, 0.41%
20007,15.56%, 56.87%, 41.32%,-, 1.81%
20009,20.78%, 59.20%, 38.42%,-, 2.37%
20011,16.38%, 57.80%, 41.42%,-, 0.77%
20013,27.85%, 63.57%, 35.72%,-, 0.71%
20015,17.24%, 57.60%, 40.35%,-, 2.05%
20017,23.73%, 60.63%, 36.90%, 2.19%, 0.27%
20019,30.30%, 64.48%, 34.18%,-, 1.34%
20021,2.52%, 50.95%, 48.43%,-, 0.62%
20023,29.32%, 63.40%, 34.08%,-, 2.52%
20025,35.51%, 66.62%, 31.10%,-, 2.28%
20027,45.35%, 72.10%, 26.75%,-, 1.15%
20029,19.91%, 59.34%, 39.43%,-, 1.23%
20031,34.50%, 66.69%, 32.20%,-, 1.11%
20033,32.32%, 65.72%, 33.39%,-, 0.89%
20035,11.14%, 54.44%, 43.30%,-, 2.25%
20037,5.68%, 46.73%, 52.41%,-, 0.86%
20039,23.18%, 60.10%, 36.92%, 2.14%, 0.84%
20041,27.82%, 63.28%, 35.47%,-, 1.25%
20043,24.19%, 61.53%, 37.34%,-, 1.14%
20045,1.23%, 49.90%, 48.68%,-, 1.42%
20047,10.91%, 53.88%, 42.97%, 2.22%, 0.92%
20049,27.37%, 63.01%, 35.64%,-, 1.35%
20051,0.89%, 48.67%, 49.56%,-, 1.77%
20053,16.40%, 57.03%, 40.63%,-, 2.33%
20055,22.05%, 60.14%, 38.09%,-, 1.77%
20057,19.26%, 58.63%, 39.36%,-, 2.01%
20059,14.00%, 56.43%, 42.43%,-, 1.13%
20061,16.14%, 57.54%, 41.40%,-, 1.06%
20063,17.99%, 57.36%, 39.37%, 2.85%, 0.42%
20065,23.39%, 60.97%, 37.58%,-, 1.45%
20067,28.76%, 63.69%, 34.92%,-, 1.39%
20069,25.25%, 61.55%, 36.31%,-, 2.14%
20071,22.16%, 59.32%, 37.16%, 3.17%, 0.35%
20073,21.42%, 59.66%, 38.24%,-, 2.10%
20075,21.27%, 60.00%, 38.73%,-, 1.27%
20077,21.60%, 59.39%, 37.79%, 2.20%, 0.61%
20079,10.94%, 54.23%, 43.29%, 2.06%, 0.42%
20081,37.55%, 67.41%, 29.86%, 2.45%, 0.28%
20083,24.17%, 60.40%, 36.22%, 2.64%, 0.74%
20085,9.81%, 54.36%, 44.55%,-, 1.08%
20087,12.25%, 55.53%, 43.28%,-, 1.19%
20089,37.91%, 67.99%, 30.08%,-, 1.93%
20091,26.55%, 62.81%, 36.26%,-, 0.94%
20093,33.78%, 66.03%, 32.25%,-, 1.72%
20095,20.91%, 58.74%, 37.83%, 2.74%, 0.69%
20097,44.07%, 71.09%, 27.02%,-, 1.89%
20099,7.15%, 52.92%, 45.78%,-, 1.30%
20101,25.44%, 61.44%, 36.00%,-, 2.56%
20103,5.91%, 52.53%, 46.62%,-, 0.85%
20105,21.02%, 59.66%, 38.64%,-, 1.70%
20107,18.04%, 58.60%, 40.56%,-, 0.84%
20109,31.60%, 64.36%, 32.77%, 2.28%, 0.59%
20111,12.21%, 55.29%, 43.08%,-, 1.62%
20113,19.79%, 58.79%, 39.00%,-, 2.21%
20115,28.39%, 62.99%, 34.60%,-, 2.41%
20117,10.02%, 54.23%, 44.21%,-, 1.55%
20119,32.45%, 65.19%, 32.74%,-, 2.07%
20121,4.08%, 51.65%, 47.57%,-, 0.77%
20123,32.12%, 65.19%, 33.07%,-, 1.73%
20125,24.87%, 61.98%, 37.11%,-, 0.90%
20127,17.86%, 58.12%, 40.26%,-, 1.62%
20129,30.26%, 64.35%, 34.09%,-, 1.56%
20131,11.35%, 54.98%, 43.63%,-, 1.39%
20133,4.67%, 51.77%, 47.11%,-, 1.12%
20135,15.78%, 56.58%, 40.80%, 2.39%, 0.23%
20137,37.51%, 67.54%, 30.03%, 2.11%, 0.32%
20139,10.19%, 54.33%, 44.13%,-, 1.54%
20141,23.51%, 60.57%, 37.07%,-, 2.36%
20143,31.16%, 64.78%, 33.63%,-, 1.59%
20145,10.41%, 54.11%, 43.70%,-, 2.19%
20147,40.90%, 69.86%, 28.96%,-, 1.18%
20149,20.66%, 59.51%, 38.85%,-, 1.65%
20151,20.12%, 59.01%, 38.89%,-, 2.10%
20153,35.60%, 66.46%, 30.86%, 2.12%, 0.55%
20155,4.84%, 51.11%, 46.27%, 2.24%, 0.38%
20157,36.89%, 67.76%, 30.88%,-, 1.36%
20159,10.12%, 53.89%, 43.77%, 2.02%, 0.32%
20161,13.08%, 55.90%, 42.82%,-, 1.28%
20163,30.79%, 64.45%, 33.65%,-, 1.90%
20165,1.16%, 48.54%, 47.38%, 3.95%, 0.14%
20167,24.33%, 61.21%, 36.88%,-, 1.91%
20169,17.19%, 57.96%, 40.77%,-, 1.27%
20171,36.76%, 66.95%, 30.19%, 2.44%, 0.42%
20173,13.17%, 55.30%, 42.13%,-, 2.57%
20175,41.99%, 70.54%, 28.55%,-, 0.91%
20177,2.21%, 50.56%, 48.35%,-, 1.09%
20179,19.34%, 57.90%, 38.56%, 2.89%, 0.64%
20181,27.63%, 62.94%, 35.30%,-, 1.76%
20183,31.69%, 65.29%, 33.60%,-, 1.10%
20185,15.01%, 55.95%, 40.94%, 2.74%, 0.37%
20187,29.68%, 62.32%, 32.63%, 4.84%, 0.21%
20189,44.65%, 71.17%, 26.53%,-, 2.30%
20191,9.73%, 53.71%, 43.99%,-, 2.30%
20193,24.13%, 60.52%, 36.38%, 2.40%, 0.70%
20195,10.05%, 53.47%, 43.42%, 2.79%, 0.33%
20197,19.25%, 58.54%, 39.30%,-, 2.16%
20199,42.30%, 69.61%, 27.31%, 2.55%, 0.53%
20201,35.68%, 67.13%, 31.45%,-, 1.42%
20203,28.05%, 62.80%, 34.76%,-, 2.44%
20205,27.57%, 63.12%, 35.55%,-, 1.33%
20207,16.30%, 57.50%, 41.20%,-, 1.30%
20209,33.53%, 32.70%, 66.23%,-, 1.07%
21001,42.91%, 71.09%, 28.19%,-, 0.72%
21003,35.93%, 67.89%, 31.95%,-, 0.16%
21005,19.25%, 59.17%, 39.93%,-, 0.90%
21007,19.34%, 40.23%, 59.58%,-, 0.19%
21009,16.11%, 57.82%, 41.71%,-, 0.47%
21011,13.02%, 43.34%, 56.36%,-, 0.30%
21013,5.16%, 51.45%, 46.30%,-, 2.25%
21015,40.12%, 69.76%, 29.64%,-, 0.59%
21017,8.34%, 53.57%, 45.23%,-, 1.20%
21019,0.91%, 49.39%, 50.31%,-, 0.30%
21021,14.02%, 56.81%, 42.79%,-, 0.40%
21023,16.08%, 57.72%, 41.64%,-, 0.64%
21025,22.19%, 38.51%, 60.70%,-, 0.79%
21027,16.25%, 57.99%, 41.75%,-, 0.26%
21029,19.01%, 59.01%, 40.00%,-, 0.99%
21031,44.79%, 72.22%, 27.43%,-, 0.35%
21033,6.96%, 52.93%, 45.97%,-, 1.09%
21035,8.12%, 53.91%, 45.79%,-, 0.29%
21037,33.79%, 66.61%, 32.82%,-, 0.56%
21039,12.64%, 43.06%, 55.69%,-, 1.25%
21041,5.80%, 46.81%, 52.61%,-, 0.58%
21043,2.74%, 48.36%, 51.10%,-, 0.55%
21045,51.61%, 75.38%, 23.76%,-, 0.86%
21047,23.63%, 61.63%, 38.01%,-, 0.36%
21049,11.19%, 55.38%, 44.19%,-, 0.43%
21051,41.59%, 70.63%, 29.04%,-, 0.32%
21053,56.26%, 77.80%, 21.53%,-, 0.67%
21055,20.95%, 60.31%, 39.36%,-, 0.33%
21057,49.35%, 74.49%, 25.14%,-, 0.37%
21059,7.83%, 53.49%, 45.66%,-, 0.84%
21061,34.27%, 66.75%, 32.47%,-, 0.78%
21063,52.91%, 23.33%, 76.24%,-, 0.42%
21065,28.89%, 64.18%, 35.29%,-, 0.52%
21067,19.03%, 58.96%, 39.93%,-, 1.11%
21069,7.14%, 53.27%, 46.13%,-, 0.60%
21071,39.58%, 29.81%, 69.39%,-, 0.79%
21073,2.77%, 50.88%, 48.11%,-, 1.01%
21075,1.89%, 48.87%, 50.76%,-, 0.36%
21077,9.17%, 45.13%, 54.30%,-, 0.56%
21079,21.80%, 60.18%, 38.38%,-, 1.44%
21081,19.56%, 59.05%, 39.49%,-, 1.46%
21083,6.49%, 46.32%, 52.81%,-, 0.87%
21085,33.30%, 66.13%, 32.84%,-, 1.03%
21087,32.50%, 66.07%, 33.57%,-, 0.36%
21089,2.93%, 48.38%, 51.31%,-, 0.32%
21091,7.86%, 53.44%, 45.58%,-, 0.99%
21093,29.02%, 64.27%, 35.25%,-, 0.47%
21095,17.29%, 41.08%, 58.37%,-, 0.55%
21097,4.08%, 51.85%, 47.77%,-, 0.38%
21099,7.46%, 53.53%, 46.07%,-, 0.40%
21101,5.04%, 47.27%, 52.31%,-, 0.42%
21103,5.30%, 46.98%, 52.28%,-, 0.74%
21105,0.69%, 49.33%, 50.02%,-, 0.65%
21107,3.39%, 51.46%, 48.07%,-, 0.47%
21109,70.46%, 85.16%, 14.71%,-, 0.13%
21111,4.38%, 52.01%, 47.63%,-, 0.37%
21113,40.55%, 69.76%, 29.21%,-, 1.03%
21115,13.17%, 56.25%, 43.09%,-, 0.66%
21117,34.72%, 67.12%, 32.40%,-, 0.47%
21119,50.45%, 24.42%, 74.86%,-, 0.72%
21121,25.17%, 62.21%, 37.03%,-, 0.76%
21123,17.36%, 58.56%, 41.19%,-, 0.25%
21125,43.68%, 71.54%, 27.86%,-, 0.60%
21127,2.13%, 50.89%, 48.76%,-, 0.35%
21129,23.32%, 61.31%, 37.99%,-, 0.69%
21131,49.33%, 74.39%, 25.06%,-, 0.54%
21133,13.14%, 43.16%, 56.29%,-, 0.55%
21135,32.79%, 66.18%, 33.39%,-, 0.43%
21137,13.69%, 56.64%, 42.96%,-, 0.40%
21139,5.58%, 46.92%, 52.49%,-, 0.59%
21141,11.89%, 55.74%, 43.85%,-, 0.40%
21143,10.73%, 44.47%, 55.20%,-, 0.33%
21145,0.19%, 49.34%, 49.54%,-, 1.12%
21147,35.30%, 66.96%, 31.66%,-, 1.39%
21149,10.70%, 44.49%, 55.19%,-, 0.32%
21151,19.60%, 59.39%, 39.79%,-, 0.81%
21153,14.51%, 42.48%, 56.99%,-, 0.53%
21155,11.49%, 44.07%, 55.56%,-, 0.37%
