id,margin,bush,gore,trash,trash2,other
01001,40.98%, 69.69%, 28.72%,-,-, 1.59%
01003,47.58%, 72.37%, 24.78%,-,-, 2.85%
01005,0.89%, 49.02%, 49.91%,-,-, 1.07%
01007,22.01%, 60.17%, 38.16%,-,-, 1.66%
01009,42.79%, 70.48%, 27.69%,-,-, 1.83%
01011,40.01%, 29.22%, 69.23%,-,-, 1.55%
01013,6.68%, 52.89%, 46.21%,-,-, 0.90%
01015,16.77%, 57.33%, 40.56%,-,-, 2.11%
01017,3.56%, 51.01%, 47.46%,-,-, 1.53%
01019,8.40%, 53.10%, 44.70%,-,-, 2.20%
01021,34.85%, 66.70%, 31.84%,-,-, 1.46%
01023,1.45%, 48.82%, 50.27%,-,-, 0.91%
01025,12.17%, 55.69%, 43.52%,-,-, 0.79%
01027,28.45%, 63.22%, 34.76%,-,-, 2.02%
01029,32.78%, 65.46%, 32.68%,-,-, 1.87%
01031,30.57%, 64.39%, 33.82%,-,-, 1.79%
01033,0.12%, 48.85%, 48.96%,-,-, 2.19%
01035,1.51%, 48.62%, 50.14%,-,-, 1.24%
01037,6.09%, 52.16%, 46.07%,-,-, 1.77%
01039,33.21%, 65.83%, 32.62%,-,-, 1.56%
01041,17.91%, 58.25%, 40.33%,-,-, 1.42%
01043,31.83%, 64.88%, 33.05%,-,-, 2.07%
01045,35.98%, 67.02%, 31.04%,-,-, 1.94%
01047,19.54%, 39.86%, 59.40%,-,-, 0.74%
01049,28.45%, 63.23%, 34.78%,-,-, 1.98%
01051,42.53%, 70.48%, 27.94%,-,-, 1.58%
01053,21.03%, 59.82%, 38.79%,-,-, 1.39%
01055,9.29%, 53.59%, 44.30%,-,-, 2.10%
01057,19.44%, 58.68%, 39.24%,-,-, 2.07%
01059,11.94%, 55.11%, 43.17%,-,-, 1.72%
01061,39.95%, 68.92%, 28.97%,-,-, 2.11%
01063,60.37%, 19.34%, 79.71%,-,-, 0.96%
01065,21.58%, 38.60%, 60.17%,-,-, 1.23%
01067,18.35%, 58.48%, 40.13%,-,-, 1.38%
01069,39.74%, 69.10%, 29.36%,-,-, 1.54%
01071,3.30%, 47.33%, 50.63%,-,-, 2.04%
01073,3.14%, 50.59%, 47.45%,-,-, 1.97%
01075,25.07%, 61.66%, 36.60%,-,-, 1.74%
01077,11.21%, 54.39%, 43.17%,-,-, 2.44%
01079,5.13%, 46.54%, 51.67%,-,-, 1.79%
01081,20.54%, 58.63%, 38.09%,-, 2.34%, 0.95%
01083,22.05%, 60.10%, 38.05%,-,-, 1.85%
01085,46.76%, 26.24%, 72.99%,-,-, 0.77%
01087,74.44%, 12.35%, 86.80%,-,-, 0.85%
01089,12.31%, 54.85%, 42.53%,-,-, 2.62%
01091,1.57%, 48.81%, 50.39%,-,-, 0.80%
01093,19.65%, 58.78%, 39.13%,-,-, 2.09%
01095,23.95%, 61.04%, 37.09%,-,-, 1.87%
01097,13.97%, 55.93%, 41.96%,-,-, 2.11%
01099,15.77%, 57.57%, 41.79%,-,-, 0.64%
01101,1.92%, 48.34%, 50.26%,-,-, 1.41%
01103,22.76%, 60.39%, 37.63%,-,-, 1.98%
01105,39.54%, 29.93%, 69.47%,-,-, 0.60%
01107,1.91%, 50.42%, 48.51%,-,-, 1.07%
01109,16.13%, 57.45%, 41.32%,-,-, 1.22%
01111,19.85%, 58.92%, 39.07%,-,-, 2.01%
01113,14.88%, 41.95%, 56.83%,-,-, 1.23%
01115,44.13%, 71.05%, 26.92%,-,-, 2.03%
01117,55.48%, 76.70%, 21.22%,-,-, 2.08%
01119,45.76%, 26.76%, 72.52%,-,-, 0.72%
01121,9.99%, 54.25%, 44.26%,-,-, 1.49%
01123,22.29%, 60.33%, 38.04%,-,-, 1.63%
01125,15.62%, 56.56%, 40.95%,-,-, 2.49%
01127,7.27%, 52.60%, 45.32%,-,-, 2.08%
01129,9.62%, 54.20%, 44.58%,-,-, 1.22%
01131,34.78%, 32.40%, 67.19%,-,-, 0.41%
01133,39.93%, 68.82%, 28.89%,-,-, 2.29%
02013,0%,-,-,-,-,-
02016,0%,-,-,-,-,-
02020,0%,-,-,-,-,-
02050,0%,-,-,-,-,-
02060,0%,-,-,-,-,-
02068,0%,-,-,-,-,-
02070,0%,-,-,-,-,-
02090,0%,-,-,-,-,-
02100,0%,-,-,-,-,-
02105,0%,-,-,-,-,-
02110,0%,-,-,-,-,-
02122,0%,-,-,-,-,-
02130,0%,-,-,-,-,-
02150,0%,-,-,-,-,-
02164,0%,-,-,-,-,-
02170,0%,-,-,-,-,-
02180,0%,-,-,-,-,-
02185,0%,-,-,-,-,-
02188,0%,-,-,-,-,-
02195,0%,-,-,-,-,-
02198,0%,-,-,-,-,-
02220,0%,-,-,-,-,-
02230,0%,-,-,-,-,-
02240,0%,-,-,-,-,-
02261,0%,-,-,-,-,-
02270,0%,-,-,-,-,-
02275,0%,-,-,-,-,-
02282,0%,-,-,-,-,-
02290,0%,-,-,-,-,-
04001,36.38%, 30.57%, 66.95%,-,-, 2.49%
04003,14.50%, 54.69%, 40.19%,-, 3.35%, 1.77%
04005,6.65%, 42.96%, 49.60%,-, 6.06%, 1.38%
04007,8.22%, 51.64%, 43.41%,-, 2.80%, 2.15%
04009,27.44%, 62.16%, 34.72%,-,-, 3.13%
04011,13.61%, 54.70%, 41.08%,-, 2.30%, 1.93%
04012,17.27%, 56.73%, 39.46%,-, 2.03%, 1.78%
04013,10.35%, 53.23%, 42.88%,-, 2.49%, 1.40%
04015,15.67%, 55.25%, 39.58%,-, 3.00%, 2.18%
04017,2.35%, 49.25%, 46.90%,-, 2.06%, 1.79%
04019,8.03%, 43.31%, 51.34%,-, 4.30%, 1.05%
04021,1.14%, 48.73%, 47.59%,-, 2.19%, 1.49%
04023,21.24%, 37.60%, 58.84%,-, 2.44%, 1.11%
04025,23.57%, 58.84%, 35.27%,-, 4.01%, 1.89%
04027,12.75%, 54.82%, 42.07%,-,-, 3.10%
05001,7.47%, 52.62%, 45.15%,-,-, 2.23%
05003,4.56%, 46.86%, 51.42%,-,-, 1.72%
05005,18.09%, 57.09%, 39.00%,-, 2.57%, 1.35%
05007,32.73%, 64.94%, 32.21%,-,-, 2.85%
05009,29.89%, 62.85%, 32.95%,-, 2.12%, 2.08%
05011,8.27%, 45.06%, 53.33%,-,-, 1.61%
05013,5.08%, 51.62%, 46.54%,-,-, 1.83%
05015,20.45%, 57.94%, 37.49%,-, 3.14%, 1.44%
05017,28.21%, 35.13%, 63.34%,-,-, 1.53%
05019,10.26%, 43.77%, 54.03%,-,-, 2.19%
05021,21.58%, 38.20%, 59.78%,-,-, 2.02%
05023,15.77%, 56.14%, 40.36%,-,-, 3.50%
05025,8.30%, 52.75%, 44.45%,-,-, 2.80%
05027,10.91%, 53.92%, 43.01%,-,-, 3.07%
05029,0.68%, 49.00%, 48.33%,-,-, 2.67%
05031,0.87%, 48.33%, 49.20%,-,-, 2.48%
05033,25.62%, 61.30%, 35.68%,-,-, 3.02%
05035,10.33%, 44.26%, 54.59%,-,-, 1.16%
05037,1.01%, 48.80%, 49.81%,-,-, 1.38%
05039,4.18%, 47.25%, 51.43%,-,-, 1.32%
05041,26.10%, 35.66%, 61.76%,-,-, 2.58%
05043,5.13%, 46.54%, 51.67%,-,-, 1.79%
05045,14.05%, 54.95%, 40.90%,-,-, 4.14%
05047,9.82%, 53.37%, 43.55%,-,-, 3.08%
05049,1.46%, 49.56%, 48.10%,-,-, 2.34%
05051,9.07%, 53.15%, 44.08%,-,-, 2.77%
05053,12.47%, 54.63%, 42.16%,-,-, 3.21%
05055,3.91%, 46.71%, 50.62%,-,-, 2.68%
05057,9.33%, 44.68%, 54.01%,-,-, 1.30%
05059,4.42%, 45.92%, 50.33%,-,-, 3.75%
05061,5.90%, 52.16%, 46.27%,-,-, 1.57%
05063,8.62%, 53.00%, 44.39%,-,-, 2.61%
05065,5.68%, 45.73%, 51.41%,-,-, 2.86%
05067,22.58%, 37.55%, 60.13%,-,-, 2.32%
05069,32.91%, 32.22%, 65.13%,-,-, 2.65%
05071,5.40%, 51.07%, 45.66%,-,-, 3.27%
05073,7.92%, 45.46%, 53.38%,-,-, 1.15%
05075,10.41%, 43.48%, 53.89%,-,-, 2.63%
05077,33.39%, 32.78%, 66.17%,-,-, 1.04%
05079,12.15%, 43.03%, 55.19%,-,-, 1.78%
05081,11.40%, 43.38%, 54.78%,-,-, 1.84%
05083,14.87%, 55.42%, 40.55%,-,-, 4.03%
05085,20.93%, 59.11%, 38.18%,-,-, 2.71%
05087,23.67%, 60.18%, 36.51%,-,-, 3.30%
05089,19.43%, 56.56%, 37.12%,-, 3.66%, 2.66%
05091,7.26%, 52.94%, 45.67%,-,-, 1.39%
05093,15.16%, 41.31%, 56.47%,-,-, 2.22%
05095,17.64%, 40.36%, 58.00%,-,-, 1.64%
05097,18.45%, 56.91%, 38.46%,-, 2.70%, 1.93%
05099,1.90%, 48.05%, 49.95%,-,-, 2.01%
05101,33.72%, 64.40%, 30.69%,-, 2.85%, 2.06%
05103,6.97%, 45.59%, 52.56%,-,-, 1.85%
05105,11.63%, 52.76%, 41.13%,-,-, 6.11%
05107,30.75%, 33.87%, 64.62%,-,-, 1.51%
05109,16.90%, 57.29%, 40.39%,-,-, 2.32%
05111,15.40%, 41.30%, 56.70%,-,-, 2.00%
05113,31.77%, 63.95%, 32.18%,-,-, 3.86%
05115,24.83%, 61.04%, 36.20%,-,-, 2.76%
05117,8.53%, 53.09%, 44.57%,-,-, 2.34%
05119,9.79%, 43.94%, 53.73%,-,-, 2.33%
05121,5.89%, 45.48%, 51.37%,-,-, 3.15%
05123,18.50%, 40.18%, 58.69%,-,-, 1.13%
05125,18.27%, 57.48%, 39.21%,-,-, 3.32%
05127,23.99%, 60.26%, 36.27%,-,-, 3.47%
05129,34.03%, 64.32%, 30.29%,-, 2.05%, 3.35%
05131,19.74%, 58.48%, 38.73%,-,-, 2.79%
05133,0.37%, 49.17%, 48.80%,-,-, 2.03%
05135,6.48%, 51.89%, 45.41%,-,-, 2.69%
05137,11.93%, 53.97%, 42.04%,-, 2.02%, 1.98%
05139,15.29%, 55.40%, 40.11%,-,-, 4.49%
05141,4.05%, 49.90%, 45.85%,-, 2.19%, 2.06%
05143,13.23%, 54.86%, 41.64%,-, 2.35%, 1.16%
05145,21.80%, 59.46%, 37.66%,-,-, 2.88%
05147,30.22%, 33.87%, 64.09%,-,-, 2.04%
05149,2.48%, 49.75%, 47.26%,-,-, 2.99%
06001,45.23%, 24.13%, 69.36%,-, 5.56%, 0.94%
06003,2.73%, 47.95%, 45.22%,-, 4.27%, 2.56%
06005,18.49%, 56.69%, 38.19%,-, 3.78%, 1.35%
06007,17.02%, 54.45%, 37.43%,-, 6.84%, 1.28%
06009,18.57%, 56.15%, 37.58%,-, 4.57%, 1.70%
06011,33.70%, 64.92%, 31.22%,-, 2.70%, 1.16%
06013,21.75%, 37.06%, 58.81%,-, 3.43%, 0.71%
06015,16.99%, 54.57%, 37.58%,-, 5.85%, 2.00%
06017,21.94%, 58.29%, 36.35%,-, 4.18%, 1.19%
06019,10.09%, 53.14%, 43.05%,-, 2.96%, 0.86%
06021,37.85%, 66.53%, 28.68%,-, 3.08%, 1.72%
06023,2.92%, 41.48%, 44.40%,-, 12.68%, 1.43%
06025,10.25%, 43.28%, 53.53%,-, 2.10%, 1.09%
06027,26.37%, 60.31%, 33.93%,-, 4.40%, 1.36%
06029,24.50%, 60.70%, 36.20%,-,-, 3.09%
06031,18.83%, 57.80%, 38.97%,-, 2.00%, 1.24%
06033,9.65%, 41.58%, 51.23%,-, 6.05%, 1.14%
06035,38.71%, 66.88%, 28.17%,-, 3.20%, 1.75%
06037,31.11%, 32.35%, 63.47%,-, 3.11%, 1.08%
06039,25.85%, 60.74%, 34.89%,-, 3.23%, 1.14%
06041,35.94%, 28.32%, 64.26%,-, 6.73%, 0.70%
06043,23.67%, 58.55%, 34.88%,-, 4.69%, 1.88%
06045,12.68%, 35.66%, 48.34%,-, 14.68%, 1.32%
06047,6.70%, 51.77%, 45.08%,-, 2.31%, 0.84%
06049,49.28%, 72.29%, 23.01%,-, 2.97%, 1.73%
06051,11.62%, 52.53%, 40.91%,-, 5.26%, 1.30%
06053,20.30%, 37.23%, 57.53%,-, 4.30%, 0.93%
06055,14.43%, 39.89%, 54.32%,-, 4.78%, 1.01%
06057,17.54%, 54.76%, 37.22%,-, 6.92%, 1.10%
06059,15.40%, 55.75%, 40.36%,-, 2.76%, 1.13%
06061,23.25%, 59.28%, 36.04%,-, 3.78%, 0.90%
06063,27.74%, 60.98%, 33.25%,-, 4.38%, 1.38%
06065,6.51%, 51.42%, 44.90%,-, 2.59%, 1.09%
06067,3.98%, 45.33%, 49.31%,-, 4.09%, 1.27%
06069,12.57%, 41.68%, 54.25%,-, 3.18%, 0.89%
06071,1.54%, 48.75%, 47.21%,-, 2.59%, 1.45%
06073,3.97%, 49.63%, 45.66%,-, 3.54%, 1.17%
06075,59.44%, 16.10%, 75.54%,-, 7.76%, 0.59%
06077,1.19%, 48.90%, 47.70%,-, 2.51%, 0.89%
06079,11.33%, 52.22%, 40.89%,-, 5.99%, 0.90%
06081,33.33%, 30.95%, 64.29%,-, 4.02%, 0.74%
06083,1.24%, 46.13%, 47.37%,-, 5.59%, 0.91%
06085,26.22%, 34.44%, 60.66%,-, 3.48%, 1.43%
06087,34.14%, 27.34%, 61.48%,-, 10.01%, 1.16%
06089,34.79%, 65.04%, 30.25%,-, 3.20%, 1.51%
06091,34.22%, 63.45%, 29.24%,-, 4.66%, 2.65%
06093,29.64%, 61.55%, 31.90%,-, 4.40%, 2.15%
06095,17.85%, 39.17%, 57.02%,-, 2.94%, 0.87%
06097,27.29%, 32.25%, 59.54%,-, 7.27%, 0.94%
06099,8.37%, 52.38%, 44.01%,-, 2.65%, 0.96%
06101,33.63%, 65.31%, 31.68%,-, 2.24%, 0.77%
06103,32.43%, 63.63%, 31.20%,-, 3.34%, 1.82%
06105,24.29%, 57.62%, 33.33%,-, 6.83%, 2.23%
06107,23.45%, 60.20%, 36.75%,-, 2.04%, 1.01%
06109,16.07%, 55.51%, 39.44%,-, 4.00%, 1.04%
06111,1.03%, 48.17%, 47.14%,-, 3.62%, 1.07%
06113,17.40%, 37.53%, 54.93%,-, 6.69%, 0.85%
06115,26.61%, 61.00%, 34.39%,-, 3.14%, 1.46%
08001,6.09%, 44.10%, 50.19%,-, 3.86%, 1.85%
08003,7.10%, 50.49%, 43.38%,-, 4.68%, 1.45%
08005,7.98%, 51.47%, 43.49%,-, 3.66%, 1.37%
08007,32.70%, 62.80%, 30.10%,-, 5.57%, 1.53%
08009,49.69%, 73.00%, 23.31%,-, 2.06%, 1.62%
08011,15.94%, 55.83%, 39.89%,-, 2.24%, 2.04%
08013,13.69%, 36.44%, 50.12%,-, 11.82%, 1.63%
08014,0%,-,-,-,-,-
08015,20.13%, 56.50%, 36.37%,-, 6.03%, 1.09%
08017,61.72%, 78.96%, 17.24%,-,-, 3.80%
08019,1.20%, 45.63%, 44.44%,-, 7.19%, 2.74%
08021,0.63%, 48.27%, 47.64%,-, 2.15%, 1.93%
08023,33.37%, 30.58%, 63.96%,-, 4.31%, 1.15%
08025,23.81%, 59.17%, 35.36%,-,-, 2.70%
08027,44.72%, 68.74%, 24.02%,-, 4.74%, 2.51%
08029,40.26%, 65.99%, 25.73%,-, 6.72%, 1.56%
08031,30.99%, 30.87%, 61.86%,-, 5.86%, 1.41%
08033,39.51%, 65.34%, 25.84%,-, 6.44%, 2.38%
08035,33.55%, 64.95%, 31.40%,-, 2.59%, 1.06%
08037,2.59%, 47.18%, 44.59%,-, 6.88%, 1.36%
08039,42.67%, 68.61%, 25.95%,-, 3.26%, 2.19%
08041,33.12%, 63.91%, 30.78%,-, 3.54%, 1.77%
08043,28.78%, 61.75%, 32.97%,-, 3.21%, 2.07%
08045,17.63%, 53.22%, 35.59%,-, 9.40%, 1.79%
08047,3.77%, 40.81%, 44.58%,-, 11.20%, 1.22%
08049,19.86%, 56.19%, 36.33%,-, 5.76%, 1.72%
08051,0.95%, 43.23%, 42.27%,-, 12.81%, 1.69%
08053,22.61%, 55.83%, 33.22%,-, 9.01%, 1.94%
08055,0.91%, 46.19%, 47.10%,-, 5.32%, 1.39%
08057,55.03%, 73.73%, 18.70%,-, 4.32%, 3.24%
08059,8.14%, 51.02%, 42.88%,-, 4.39%, 1.72%
08061,53.41%, 75.21%, 21.80%,-,-, 3.00%
08063,50.12%, 73.51%, 23.40%,-,-, 3.09%
08065,9.13%, 40.18%, 49.32%,-, 8.11%, 2.40%
08067,10.39%, 48.77%, 38.38%,-, 11.61%, 1.24%
08069,13.81%, 52.67%, 38.85%,-, 6.91%, 1.57%
08071,11.06%, 42.16%, 53.22%,-, 3.27%, 1.36%
08073,50.93%, 74.12%, 23.19%,-,-, 2.68%
08075,39.96%, 68.32%, 28.36%,-,-, 3.32%
08077,33.16%, 63.45%, 30.29%,-, 4.38%, 1.88%
08079,25.93%, 60.49%, 34.57%,-, 3.91%, 1.03%
08081,49.04%, 71.95%, 22.92%,-, 3.17%, 1.97%
08083,38.38%, 65.62%, 27.24%,-, 5.65%, 1.49%
08085,36.76%, 65.18%, 28.43%,-, 4.61%, 1.77%
08087,31.53%, 63.59%, 32.06%,-, 2.34%, 2.00%
08089,15.30%, 55.83%, 40.52%,-,-, 3.65%
08091,25.71%, 57.28%, 31.57%,-, 10.03%, 1.12%
08093,19.26%, 55.17%, 35.90%,-, 6.06%, 2.87%
08095,45.45%, 70.86%, 25.41%,-, 2.16%, 1.58%
08097,20.15%, 32.88%, 53.04%,-, 12.99%, 1.09%
08099,36.80%, 66.89%, 30.08%,-,-, 3.03%
08101,11.24%, 42.31%, 53.55%,-, 2.82%, 1.32%
08103,57.51%, 76.53%, 19.02%,-, 2.98%, 1.47%
08105,27.67%, 61.30%, 33.64%,-, 3.53%, 1.54%
08107,2.74%, 46.40%, 43.66%,-, 8.51%, 1.43%
08109,2.65%, 42.63%, 45.27%,-, 10.32%, 1.78%
08111,13.99%, 48.17%, 34.17%,-, 13.30%, 4.36%
08113,17.05%, 32.04%, 49.09%,-, 17.20%, 1.66%
08115,37.84%, 67.31%, 29.47%,-,-, 3.22%
08117,7.29%, 40.63%, 47.92%,-, 10.22%, 1.23%
08119,37.85%, 65.78%, 27.93%,-, 4.36%, 1.94%
08121,57.30%, 76.81%, 19.51%,-, 2.04%, 1.64%
08123,21.65%, 57.96%, 36.31%,-, 3.78%, 1.95%
08125,47.59%, 72.42%, 24.83%,-,-, 2.75%
09001,9.21%, 43.12%, 52.33%,-, 3.42%, 1.13%
09003,25.49%, 34.68%, 60.17%,-, 3.87%, 1.28%
09005,3.02%, 44.85%, 47.87%,-, 6.20%, 1.08%
09007,18.11%, 37.83%, 55.94%,-, 5.22%, 1.01%
09009,21.99%, 36.04%, 58.03%,-, 4.56%, 1.37%
09011,17.67%, 37.72%, 55.38%,-, 5.70%, 1.20%
09013,14.11%, 39.40%, 53.52%,-, 5.92%, 1.16%
09015,16.64%, 38.00%, 54.64%,-, 5.97%, 1.38%
10001,2.68%, 49.90%, 47.23%,-, 2.24%, 0.62%
10003,22.98%, 36.88%, 59.86%,-, 2.71%, 0.55%
10005,7.36%, 52.23%, 44.86%,-, 2.20%, 0.71%
11001,76.20%, 8.95%, 85.16%,-, 5.24%, 0.65%
12001,15.44%, 39.80%, 55.25%,-, 3.76%, 1.18%
12003,39.47%, 68.80%, 29.33%,-,-, 1.86%
12005,33.65%, 65.70%, 32.06%,-,-, 2.24%
12007,26.99%, 62.43%, 35.45%,-,-, 2.12%
12009,8.20%, 52.75%, 44.55%,-, 2.05%, 0.65%
12011,36.48%, 30.93%, 67.41%,-,-, 1.66%
12013,13.86%, 55.52%, 41.66%,-,-, 2.82%
12015,8.64%, 52.96%, 44.31%,-, 2.19%, 0.54%
12017,7.46%, 52.06%, 44.60%,-, 2.42%, 0.93%
12019,47.32%, 72.80%, 25.48%,-,-, 1.72%
12021,33.11%, 65.58%, 32.47%,-,-, 1.95%
12023,21.17%, 59.24%, 38.07%,-,-, 2.68%
12027,11.97%, 54.48%, 42.51%,-, 2.01%, 1.00%
12029,18.64%, 57.79%, 39.15%,-,-, 3.06%
12031,16.75%, 57.49%, 40.74%,-,-, 1.77%
12033,27.54%, 62.62%, 35.08%,-,-, 2.31%
12035,4.72%, 46.53%, 51.25%,-,-, 2.22%
12037,8.76%, 52.83%, 44.07%,-,-, 3.10%
12039,33.71%, 32.38%, 66.09%,-,-, 1.53%
12041,25.76%, 61.17%, 35.40%,-,-, 3.43%
12043,11.86%, 54.71%, 42.85%,-,-, 2.44%
12045,18.79%, 57.79%, 39.00%,-,-, 3.20%
12047,10.69%, 54.14%, 43.44%,-,-, 2.42%
12049,22.82%, 60.38%, 37.56%,-,-, 2.07%
12051,18.52%, 58.32%, 39.81%,-,-, 1.87%
12053,3.05%, 47.00%, 50.05%,-, 2.30%, 0.66%
12055,17.18%, 57.48%, 40.31%,-,-, 2.21%
12057,3.11%, 50.17%, 47.06%,-, 2.08%, 0.69%
12059,38.33%, 67.77%, 29.43%,-,-, 2.80%
12061,17.87%, 57.71%, 39.84%,-,-, 2.46%
12063,13.92%, 56.06%, 42.14%,-,-, 1.80%
12065,9.98%, 43.91%, 53.89%,-,-, 2.20%
12067,35.17%, 66.67%, 31.50%,-,-, 1.84%
12069,15.17%, 56.44%, 41.27%,-,-, 2.29%
12071,17.67%, 57.57%, 39.90%,-,-, 2.54%
12073,21.69%, 37.88%, 59.57%,-,-, 2.56%
12075,11.51%, 53.91%, 42.40%,-, 2.24%, 1.45%
12077,12.45%, 54.65%, 42.20%,-,-, 3.15%
12079,0.37%, 49.29%, 48.92%,-,-, 1.78%
12081,7.97%, 52.58%, 44.61%,-, 2.26%, 0.54%
12083,10.17%, 53.55%, 43.39%,-,-, 3.06%
12085,11.85%, 54.78%, 42.93%,-,-, 2.29%
12086,6.28%, 46.29%, 52.57%,-,-, 1.14%
12087,1.25%, 47.39%, 48.64%,-, 3.22%, 0.75%
12089,39.74%, 68.98%, 29.24%,-,-, 1.78%
12091,49.70%, 73.69%, 23.99%,-,-, 2.32%
12093,4.75%, 51.32%, 46.57%,-,-, 2.11%
12095,2.04%, 48.02%, 50.06%,-,-, 1.92%
12097,3.50%, 47.11%, 50.61%,-,-, 2.27%
12099,26.96%, 35.31%, 62.27%,-,-, 2.42%
12101,0.68%, 48.05%, 48.73%,-, 2.38%, 0.83%
12103,3.97%, 46.38%, 50.35%,-, 2.52%, 0.75%
12105,8.96%, 53.56%, 44.60%,-,-, 1.85%
12107,5.15%, 51.29%, 46.14%,-,-, 2.57%
12109,33.00%, 65.10%, 32.10%,-, 2.00%, 0.79%
12111,8.79%, 44.50%, 53.29%,-,-, 2.21%
12113,46.67%, 72.10%, 25.43%,-,-, 2.47%
12115,6.37%, 51.63%, 45.27%,-, 2.53%, 0.57%
12117,12.02%, 55.00%, 42.98%,-,-, 2.02%
12119,11.19%, 54.48%, 43.29%,-,-, 2.23%
12121,31.56%, 64.27%, 32.71%,-,-, 3.02%
12123,20.69%, 59.59%, 38.90%,-,-, 1.51%
12125,24.18%, 60.95%, 36.77%,-,-, 2.27%
12127,8.14%, 44.84%, 52.98%,-,-, 2.17%
12129,7.85%, 52.54%, 44.70%,-,-, 2.76%
12131,35.71%, 66.51%, 30.80%,-,-, 2.70%
12133,27.37%, 62.24%, 34.86%,-,-, 2.90%
13001,30.28%, 64.60%, 34.32%,-,-, 1.08%
13003,19.65%, 59.30%, 39.64%,-,-, 1.06%
13005,35.19%, 67.11%, 31.92%,-,-, 0.97%
13007,18.30%, 40.49%, 58.79%,-,-, 0.72%
13009,1.22%, 49.82%, 48.60%,-,-, 1.58%
13011,43.72%, 70.64%, 26.91%,-,-, 2.45%
13013,35.27%, 65.49%, 30.22%,-,-, 1.15%
13015,31.66%, 64.62%, 32.96%,-,-, 2.43%
13017,3.15%, 51.08%, 47.93%,-,-, 0.99%
13019,24.44%, 61.63%, 37.19%,-,-, 1.18%
13021,1.86%, 48.36%, 50.22%,-,-, 1.42%
13023,31.02%, 64.98%, 33.96%,-,-, 1.07%
13025,38.24%, 68.29%, 30.05%,-,-, 1.66%
13027,6.81%, 52.87%, 46.06%,-,-, 1.08%
13029,37.72%, 68.49%, 30.77%,-,-, 0.74%
13031,23.20%, 60.82%, 37.62%,-,-, 1.56%
13033,4.75%, 47.39%, 52.14%,-,-, 0.48%
13035,16.27%, 56.75%, 40.48%,-,-, 2.77%
13037,17.97%, 40.70%, 58.66%,-,-, 0.64%
13039,27.03%, 62.96%, 35.93%,-,-, 1.11%
13043,21.68%, 60.36%, 38.68%,-,-, 0.96%
13045,29.42%, 63.42%, 34.00%,-,-, 2.58%
13047,37.04%, 67.90%, 30.87%,-,-, 1.23%
13049,26.81%, 62.86%, 36.04%,-,-, 1.10%
13051,0.34%, 49.49%, 49.15%,-,-, 1.36%
13053,0.83%, 48.88%, 49.71%,-,-, 1.41%
13055,14.07%, 56.20%, 42.13%,-,-, 1.67%
13057,49.17%, 72.65%, 23.49%,-,-, 1.07%
13059,11.48%, 41.00%, 52.47%,-, 4.31%, 2.21%
13061,29.21%, 35.08%, 64.29%,-,-, 0.63%
13063,32.70%, 32.52%, 65.21%,-,-, 2.27%
13065,14.26%, 56.56%, 42.30%,-,-, 1.14%
13067,22.90%, 59.78%, 36.88%,-,-, 1.25%
13069,22.94%, 61.04%, 38.10%,-,-, 0.86%
13071,33.01%, 66.08%, 33.06%,-,-, 0.86%
13073,49.13%, 74.04%, 24.91%,-,-, 1.05%
13075,16.23%, 57.78%, 41.56%,-,-, 0.66%
13077,39.30%, 68.30%, 29.00%,-,-, 2.70%
13079,13.29%, 55.71%, 42.42%,-,-, 1.88%
13081,18.13%, 58.57%, 40.44%,-,-, 1.00%
13083,33.77%, 66.01%, 32.24%,-,-, 1.74%
13085,46.66%, 71.38%, 24.72%,-,-, 1.41%
13087,10.32%, 54.75%, 44.43%,-,-, 0.82%
13089,43.50%, 26.73%, 70.24%,-,-, 3.03%
13091,19.50%, 59.08%, 39.58%,-,-, 1.34%
13093,8.89%, 45.11%, 54.01%,-,-, 0.88%
13095,15.15%, 42.14%, 57.29%,-,-, 0.57%
13097,24.97%, 61.02%, 36.05%,-,-, 2.94%
13099,8.81%, 54.06%, 45.24%,-,-, 0.70%
13101,38.08%, 68.37%, 30.29%,-,-, 1.34%
13103,38.44%, 68.79%, 30.35%,-,-, 0.86%
13105,12.56%, 55.73%, 43.17%,-,-, 1.09%
13107,8.11%, 53.38%, 45.27%,-,-, 1.36%
13109,20.26%, 59.77%, 39.51%,-,-, 0.71%
13111,32.50%, 65.11%, 32.61%,-,-, 2.28%
13113,41.05%, 69.11%, 28.06%,-,-, 2.82%
13115,22.04%, 60.37%, 38.33%,-,-, 1.30%
13117,58.94%, 77.66%, 18.72%,-,-, 0.81%
13119,28.10%, 63.50%, 35.40%,-,-, 1.09%
13121,17.92%, 39.84%, 57.76%,-,-, 2.39%
13123,36.78%, 67.04%, 30.26%,-,-, 2.70%
13125,50.39%, 74.80%, 24.41%,-,-, 0.78%
13127,29.34%, 64.09%, 34.75%,-,-, 1.16%
13129,32.05%, 65.09%, 33.04%,-,-, 1.88%
13131,17.50%, 58.09%, 40.59%,-,-, 1.31%
13133,16.22%, 57.34%, 41.12%,-,-, 1.54%
13135,31.56%, 63.71%, 32.15%,-,-, 1.07%
13137,45.75%, 71.86%, 26.11%,-,-, 2.03%
13139,43.47%, 70.36%, 26.89%,-,-, 2.75%
13141,56.77%, 21.45%, 78.22%,-,-, 0.32%
13143,27.97%, 63.10%, 35.13%,-,-, 1.78%
13145,30.86%, 64.87%, 34.01%,-,-, 1.12%
13147,13.93%, 56.29%, 42.36%,-,-, 1.35%
13149,24.05%, 60.88%, 36.84%,-,-, 2.28%
13151,35.62%, 66.42%, 30.80%,-,-, 0.64%
13153,26.69%, 62.65%, 35.96%,-,-, 1.39%
13155,21.56%, 60.31%, 38.74%,-,-, 0.95%
13157,38.32%, 67.71%, 29.39%,-,-, 2.90%
13159,18.77%, 58.28%, 39.51%,-,-, 2.21%
13161,33.59%, 66.26%, 32.67%,-,-, 1.07%
13163,7.44%, 45.98%, 53.41%,-,-, 0.61%
13165,2.58%, 50.79%, 48.21%,-,-, 1.00%
13167,25.39%, 62.33%, 36.94%,-,-, 0.73%
13169,21.67%, 60.11%, 38.45%,-,-, 1.44%
13171,13.73%, 55.68%, 41.95%,-,-, 2.37%
13173,11.34%, 55.04%, 43.70%,-,-, 1.26%
13175,17.16%, 57.94%, 40.78%,-,-, 1.28%
13177,49.92%, 74.48%, 24.56%,-,-, 0.96%
13179,8.95%, 44.68%, 53.62%,-,-, 1.70%
13181,17.14%, 58.23%, 41.09%,-,-, 0.68%
13183,14.91%, 57.04%, 42.13%,-,-, 0.82%
13185,15.12%, 56.87%, 41.74%,-,-, 1.39%
13187,34.16%, 65.59%, 31.42%,-,-, 0.93%
13189,20.55%, 59.94%, 39.39%,-,-, 0.67%
13191,7.32%, 46.03%, 53.35%,-,-, 0.63%
13193,27.35%, 35.96%, 63.31%,-,-, 0.73%
13195,40.59%, 69.17%, 28.59%,-,-, 2.24%
13197,9.39%, 54.35%, 44.96%,-,-, 0.69%
13199,4.16%, 47.13%, 51.29%,-,-, 1.58%
13201,26.33%, 62.74%, 36.42%,-,-, 0.84%
13205,3.12%, 48.11%, 51.23%,-,-, 0.66%
13207,22.84%, 60.48%, 37.65%,-,-, 1.87%
13209,18.02%, 58.39%, 40.37%,-,-, 1.24%
13211,21.79%, 59.71%, 37.92%,-,-, 2.37%
13213,34.10%, 66.16%, 32.06%,-,-, 1.78%
13215,9.04%, 45.01%, 54.05%,-,-, 0.94%
13217,24.08%, 60.56%, 36.48%,-,-, 0.72%
13219,39.64%, 68.15%, 28.51%,-,-, 3.34%
13221,27.07%, 61.71%, 34.64%,-,-, 3.65%
13223,41.79%, 69.58%, 27.79%,-,-, 2.62%
13225,0.21%, 49.39%, 49.60%,-,-, 1.01%
13227,36.57%, 66.92%, 30.35%,-,-, 2.73%
13229,43.75%, 71.52%, 27.77%,-,-, 0.70%
13231,39.82%, 68.74%, 28.93%,-,-, 2.33%
13233,17.09%, 57.74%, 40.65%,-,-, 1.61%
13235,15.90%, 57.44%, 41.54%,-,-, 1.02%
13237,15.62%, 57.09%, 41.47%,-,-, 1.44%
13239,21.46%, 38.50%, 59.96%,-,-, 1.55%
13241,31.36%, 64.61%, 33.25%,-,-, 2.13%
13243,8.06%, 45.70%, 53.76%,-,-, 0.54%
13245,10.30%, 44.29%, 54.60%,-,-, 1.11%
13247,28.99%, 62.64%, 33.65%,-,-, 1.18%
13249,20.92%, 60.03%, 39.12%,-,-, 0.85%
13251,4.83%, 52.15%, 47.32%,-,-, 0.53%
13253,7.79%, 53.42%, 45.64%,-,-, 0.94%
13255,22.35%, 60.24%, 37.89%,-,-, 1.88%
13257,29.86%, 64.11%, 34.25%,-,-, 1.64%
13259,30.30%, 34.54%, 64.84%,-,-, 0.61%
13261,1.02%, 49.98%, 48.96%,-,-, 1.05%
13263,32.32%, 33.35%, 65.67%,-,-, 0.99%
13265,34.25%, 32.57%, 66.83%,-,-, 0.60%
13267,29.13%, 64.12%, 34.99%,-,-, 0.89%
13269,2.59%, 50.79%, 48.20%,-,-, 1.01%
13271,2.40%, 48.47%, 50.87%,-,-, 0.66%
13273,2.57%, 48.31%, 50.88%,-,-, 0.80%
13275,18.50%, 58.82%, 40.32%,-,-, 0.85%
13277,30.32%, 64.66%, 34.34%,-,-, 1.00%
13279,25.58%, 62.23%, 36.66%,-,-, 1.11%
13281,31.29%, 64.53%, 33.24%,-,-, 2.22%
13283,9.32%, 54.10%, 44.78%,-,-, 1.12%
13285,27.07%, 62.90%, 35.83%,-,-, 1.27%
13287,3.62%, 51.22%, 47.60%,-,-, 1.18%
13289,11.26%, 43.43%, 54.69%,-,-, 1.88%
13291,33.60%, 65.66%, 32.06%,-,-, 2.29%
13293,22.47%, 60.60%, 38.13%,-,-, 1.27%
13295,31.68%, 65.23%, 33.56%,-,-, 1.21%
13297,39.21%, 67.95%, 28.74%,-,-, 0.83%
13299,27.20%, 63.35%, 36.14%,-,-, 0.51%
13301,12.26%, 43.50%, 55.76%,-,-, 0.75%
13303,4.69%, 47.26%, 51.95%,-,-, 0.79%
13305,31.02%, 65.20%, 34.18%,-,-, 0.61%
13307,20.02%, 39.49%, 59.52%,-,-, 0.99%
13309,3.87%, 51.62%, 47.75%,-,-, 0.63%
13311,40.37%, 68.96%, 28.60%,-,-, 2.44%
13313,37.84%, 68.03%, 30.19%,-,-, 1.79%
13315,17.72%, 58.39%, 40.68%,-,-, 0.93%
13317,2.58%, 50.77%, 48.19%,-,-, 1.04%
13319,2.25%, 48.13%, 50.37%,-,-, 1.50%
13321,26.04%, 62.56%, 36.53%,-,-, 0.91%
15001,22.85%, 33.52%, 56.37%,-, 9.05%, 1.05%
15003,14.96%, 39.58%, 54.54%,-, 5.09%, 0.79%
15005,0%,-,-,-,-,-
15007,31.63%, 30.23%, 61.87%,-, 6.77%, 1.13%
15009,27.03%, 32.81%, 59.83%,-, 6.37%, 0.99%
16001,27.86%, 60.78%, 32.92%,-, 3.92%, 2.38%
16003,59.72%, 77.32%, 17.60%,-, 2.15%, 2.93%
16005,23.76%, 59.07%, 35.30%,-, 2.98%, 2.65%
16007,61.37%, 79.20%, 17.83%,-,-, 2.97%
16009,46.41%, 70.68%, 24.27%,-,-, 5.04%
16011,50.59%, 73.47%, 22.88%,-,-, 1.38%
16013,2.77%, 44.44%, 47.22%,-, 5.39%, 2.95%
16015,41.70%, 66.09%, 24.39%,-, 4.03%, 2.45%
16017,31.83%, 61.53%, 29.70%,-, 6.14%, 2.62%
16019,52.91%, 74.47%, 21.56%,-,-, 3.97%
16021,50.59%, 72.01%, 21.42%,-, 3.40%, 3.17%
16023,47.95%, 72.19%, 24.25%,-,-, 1.16%
16025,48.52%, 70.81%, 22.29%,-,-, 2.96%
16027,46.45%, 71.07%, 24.62%,-,-, 4.31%
16029,66.92%, 81.87%, 14.95%,-,-, 3.18%
16031,67.26%, 82.20%, 14.93%,-,-, 2.87%
16033,64.92%, 81.41%, 16.49%,-,-, 2.09%
16035,52.46%, 74.05%, 21.59%,-,-, 4.36%
16037,59.14%, 77.00%, 17.85%,-,-, 3.13%
16039,43.80%, 70.21%, 26.41%,-,-, 3.37%
16041,72.61%, 84.70%, 12.09%,-,-, 1.13%
16043,69.63%, 83.37%, 13.74%,-,-, 2.89%
16045,50.64%, 73.14%, 22.50%,-,-, 1.92%
16047,44.17%, 69.68%, 25.51%,-,-, 2.15%
16049,61.98%, 77.91%, 15.93%,-,-, 3.80%
16051,68.66%, 82.70%, 14.04%,-,-, 1.03%
16053,50.91%, 73.55%, 22.64%,-,-, 1.50%
16055,33.49%, 64.28%, 30.79%,-, 2.47%, 2.46%
16057,16.33%, 53.30%, 36.97%,-, 6.52%, 3.20%
16059,60.40%, 78.52%, 18.13%,-,-, 3.35%
16061,56.87%, 76.72%, 19.85%,-,-, 3.44%
16063,38.88%, 66.65%, 27.76%,-,-, 2.48%
16065,79.43%, 88.53%, 9.10%,-,-, 2.37%
16067,54.66%, 75.28%, 20.62%,-,-, 1.99%
16069,34.84%, 66.02%, 31.18%,-,-, 2.80%
16071,62.24%, 79.31%, 17.07%,-,-, 1.28%
16073,57.31%, 76.85%, 19.54%,-,-, 1.51%
16075,48.38%, 72.34%, 23.96%,-,-, 3.70%
16077,41.23%, 69.10%, 27.87%,-,-, 3.03%
16079,12.14%, 53.46%, 41.32%,-,-, 5.22%
16081,38.38%, 65.33%, 26.96%,-, 5.65%, 2.06%
16083,44.46%, 70.10%, 25.64%,-,-, 4.26%
16085,35.67%, 64.05%, 28.38%,-, 5.05%, 2.51%
16087,47.15%, 71.23%, 24.08%,-,-, 2.51%
17001,17.05%, 57.56%, 40.51%,-,-, 1.93%
17003,19.12%, 39.48%, 58.60%,-,-, 1.91%
17005,10.58%, 54.10%, 43.52%,-,-, 2.39%
17007,13.76%, 55.51%, 41.75%,-, 2.09%, 0.64%
17009,16.99%, 57.48%, 40.49%,-,-, 2.03%
17011,4.59%, 50.68%, 46.09%,-, 2.16%, 1.07%
17013,3.11%, 47.23%, 50.35%,-,-, 2.42%
17015,10.06%, 53.43%, 43.37%,-, 2.15%, 1.05%
17017,3.03%, 50.31%, 47.28%,-,-, 2.41%
17019,1.17%, 46.64%, 47.81%,-, 4.77%, 0.78%
17021,5.00%, 51.03%, 46.03%,-,-, 2.94%
17023,19.52%, 58.55%, 39.03%,-,-, 2.42%
17025,25.70%, 61.76%, 36.06%,-,-, 2.18%
17027,13.95%, 55.67%, 41.72%,-,-, 2.61%
17029,7.92%, 52.23%, 44.31%,-, 2.52%, 0.93%
17031,39.98%, 28.65%, 68.63%,-, 2.25%, 0.47%
17033,19.31%, 58.52%, 39.21%,-,-, 2.27%
17035,21.99%, 59.58%, 37.59%,-,-, 2.83%
17037,7.04%, 51.57%, 44.53%,-, 3.11%, 0.79%
17039,15.57%, 56.28%, 40.70%,-,-, 3.02%
17041,18.63%, 58.07%, 39.44%,-,-, 2.49%
17043,13.31%, 55.18%, 41.87%,-, 2.39%, 0.57%
17045,19.64%, 58.71%, 39.07%,-,-, 2.22%
17047,37.85%, 67.85%, 30.00%,-,-, 2.15%
17049,38.87%, 68.04%, 29.17%,-,-, 2.80%
17051,14.07%, 55.69%, 41.61%,-,-, 2.70%
17053,29.24%, 63.20%, 33.97%,-,-, 2.83%
17055,8.91%, 44.19%, 53.10%,-,-, 2.71%
17057,12.31%, 42.61%, 54.92%,-,-, 2.46%
17059,8.07%, 44.72%, 52.78%,-,-, 2.50%
17061,11.08%, 54.26%, 43.18%,-,-, 2.57%
17063,7.19%, 52.51%, 45.32%,-,-, 2.16%
17065,12.56%, 54.92%, 42.36%,-,-, 2.73%
17067,9.06%, 52.98%, 43.92%,-,-, 3.11%
17069,6.90%, 51.80%, 44.90%,-,-, 3.30%
17071,8.33%, 44.18%, 52.51%,-,-, 3.31%
17073,4.37%, 46.43%, 50.79%,-,-, 2.78%
17075,31.94%, 64.70%, 32.75%,-,-, 2.55%
17077,8.45%, 42.54%, 50.99%,-, 5.32%, 1.15%
17079,25.97%, 62.12%, 36.15%,-,-, 1.73%
17081,10.92%, 54.44%, 43.52%,-,-, 2.04%
17083,3.65%, 49.92%, 46.27%,-, 2.45%, 1.36%
17085,6.97%, 51.39%, 44.42%,-, 3.04%, 1.15%
17087,25.31%, 61.26%, 35.96%,-,-, 2.78%
17089,11.93%, 54.45%, 42.52%,-, 2.32%, 0.71%
17091,2.16%, 49.89%, 47.73%,-,-, 2.37%
17093,23.03%, 60.12%, 37.09%,-, 2.11%, 0.69%
17095,11.48%, 42.77%, 54.25%,-,-, 2.98%
17097,2.45%, 49.96%, 47.51%,-,-, 2.53%
17099,4.52%, 46.25%, 50.76%,-, 2.16%, 0.83%
17101,11.74%, 54.64%, 42.90%,-,-, 2.46%
17103,13.39%, 55.19%, 41.80%,-, 2.19%, 0.82%
17105,21.78%, 59.57%, 37.80%,-,-, 2.63%
17107,27.10%, 62.31%, 35.21%,-,-, 2.48%
17109,2.96%, 49.68%, 46.73%,-, 2.80%, 0.79%
17111,20.17%, 58.49%, 38.33%,-, 2.59%, 0.59%
17113,14.90%, 55.84%, 40.95%,-, 2.54%, 0.67%
17115,0.87%, 48.14%, 49.02%,-,-, 2.84%
17117,5.92%, 45.58%, 51.50%,-,-, 2.92%
17119,9.23%, 43.94%, 53.17%,-, 2.12%, 0.76%
17121,1.03%, 49.45%, 48.42%,-,-, 2.13%
17123,9.73%, 53.24%, 43.51%,-, 2.27%, 0.98%
17125,3.23%, 50.37%, 47.14%,-,-, 2.50%
17127,11.33%, 54.51%, 43.18%,-,-, 2.31%
17129,27.38%, 62.27%, 34.89%,-, 2.18%, 0.66%
17131,8.56%, 44.34%, 52.90%,-,-, 2.77%
17133,13.30%, 55.32%, 42.02%,-,-, 2.66%
17135,2.41%, 47.55%, 49.97%,-,-, 2.48%
17137,15.06%, 56.22%, 41.15%,-,-, 2.63%
17139,9.24%, 53.41%, 44.17%,-,-, 2.41%
17141,22.58%, 59.83%, 37.25%,-, 2.27%, 0.66%
17143,2.87%, 47.39%, 50.26%,-,-, 2.36%
17145,0.60%, 48.30%, 48.90%,-,-, 2.80%
17147,13.49%, 55.09%, 41.60%,-, 2.59%, 0.73%
17149,18.59%, 58.01%, 39.42%,-,-, 2.56%
17151,17.98%, 57.77%, 39.79%,-,-, 2.45%
17153,2.92%, 47.41%, 50.33%,-,-, 2.25%
17155,6.92%, 45.20%, 52.12%,-,-, 2.67%
17157,2.33%, 49.88%, 47.55%,-,-, 2.56%
17159,29.98%, 63.52%, 33.54%,-,-, 2.95%
17161,19.61%, 38.70%, 58.31%,-, 2.10%, 0.89%
17163,13.61%, 42.13%, 55.74%,-,-, 2.12%
17165,4.34%, 50.93%, 46.58%,-,-, 2.49%
17167,13.07%, 55.06%, 41.99%,-, 2.19%, 0.76%
17169,12.99%, 55.06%, 42.07%,-,-, 2.86%
17171,20.41%, 59.05%, 38.64%,-,-, 2.31%
17173,18.04%, 57.57%, 39.54%,-,-, 2.89%
17175,16.16%, 56.67%, 40.52%,-,-, 2.81%
17177,13.69%, 55.29%, 41.60%,-, 2.46%, 0.65%
17179,10.55%, 54.05%, 43.50%,-,-, 2.45%
17181,4.79%, 50.77%, 45.98%,-, 2.18%, 1.06%
17183,1.17%, 49.17%, 47.99%,-,-, 2.84%
17185,25.76%, 61.84%, 36.07%,-,-, 2.09%
17187,4.91%, 51.09%, 46.18%,-,-, 2.73%
17189,24.03%, 60.98%, 36.96%,-,-, 2.06%
17191,40.79%, 69.50%, 28.71%,-,-, 1.78%
17193,20.47%, 59.20%, 38.73%,-,-, 2.07%
17195,6.58%, 45.30%, 51.88%,-, 2.07%, 0.74%
17197,2.57%, 50.00%, 47.43%,-,-, 2.58%
17199,6.76%, 52.01%, 45.26%,-,-, 2.73%
17201,1.68%, 49.24%, 47.56%,-, 2.41%, 0.79%
17203,32.01%, 64.94%, 32.92%,-,-, 2.14%
18001,37.97%, 67.95%, 29.98%,-,-, 2.07%
18003,25.18%, 61.60%, 36.42%,-,-, 1.98%
18005,27.88%, 62.87%, 34.98%,-,-, 2.15%
18007,28.73%, 63.01%, 34.28%,-,-, 2.71%
18009,12.18%, 55.16%, 42.98%,-,-, 1.86%
18011,45.65%, 71.54%, 25.89%,-,-, 2.57%
18013,18.53%, 56.78%, 38.26%,-, 3.08%, 1.88%
18015,25.85%, 61.71%, 35.86%,-,-, 2.43%
18017,25.77%, 61.60%, 35.83%,-,-, 2.58%
18019,5.51%, 52.01%, 46.50%,-,-, 1.50%
18021,27.45%, 62.94%, 35.49%,-,-, 1.58%
18023,31.83%, 64.97%, 33.15%,-,-, 1.88%
18025,12.12%, 55.29%, 43.17%,-,-, 1.54%
18027,42.77%, 70.40%, 27.63%,-,-, 1.97%
18029,30.78%, 64.88%, 34.11%,-,-, 1.01%
18031,35.18%, 66.68%, 31.50%,-,-, 1.82%
18033,28.47%, 63.12%, 34.65%,-,-, 2.23%
18035,2.78%, 50.07%, 47.29%,-,-, 2.64%
18037,32.53%, 65.36%, 32.83%,-,-, 1.81%
18039,37.36%, 67.46%, 30.11%,-,-, 2.43%
18041,19.02%, 58.52%, 39.49%,-,-, 1.99%
18043,10.91%, 54.90%, 43.99%,-,-, 1.12%
18045,23.22%, 60.54%, 37.32%,-,-, 2.14%
18047,35.93%, 67.00%, 31.07%,-,-, 1.93%
18049,27.12%, 62.66%, 35.55%,-,-, 1.79%
18051,14.03%, 56.16%, 42.13%,-,-, 1.71%
18053,24.41%, 61.22%, 36.81%,-,-, 1.97%
18055,20.24%, 59.05%, 38.81%,-,-, 2.13%
18057,50.54%, 74.25%, 23.71%,-,-, 2.04%
18059,41.13%, 69.47%, 28.34%,-,-, 2.20%
18061,19.07%, 58.48%, 39.41%,-,-, 2.11%
18063,44.42%, 71.23%, 26.82%,-,-, 1.95%
18065,14.60%, 56.35%, 41.75%,-,-, 1.89%
18067,21.80%, 59.63%, 37.83%,-,-, 2.54%
18069,41.00%, 69.17%, 28.17%,-,-, 2.65%
18071,25.50%, 62.01%, 36.50%,-,-, 1.49%
18073,31.06%, 64.58%, 33.53%,-,-, 1.89%
18075,18.93%, 58.37%, 39.44%,-,-, 2.19%
18077,12.28%, 55.17%, 42.89%,-,-, 1.94%
18079,22.99%, 60.37%, 37.38%,-,-, 2.24%
18081,41.27%, 69.54%, 28.27%,-,-, 2.19%
18083,14.51%, 56.36%, 41.85%,-,-, 1.79%
18085,52.42%, 75.30%, 22.88%,-,-, 1.82%
18087,32.45%, 65.25%, 32.80%,-,-, 1.96%
18089,25.96%, 36.02%, 61.98%,-,-, 2.00%
18091,1.87%, 47.79%, 49.65%,-,-, 2.56%
18093,34.73%, 66.14%, 31.41%,-,-, 2.44%
18095,8.72%, 53.54%, 44.82%,-,-, 1.64%
18097,1.29%, 49.23%, 47.94%,-,-, 2.82%
18099,29.26%, 63.57%, 34.31%,-,-, 2.12%
18101,32.33%, 65.26%, 32.94%,-,-, 1.80%
18103,32.84%, 64.98%, 32.14%,-,-, 2.88%
18105,4.04%, 47.61%, 43.57%,-, 7.44%, 1.39%
18107,38.10%, 67.87%, 29.76%,-,-, 2.37%
18109,41.11%, 69.37%, 28.26%,-,-, 2.37%
18111,20.85%, 58.98%, 38.13%,-,-, 2.89%
18113,30.11%, 64.03%, 33.92%,-,-, 2.05%
18115,22.63%, 60.79%, 38.16%,-,-, 1.04%
18117,27.97%, 62.85%, 34.88%,-,-, 2.28%
18119,27.16%, 61.80%, 34.65%,-,-, 3.55%
18121,21.10%, 59.58%, 38.48%,-,-, 1.94%
18123,4.90%, 46.85%, 51.75%,-,-, 1.39%
18125,15.25%, 56.59%, 41.34%,-,-, 2.08%
18127,7.35%, 52.47%, 45.12%,-,-, 2.41%
18129,18.61%, 58.49%, 39.87%,-,-, 1.64%
18131,28.60%, 63.37%, 34.78%,-,-, 1.85%
18133,27.20%, 61.93%, 34.73%,-,-, 3.34%
18135,20.86%, 59.42%, 38.55%,-,-, 2.03%
18137,32.69%, 65.46%, 32.77%,-,-, 1.77%
18139,32.66%, 65.20%, 32.54%,-,-, 2.27%
18141,0.13%, 48.81%, 48.94%,-,-, 2.25%
18143,1.96%, 47.94%, 49.90%,-,-, 2.17%
18145,27.54%, 62.64%, 35.10%,-,-, 2.26%
18147,14.95%, 56.70%, 41.75%,-,-, 1.55%
18149,2.45%, 49.98%, 47.53%,-,-, 2.48%
18151,25.27%, 61.66%, 36.38%,-,-, 1.96%
18153,5.88%, 52.28%, 46.39%,-,-, 1.33%
18155,15.28%, 56.53%, 41.25%,-,-, 2.22%
18157,17.03%, 56.39%, 39.36%,-, 2.28%, 1.98%
18159,32.70%, 65.39%, 32.70%,-,-, 1.91%
18161,32.21%, 64.99%, 32.78%,-,-, 2.23%
18163,10.00%, 54.13%, 44.13%,-,-, 1.74%
18165,3.62%, 47.19%, 50.81%,-,-, 2.01%
18167,1.24%, 49.74%, 48.50%,-,-, 1.76%
18169,31.39%, 64.59%, 33.20%,-,-, 2.21%
18171,19.82%, 58.86%, 39.04%,-,-, 2.10%
18173,19.97%, 59.19%, 39.22%,-,-, 1.59%
18175,22.38%, 59.87%, 37.50%,-,-, 2.63%
18177,15.90%, 56.75%, 40.85%,-,-, 2.41%
18179,39.32%, 68.74%, 29.42%,-,-, 1.83%
18181,24.05%, 60.96%, 36.90%,-,-, 2.14%
18183,31.96%, 64.99%, 33.04%,-,-, 1.97%
19001,12.66%, 55.18%, 42.52%,-,-, 2.30%
19003,12.73%, 54.55%, 41.82%,-, 2.38%, 1.26%
19005,6.10%, 50.71%, 44.61%,-, 3.08%, 1.59%
19007,7.57%, 52.45%, 44.88%,-,-, 2.66%
19009,3.41%, 50.45%, 47.04%,-,-, 2.51%
19011,3.80%, 46.47%, 50.27%,-,-, 3.26%
19013,12.06%, 42.60%, 54.66%,-, 2.06%, 0.68%
19015,5.27%, 45.92%, 51.19%,-, 2.06%, 0.83%
19017,4.53%, 50.78%, 46.26%,-, 2.33%, 0.64%
19019,10.13%, 43.49%, 53.61%,-,-, 2.90%
19021,13.25%, 54.58%, 41.33%,-, 2.85%, 1.24%
19023,16.39%, 57.06%, 40.68%,-,-, 2.26%
19025,12.78%, 55.07%, 42.29%,-,-, 2.64%
19027,4.35%, 50.99%, 46.65%,-,-, 2.36%
19029,25.07%, 61.13%, 36.06%,-, 2.14%, 0.67%
19031,0.02%, 48.31%, 48.33%,-, 2.54%, 0.81%
19033,12.58%, 42.40%, 54.98%,-,-, 2.62%
19035,9.38%, 52.53%, 43.16%,-, 2.43%, 1.88%
19037,7.58%, 44.59%, 52.17%,-, 2.20%, 1.03%
19039,2.32%, 47.51%, 49.83%,-,-, 2.66%
19041,9.21%, 52.68%, 43.47%,-, 2.19%, 1.66%
19043,2.38%, 47.07%, 49.45%,-, 2.40%, 1.09%
19045,13.74%, 41.61%, 55.35%,-, 2.12%, 0.92%
19047,9.82%, 53.12%, 43.30%,-, 2.23%, 1.36%
19049,9.03%, 53.32%, 44.29%,-,-, 2.40%
19051,7.05%, 52.05%, 45.00%,-,-, 2.95%
19053,6.17%, 51.31%, 45.13%,-, 2.53%, 1.02%
19055,5.57%, 51.18%, 45.61%,-,-, 3.21%
19057,20.48%, 38.14%, 58.62%,-, 2.11%, 1.14%
19059,6.96%, 52.03%, 45.07%,-, 2.08%, 0.83%
19061,14.58%, 40.83%, 55.41%,-, 2.45%, 1.32%
19063,3.59%, 50.35%, 46.76%,-, 2.12%, 0.78%
19065,1.11%, 49.34%, 48.23%,-,-, 2.43%
19067,8.83%, 44.09%, 52.92%,-, 2.13%, 0.87%
19069,10.83%, 53.81%, 42.97%,-, 2.23%, 0.99%
19071,16.87%, 57.22%, 40.35%,-,-, 2.43%
19073,0.40%, 48.36%, 48.76%,-, 2.25%, 0.64%
19075,28.02%, 63.02%, 35.00%,-,-, 1.98%
19077,6.34%, 51.93%, 45.58%,-,-, 2.49%
19079,7.41%, 52.39%, 44.98%,-,-, 2.63%
19081,13.00%, 54.95%, 41.95%,-, 2.26%, 0.85%
19083,8.92%, 53.18%, 44.27%,-,-, 2.55%
19085,19.12%, 58.11%, 38.99%,-,-, 2.90%
19087,6.56%, 51.62%, 45.06%,-, 2.11%, 1.21%
19089,11.22%, 42.80%, 54.02%,-, 2.23%, 0.96%
19091,18.16%, 57.61%, 39.45%,-, 2.02%, 0.91%
19093,15.96%, 56.37%, 40.42%,-,-, 3.21%
19095,8.96%, 52.53%, 43.57%,-, 2.54%, 1.36%
19097,13.02%, 41.73%, 54.75%,-, 2.51%, 1.01%
19099,0.17%, 48.94%, 48.77%,-,-, 2.28%
19101,5.10%, 43.03%, 37.93%,-, 2.73%, 1.62%
19103,25.16%, 33.92%, 59.08%,-, 6.16%, 0.85%
19105,5.35%, 45.95%, 51.30%,-, 2.13%, 0.62%
19107,7.88%, 51.97%, 44.09%,-, 2.00%, 1.94%
19109,7.34%, 51.95%, 44.60%,-, 2.32%, 1.13%
19111,19.87%, 38.25%, 58.12%,-,-, 3.63%
19113,9.21%, 43.90%, 53.11%,-, 2.29%, 0.70%
19115,1.88%, 47.60%, 49.47%,-,-, 2.93%
19117,7.62%, 52.57%, 44.95%,-,-, 2.49%
19119,48.76%, 73.34%, 24.58%,-,-, 2.08%
19121,8.16%, 52.55%, 44.38%,-,-, 3.07%
19123,27.26%, 62.57%, 35.31%,-,-, 2.12%
19125,18.16%, 58.01%, 39.85%,-,-, 2.14%
19127,2.63%, 49.85%, 47.22%,-,-, 2.93%
19129,27.81%, 62.28%, 34.47%,-, 2.13%, 1.12%
19131,5.08%, 46.26%, 51.34%,-,-, 2.40%
19133,4.78%, 50.53%, 45.75%,-, 2.04%, 1.69%
19135,4.36%, 50.95%, 46.59%,-,-, 2.47%
19137,29.27%, 63.35%, 34.07%,-,-, 2.58%
19139,3.58%, 46.55%, 50.12%,-, 2.31%, 1.02%
19141,35.55%, 66.35%, 30.81%,-,-, 2.84%
19143,37.58%, 67.38%, 29.81%,-,-, 2.81%
19145,32.51%, 65.00%, 32.48%,-,-, 2.52%
19147,0.31%, 48.54%, 48.23%,-,-, 3.23%
19149,26.59%, 61.17%, 34.58%,-,-, 4.25%
19151,12.22%, 54.14%, 41.92%,-,-, 3.94%
19153,5.62%, 45.89%, 51.51%,-,-, 2.60%
19155,11.77%, 54.50%, 42.72%,-, 2.00%, 0.78%
19157,1.94%, 48.95%, 47.02%,-, 3.20%, 0.84%
19159,4.57%, 50.85%, 46.29%,-,-, 2.86%
19161,13.45%, 55.16%, 41.70%,-,-, 3.14%
19163,4.33%, 46.48%, 50.81%,-,-, 2.71%
19165,24.56%, 60.83%, 36.26%,-,-, 2.91%
19167,68.70%, 83.32%, 14.62%,-,-, 2.06%
19169,3.53%, 45.89%, 49.42%,-, 3.72%, 0.96%
19171,0.13%, 48.51%, 48.65%,-,-, 2.84%
19173,16.89%, 57.17%, 40.28%,-,-, 2.55%
19175,8.07%, 52.32%, 44.25%,-,-, 3.43%
19177,16.18%, 56.61%, 40.44%,-,-, 2.95%
19179,13.49%, 41.70%, 55.19%,-, 2.09%, 1.02%
19181,0.51%, 48.95%, 48.45%,-,-, 2.60%
19183,9.84%, 53.08%, 43.24%,-, 2.69%, 0.99%
19185,12.12%, 55.15%, 43.03%,-,-, 1.82%
19187,1.80%, 47.94%, 49.74%,-,-, 2.33%
19189,0.52%, 48.16%, 48.69%,-, 2.08%, 1.07%
19191,3.27%, 49.35%, 46.08%,-, 3.64%, 0.93%
19193,3.10%, 49.78%, 46.68%,-, 2.12%, 1.42%
19195,13.71%, 41.43%, 55.14%,-, 2.27%, 1.15%
19197,9.28%, 53.41%, 44.13%,-,-, 2.46%
20001,21.63%, 58.60%, 36.98%,-, 2.84%, 1.58%
20003,18.89%, 57.04%, 38.15%,-, 2.70%, 2.10%
20005,3.00%, 48.96%, 45.96%,-, 3.38%, 1.71%
20007,44.76%, 70.26%, 25.50%,-, 2.92%, 1.32%
20009,37.10%, 66.65%, 29.56%,-, 2.29%, 1.50%
20011,26.01%, 61.07%, 35.05%,-, 2.52%, 1.36%
20013,31.40%, 63.63%, 32.23%,-, 2.56%, 1.58%
20015,31.53%, 63.69%, 32.16%,-, 2.37%, 1.78%
20017,34.70%, 64.39%, 29.69%,-, 4.25%, 1.67%
20019,48.09%, 71.65%, 23.56%,-,-, 2.66%
20021,13.48%, 54.92%, 41.43%,-, 2.46%, 1.18%
20023,55.70%, 75.97%, 20.27%,-, 2.72%, 1.04%
20025,50.28%, 73.43%, 23.16%,-, 2.70%, 0.71%
20027,50.07%, 73.34%, 23.26%,-, 2.27%, 1.13%
20029,35.62%, 64.80%, 29.18%,-, 4.66%, 1.35%
20031,37.23%, 66.83%, 29.60%,-, 2.38%, 1.19%
20033,54.57%, 75.55%, 20.97%,-,-, 3.48%
20035,17.91%, 56.86%, 38.95%,-, 2.93%, 1.26%
20037,0.56%, 47.63%, 47.07%,-, 4.19%, 1.12%
20039,47.24%, 71.35%, 24.10%,-, 2.90%, 1.65%
20041,34.97%, 64.79%, 29.82%,-, 3.98%, 1.41%
20043,33.32%, 64.40%, 31.08%,-, 2.47%, 2.06%
20045,2.98%, 42.83%, 45.81%,-, 10.12%, 1.25%
20047,39.35%, 67.95%, 28.60%,-, 2.11%, 1.34%
20049,43.74%, 69.68%, 25.94%,-, 2.19%, 2.19%
20051,23.21%, 58.39%, 35.18%,-, 4.87%, 1.57%
20053,35.93%, 64.99%, 29.06%,-, 4.58%, 1.37%
20055,43.84%, 70.40%, 26.57%,-,-, 3.03%
20057,39.07%, 67.85%, 28.78%,-, 2.24%, 1.13%
20059,26.96%, 61.35%, 34.39%,-, 3.17%, 1.10%
20061,19.18%, 57.92%, 38.74%,-, 2.30%, 1.03%
20063,55.25%, 75.05%, 19.80%,-, 2.94%, 2.21%
20065,48.30%, 71.78%, 23.47%,-, 3.19%, 1.56%
20067,50.53%, 74.44%, 23.91%,-,-, 1.65%
20069,53.19%, 75.51%, 22.31%,-,-, 2.18%
20071,60.40%, 78.21%, 17.81%,-, 2.99%, 1.00%
20073,38.33%, 67.17%, 28.84%,-, 2.27%, 1.71%
20075,53.44%, 75.59%, 22.15%,-,-, 2.27%
20077,39.51%, 67.95%, 28.45%,-, 2.45%, 1.15%
20079,26.89%, 60.44%, 33.55%,-, 4.76%, 1.25%
20081,65.59%, 81.87%, 16.27%,-,-, 1.86%
20083,56.80%, 76.75%, 19.94%,-,-, 3.31%
20085,19.26%, 57.16%, 37.90%,-, 2.34%, 2.59%
20087,18.07%, 56.15%, 38.09%,-, 4.08%, 1.69%
20089,54.34%, 74.59%, 20.25%,-, 3.04%, 2.13%
20091,23.37%, 59.74%, 36.37%,-, 2.98%, 0.90%
20093,53.24%, 75.54%, 22.30%,-,-, 2.16%
20095,44.14%, 70.17%, 26.02%,-, 2.26%, 1.55%
20097,60.20%, 78.48%, 18.28%,-, 2.11%, 1.12%
20099,8.55%, 52.41%, 43.86%,-, 2.69%, 1.03%
20101,52.43%, 74.67%, 22.24%,-, 2.03%, 1.06%
20103,12.25%, 54.07%, 41.82%,-, 2.92%, 1.19%
20105,43.70%, 68.52%, 24.81%,-, 5.19%, 1.48%
20107,21.74%, 59.00%, 37.26%,-, 2.14%, 1.60%
20109,61.35%, 77.88%, 16.54%,-, 3.51%, 2.08%
20111,11.74%, 53.41%, 41.67%,-, 3.35%, 1.57%
20113,41.96%, 68.22%, 26.26%,-, 4.29%, 1.24%
20115,45.42%, 70.40%, 24.99%,-, 3.20%, 1.41%
20117,24.14%, 59.94%, 35.80%,-, 2.62%, 1.64%
20119,58.65%, 78.13%, 19.48%,-,-, 2.39%
20121,17.72%, 56.96%, 39.23%,-, 2.53%, 1.28%
20123,48.96%, 71.95%, 22.99%,-, 3.52%, 1.53%
20125,27.11%, 61.81%, 34.70%,-,-, 3.48%
20127,27.15%, 60.55%, 33.40%,-, 3.94%, 2.12%
20129,56.65%, 77.26%, 20.62%,-,-, 2.12%
20131,39.40%, 67.64%, 28.24%,-,-, 4.12%
20133,20.71%, 58.29%, 37.58%,-, 2.82%, 1.31%
20135,55.28%, 75.69%, 20.42%,-, 2.61%, 1.28%
20137,46.76%, 71.15%, 24.40%,-, 2.65%, 1.80%
20139,18.75%, 57.01%, 38.26%,-, 2.59%, 2.15%
20141,46.70%, 70.54%, 23.84%,-, 3.65%, 1.97%
20143,48.23%, 70.83%, 22.61%,-, 5.20%, 1.36%
20145,30.00%, 62.93%, 32.93%,-, 3.16%, 0.99%
20147,51.79%, 73.67%, 21.88%,-, 3.04%, 1.40%
20149,38.13%, 64.48%, 26.35%,-, 3.26%, 0.63%
20151,35.58%, 65.33%, 29.76%,-, 3.37%, 1.54%
20153,59.94%, 77.53%, 17.59%,-, 2.82%, 2.07%
20155,24.20%, 59.69%, 35.49%,-, 3.45%, 1.37%
20157,54.77%, 75.01%, 20.23%,-, 3.45%, 1.31%
20159,32.77%, 64.23%, 31.46%,-, 2.83%, 1.48%
20161,24.57%, 58.47%, 33.90%,-, 6.42%, 1.22%
20163,51.14%, 72.65%, 21.51%,-, 3.78%, 2.05%
20165,39.37%, 66.61%, 27.24%,-, 4.42%, 1.73%
20167,44.46%, 69.90%, 25.45%,-, 3.48%, 1.18%
20169,22.88%, 57.66%, 34.78%,-, 6.35%, 1.21%
20171,60.49%, 78.64%, 18.15%,-, 2.26%, 0.96%
20173,19.07%, 57.35%, 38.28%,-, 2.86%, 1.51%
20175,53.83%, 75.92%, 22.10%,-,-, 1.98%
20177,1.45%, 48.26%, 46.82%,-, 3.40%, 1.52%
20179,57.15%, 76.02%, 18.87%,-, 3.69%, 1.41%
20181,45.23%, 70.62%, 25.39%,-, 2.24%, 1.75%
20183,45.79%, 70.24%, 24.45%,-, 3.62%, 1.69%
