id,margin,bush,kerry,other3,other2,other1
01001,51.98%, 75.67%, 23.69%,-,-, 0.63%
01003,53.91%, 76.42%, 22.50%,-,-, 1.08%
01005,9.90%, 54.74%, 44.84%,-,-, 0.43%
01007,44.51%, 72.00%, 27.49%,-,-, 0.51%
01009,62.54%, 80.85%, 18.31%,-,-, 0.84%
01011,36.38%, 31.67%, 68.05%,-,-, 0.28%
01013,18.61%, 59.16%, 40.55%,-,-, 0.29%
01015,32.56%, 65.89%, 33.33%,-,-, 0.78%
01017,17.46%, 58.49%, 41.03%,-,-, 0.48%
01019,31.86%, 65.45%, 33.59%,-,-, 0.95%
01021,54.22%, 76.85%, 22.63%,-,-, 0.52%
01023,8.22%, 53.92%, 45.70%,-,-, 0.37%
01025,18.46%, 59.07%, 40.61%,-,-, 0.32%
01027,41.53%, 70.32%, 28.79%,-,-, 0.90%
01029,51.38%, 75.37%, 23.99%,-,-, 0.64%
01031,48.47%, 73.90%, 25.43%,-,-, 0.66%
01033,10.82%, 55.10%, 44.28%,-,-, 0.62%
01035,9.17%, 54.33%, 45.16%,-,-, 0.51%
01037,17.00%, 58.09%, 41.09%,-,-, 0.82%
01039,52.62%, 76.02%, 23.40%,-,-, 0.58%
01041,37.80%, 68.67%, 30.87%,-,-, 0.45%
01043,53.35%, 76.21%, 22.86%,-,-, 0.93%
01045,50.12%, 74.71%, 24.60%,-,-, 0.69%
01047,20.68%, 39.49%, 60.17%,-,-, 0.34%
01049,40.60%, 69.94%, 29.34%,-,-, 0.72%
01051,54.34%, 76.90%, 22.56%,-,-, 0.53%
01053,37.91%, 68.68%, 30.77%,-,-, 0.55%
01055,27.35%, 63.26%, 35.91%,-,-, 0.83%
01057,39.07%, 69.16%, 30.09%,-,-, 0.75%
01059,25.89%, 62.68%, 36.79%,-,-, 0.53%
01061,59.21%, 79.30%, 20.09%,-,-, 0.62%
01063,59.10%, 20.18%, 79.28%,-,-, 0.55%
01065,16.99%, 41.30%, 58.29%,-,-, 0.42%
01067,33.00%, 66.31%, 33.31%,-,-, 0.38%
01069,48.98%, 74.24%, 25.26%,-,-, 0.51%
01071,14.27%, 56.76%, 42.49%,-,-, 0.75%
01073,9.01%, 54.16%, 45.15%,-,-, 0.68%
01075,42.67%, 71.08%, 28.41%,-,-, 0.51%
01077,20.30%, 59.72%, 39.42%,-,-, 0.86%
01079,11.25%, 55.21%, 43.96%,-,-, 0.83%
01081,26.33%, 62.70%, 36.38%,-,-, 0.92%
01083,36.38%, 67.77%, 31.39%,-,-, 0.84%
01085,40.64%, 29.66%, 70.30%,-,-, 0.03%
01087,66.23%, 16.69%, 82.92%,-,-, 0.39%
01089,18.72%, 58.88%, 40.17%,-,-, 0.95%
01091,2.11%, 50.91%, 48.80%,-,-, 0.29%
01093,40.19%, 69.77%, 29.58%,-,-, 0.65%
01095,45.51%, 72.35%, 26.84%,-,-, 0.81%
01097,18.04%, 58.69%, 40.65%,-,-, 0.65%
01099,22.71%, 61.16%, 38.45%,-,-, 0.39%
01101,1.19%, 49.19%, 50.37%,-,-, 0.44%
01103,39.03%, 69.09%, 30.06%,-,-, 0.85%
01105,36.74%, 31.47%, 68.21%,-,-, 0.33%
01107,13.74%, 56.61%, 42.87%,-,-, 0.51%
01109,26.50%, 62.97%, 36.47%,-,-, 0.56%
01111,36.77%, 68.07%, 31.30%,-,-, 0.63%
01113,0.23%, 49.60%, 49.82%,-,-, 0.58%
01115,61.88%, 80.59%, 18.71%,-,-, 0.70%
01117,61.57%, 80.39%, 18.82%,-,-, 0.79%
01119,41.15%, 29.22%, 70.37%,-,-, 0.40%
01121,23.27%, 61.31%, 38.04%,-,-, 0.65%
01123,38.66%, 69.03%, 30.36%,-,-, 0.61%
01125,23.53%, 61.40%, 37.87%,-,-, 0.72%
01127,35.78%, 67.57%, 31.78%,-,-, 0.65%
01129,23.22%, 61.36%, 38.14%,-,-, 0.51%
01131,35.27%, 32.28%, 67.55%,-,-, 0.18%
01133,56.55%, 78.00%, 21.45%,-,-, 0.55%
02013,0%,-,-,-,-,-
02016,0%,-,-,-,-,-
02020,0%,-,-,-,-,-
02050,0%,-,-,-,-,-
02060,0%,-,-,-,-,-
02068,0%,-,-,-,-,-
02070,0%,-,-,-,-,-
02090,0%,-,-,-,-,-
02100,0%,-,-,-,-,-
02105,0%,-,-,-,-,-
02110,0%,-,-,-,-,-
02122,0%,-,-,-,-,-
02130,0%,-,-,-,-,-
02150,0%,-,-,-,-,-
02164,0%,-,-,-,-,-
02170,0%,-,-,-,-,-
02180,0%,-,-,-,-,-
02185,0%,-,-,-,-,-
02188,0%,-,-,-,-,-
02195,0%,-,-,-,-,-
02198,0%,-,-,-,-,-
02220,0%,-,-,-,-,-
02230,0%,-,-,-,-,-
02240,0%,-,-,-,-,-
02261,0%,-,-,-,-,-
02270,0%,-,-,-,-,-
02275,0%,-,-,-,-,-
02282,0%,-,-,-,-,-
02290,0%,-,-,-,-,-
04001,30.06%, 34.65%, 64.71%,-,-, 0.64%
04003,20.28%, 59.55%, 39.27%,-,-, 1.18%
04005,12.82%, 43.00%, 55.82%,-,-, 1.19%
04007,19.30%, 59.12%, 39.82%,-,-, 1.05%
04009,39.94%, 69.65%, 29.71%,-,-, 0.63%
04011,24.55%, 61.92%, 37.37%,-,-, 0.72%
04012,25.87%, 62.42%, 36.55%,-,-, 1.03%
04013,14.61%, 56.86%, 42.25%,-,-, 0.89%
04015,28.13%, 63.53%, 35.40%,-,-, 1.07%
04017,7.60%, 53.32%, 45.72%,-,-, 0.96%
04019,5.99%, 46.56%, 52.55%,-,-, 0.89%
04021,15.09%, 57.27%, 42.17%,-,-, 0.56%
04023,19.17%, 39.93%, 59.11%,-,-, 0.96%
04025,23.22%, 61.05%, 37.82%,-,-, 1.13%
04027,15.97%, 57.58%, 41.61%,-,-, 0.81%
05001,9.78%, 54.55%, 44.77%,-,-, 0.68%
05003,8.06%, 53.65%, 45.59%,-,-, 0.75%
05005,21.58%, 60.05%, 38.47%,-,-, 1.47%
05007,37.90%, 68.37%, 30.47%,-,-, 1.17%
05009,34.87%, 66.27%, 31.40%,-,-, 2.33%
05011,4.59%, 47.33%, 51.92%,-,-, 0.75%
05013,17.44%, 58.29%, 40.84%,-,-, 0.87%
05015,19.30%, 59.00%, 39.70%,-,-, 1.30%
05017,26.66%, 36.26%, 62.92%,-,-, 0.82%
05019,9.18%, 44.99%, 54.17%,-,-, 0.84%
05021,8.28%, 45.26%, 53.54%,-,-, 1.20%
05023,22.02%, 60.43%, 38.41%,-,-, 1.16%
05025,15.99%, 57.47%, 41.48%,-,-, 1.06%
05027,16.36%, 57.82%, 41.46%,-,-, 0.73%
05029,0.33%, 49.59%, 49.26%,-,-, 1.15%
05031,7.22%, 53.08%, 45.85%,-,-, 1.07%
05033,32.48%, 65.64%, 33.16%,-,-, 1.21%
05035,8.80%, 45.29%, 54.10%,-,-, 0.61%
05037,10.31%, 54.62%, 44.32%,-,-, 1.06%
05039,0.86%, 50.18%, 49.32%,-,-, 0.50%
05041,24.14%, 37.21%, 61.35%,-,-, 1.44%
05043,4.96%, 52.20%, 47.24%,-,-, 0.56%
05045,19.02%, 58.64%, 39.63%,-,-, 1.73%
05047,16.09%, 57.36%, 41.27%,-,-, 1.37%
05049,3.07%, 50.90%, 47.83%,-,-, 1.27%
05051,9.20%, 54.13%, 44.93%,-,-, 0.95%
05053,24.83%, 62.11%, 37.28%,-,-, 0.61%
05055,4.82%, 51.86%, 47.04%,-,-, 1.10%
05057,3.18%, 48.04%, 51.22%,-,-, 0.74%
05059,0.49%, 49.40%, 48.91%,-,-, 1.69%
05061,11.53%, 55.35%, 43.82%,-,-, 0.83%
05063,15.27%, 57.11%, 41.83%,-,-, 1.06%
05065,4.50%, 51.57%, 47.08%,-,-, 1.35%
05067,14.33%, 42.19%, 56.52%,-,-, 1.29%
05069,31.01%, 33.51%, 64.52%,-,-, 1.97%
05071,8.57%, 53.59%, 45.03%,-,-, 1.38%
05073,1.16%, 50.27%, 49.11%,-,-, 0.63%
05075,8.96%, 44.61%, 53.58%,-,-, 1.81%
05077,25.88%, 36.57%, 62.45%,-,-, 0.98%
05079,5.55%, 46.75%, 52.30%,-,-, 0.95%
05081,1.93%, 48.64%, 50.57%,-,-, 0.79%
05083,20.06%, 59.36%, 39.31%,-,-, 1.33%
05085,31.52%, 65.36%, 33.84%,-,-, 0.81%
05087,22.74%, 60.67%, 37.92%,-,-, 1.41%
05089,22.21%, 60.10%, 37.89%,-,-, 2.01%
05091,15.73%, 57.56%, 41.82%,-,-, 0.62%
05093,10.40%, 43.25%, 53.65%,-,-, 3.10%
05095,12.63%, 43.25%, 55.88%,-,-, 0.87%
05097,21.30%, 59.80%, 38.50%,-,-, 1.69%
05099,1.67%, 50.39%, 48.72%,-,-, 0.89%
05101,29.08%, 63.48%, 34.40%,-,-, 2.12%
05103,1.47%, 50.19%, 48.71%,-,-, 1.10%
05105,11.60%, 54.95%, 43.35%,-,-, 1.69%
05107,27.98%, 35.65%, 63.62%,-,-, 0.73%
05109,20.88%, 59.79%, 38.91%,-,-, 1.31%
05111,6.66%, 46.03%, 52.69%,-,-, 1.28%
05113,34.86%, 66.57%, 31.71%,-,-, 1.72%
05115,31.16%, 65.13%, 33.97%,-,-, 0.90%
05117,12.91%, 56.02%, 43.10%,-,-, 0.88%
05119,10.82%, 44.20%, 55.03%,-,-, 0.77%
05121,3.81%, 47.37%, 51.18%,-,-, 1.45%
05123,19.49%, 39.79%, 59.28%,-,-, 0.93%
05125,27.20%, 63.15%, 35.94%,-,-, 0.91%
05127,25.78%, 62.26%, 36.48%,-,-, 1.26%
05129,29.93%, 64.25%, 34.32%,-,-, 1.43%
05131,24.48%, 61.76%, 37.27%,-,-, 0.97%
05133,10.45%, 54.68%, 44.23%,-,-, 1.09%
05135,11.14%, 54.85%, 43.71%,-,-, 1.45%
05137,16.81%, 57.45%, 40.64%,-,-, 1.91%
05139,19.24%, 58.89%, 39.65%,-,-, 1.45%
05141,9.19%, 54.08%, 44.89%,-,-, 1.03%
05143,12.68%, 55.73%, 43.05%,-,-, 1.22%
05145,29.79%, 64.34%, 34.55%,-,-, 1.12%
05147,31.43%, 33.74%, 65.17%,-,-, 1.09%
05149,11.49%, 55.23%, 43.75%,-,-, 1.02%
06001,51.89%, 23.29%, 75.18%,-,-, 1.53%
06003,8.84%, 44.37%, 53.21%,-,-, 2.43%
06005,25.52%, 62.08%, 36.56%,-,-, 1.36%
06007,9.58%, 53.73%, 44.14%,-,-, 2.13%
06009,23.79%, 60.87%, 37.09%,-,-, 2.04%
06011,35.60%, 67.17%, 31.58%,-,-, 1.25%
06013,25.82%, 36.46%, 62.28%,-,-, 1.25%
06015,15.54%, 56.85%, 41.31%,-,-, 1.84%
06017,23.89%, 61.23%, 37.33%,-,-, 1.44%
06019,15.69%, 57.38%, 41.68%,-,-, 0.94%
06021,35.04%, 66.72%, 31.68%,-,-, 1.60%
06023,18.63%, 39.03%, 57.66%,-,-, 3.31%
06025,6.05%, 46.36%, 52.41%,-,-, 1.23%
06027,20.21%, 59.09%, 38.88%,-,-, 2.03%
06029,34.01%, 66.49%, 32.49%,-,-, 1.02%
06031,31.67%, 65.41%, 33.74%,-,-, 0.85%
06033,8.29%, 44.88%, 53.16%,-,-, 1.96%
06035,43.39%, 70.97%, 27.58%,-,-, 1.45%
06037,27.50%, 35.60%, 63.10%,-,-, 1.30%
06039,29.32%, 64.02%, 34.70%,-,-, 1.28%
06041,47.80%, 25.40%, 73.21%,-,-, 1.39%
06043,22.68%, 60.23%, 37.55%,-,-, 2.22%
06045,29.74%, 33.71%, 63.45%,-,-, 2.83%
06047,14.29%, 56.54%, 42.26%,-,-, 1.20%
06049,46.70%, 72.42%, 25.72%,-,-, 1.86%
06051,0.13%, 49.10%, 49.23%,-,-, 1.67%
06053,21.98%, 38.38%, 60.36%,-,-, 1.26%
06055,20.51%, 38.97%, 59.48%,-,-, 1.54%
06057,8.48%, 53.39%, 44.92%,-,-, 1.69%
06059,20.70%, 59.68%, 38.98%,-,-, 1.33%
06061,26.35%, 62.61%, 36.26%,-,-, 1.13%
06063,24.81%, 61.71%, 36.90%,-,-, 1.39%
06065,16.80%, 57.83%, 41.04%,-,-, 1.13%
06067,0.23%, 49.29%, 49.52%,-,-, 1.19%
06069,6.16%, 46.45%, 52.61%,-,-, 0.94%
06071,11.76%, 55.29%, 43.53%,-,-, 1.18%
06073,6.12%, 52.45%, 46.33%,-,-, 1.22%
06075,67.82%, 15.21%, 83.02%,-,-, 1.77%
06077,7.36%, 53.18%, 45.83%,-,-, 0.99%
06079,7.17%, 52.69%, 45.52%,-,-, 1.79%
06081,40.23%, 29.25%, 69.48%,-,-, 1.27%
06083,7.95%, 45.22%, 53.17%,-,-, 1.61%
06085,29.31%, 34.63%, 63.94%,-,-, 1.43%
06087,48.12%, 24.86%, 72.98%,-,-, 2.15%
06089,35.91%, 67.22%, 31.31%,-,-, 1.47%
06091,30.95%, 64.12%, 33.16%,-,-, 2.72%
06093,22.93%, 60.64%, 37.71%,-,-, 1.66%
06095,15.32%, 41.86%, 57.17%,-,-, 0.97%
06097,36.28%, 30.90%, 67.18%,-,-, 1.91%
06099,18.25%, 58.65%, 40.40%,-,-, 0.95%
06101,35.34%, 67.19%, 31.85%,-,-, 0.96%
06103,34.41%, 66.42%, 32.01%,-,-, 1.57%
06105,11.95%, 54.66%, 42.71%,-,-, 2.63%
06107,33.28%, 66.15%, 32.87%,-,-, 0.98%
06109,21.50%, 60.02%, 38.51%,-,-, 1.47%
06111,3.66%, 51.19%, 47.53%,-,-, 1.28%
06113,20.59%, 38.75%, 59.34%,-,-, 1.91%
06115,35.45%, 67.00%, 31.55%,-,-, 1.45%
08001,2.35%, 48.22%, 50.57%,-,-, 1.20%
08003,2.58%, 50.63%, 48.05%,-,-, 1.32%
08005,3.96%, 51.42%, 47.45%,-,-, 1.13%
08007,25.00%, 61.67%, 36.67%,-,-, 1.66%
08009,54.76%, 76.85%, 22.10%,-,-, 1.05%
08011,25.66%, 62.09%, 36.43%,-,-, 1.48%
08013,33.89%, 32.39%, 66.28%,-,-, 1.32%
08014,4.61%, 51.68%, 47.06%,-,-, 1.26%
08015,12.65%, 55.59%, 42.94%,-,-, 1.47%
08017,63.93%, 81.39%, 17.46%,-,-, 1.15%
08019,8.32%, 44.93%, 53.25%,-,-, 1.82%
08021,0.79%, 49.01%, 49.80%,-,-, 1.18%
08023,34.32%, 32.16%, 66.48%,-,-, 1.36%
08025,35.37%, 67.38%, 32.02%,-,-, 0.60%
08027,37.81%, 68.25%, 30.44%,-,-, 1.32%
08029,38.83%, 68.66%, 29.83%,-,-, 1.50%
08031,40.29%, 29.27%, 69.56%,-,-, 1.17%
08033,39.41%, 68.44%, 29.03%,-,-, 2.53%
08035,33.82%, 66.54%, 32.72%,-,-, 0.73%
08037,6.54%, 46.10%, 52.64%,-,-, 1.26%
08039,48.88%, 73.82%, 24.94%,-,-, 1.24%
08041,34.62%, 66.74%, 32.11%,-,-, 1.15%
08043,34.44%, 66.46%, 32.03%,-,-, 1.51%
08045,9.18%, 53.87%, 44.69%,-,-, 1.43%
08047,14.96%, 41.58%, 56.54%,-,-, 1.88%
08049,13.37%, 55.99%, 42.62%,-,-, 1.39%
08051,15.48%, 41.32%, 56.79%,-,-, 1.89%
08053,19.77%, 58.97%, 39.20%,-,-, 1.83%
08055,1.33%, 50.09%, 48.76%,-,-, 1.15%
08057,53.53%, 76.02%, 22.48%,-,-, 1.50%
08059,5.19%, 51.79%, 46.60%,-,-, 1.61%
08061,60.54%, 79.82%, 19.28%,-,-, 0.90%
08063,56.88%, 77.70%, 20.82%,-,-, 1.48%
08065,12.28%, 42.76%, 55.04%,-,-, 2.20%
08067,6.68%, 45.87%, 52.56%,-,-, 1.57%
08069,5.20%, 51.82%, 46.62%,-,-, 1.56%
08071,1.58%, 48.48%, 50.06%,-,-, 1.46%
08073,56.31%, 77.83%, 21.52%,-,-, 0.64%
08075,41.95%, 70.36%, 28.42%,-,-, 1.22%
08077,35.51%, 67.12%, 31.61%,-,-, 1.26%
08079,25.20%, 61.87%, 36.67%,-,-, 1.45%
08081,50.52%, 74.18%, 23.67%,-,-, 2.15%
08083,28.33%, 63.44%, 35.11%,-,-, 1.45%
08085,39.72%, 69.17%, 29.45%,-,-, 1.39%
08087,37.72%, 68.31%, 30.59%,-,-, 1.11%
08089,21.80%, 60.48%, 38.68%,-,-, 0.84%
08091,4.56%, 51.53%, 46.97%,-,-, 1.51%
08093,15.99%, 57.21%, 41.22%,-,-, 1.57%
08095,48.82%, 73.85%, 25.03%,-,-, 1.12%
08097,38.36%, 30.08%, 68.44%,-,-, 1.48%
08099,43.92%, 71.49%, 27.57%,-,-, 0.95%
08101,6.33%, 46.31%, 52.64%,-,-, 1.04%
08103,61.17%, 80.02%, 18.85%,-,-, 1.13%
08105,26.09%, 62.40%, 36.30%,-,-, 1.30%
08107,10.14%, 44.20%, 54.34%,-,-, 1.45%
08109,15.38%, 41.49%, 56.87%,-,-, 1.64%
08111,7.61%, 44.44%, 52.06%,-, 2.06%, 1.44%
08113,44.71%, 26.85%, 71.56%,-,-, 1.59%
08115,43.90%, 71.40%, 27.50%,-,-, 1.10%
08117,20.20%, 39.10%, 59.29%,-,-, 1.61%
08119,38.32%, 68.35%, 30.03%,-,-, 1.62%
08121,63.04%, 81.03%, 17.98%,-,-, 0.99%
08123,26.76%, 62.71%, 35.95%,-,-, 1.35%
08125,52.47%, 75.81%, 23.34%,-,-, 0.86%
09001,4.06%, 47.29%, 51.35%,-,-, 1.36%
09003,19.14%, 39.54%, 58.68%,-,-, 1.78%
09005,5.70%, 51.89%, 46.19%,-,-, 1.93%
09007,14.34%, 41.97%, 56.31%,-,-, 1.71%
09009,10.55%, 43.78%, 54.33%,-,-, 1.89%
09011,13.63%, 42.19%, 55.81%,-,-, 2.00%
09013,11.02%, 43.56%, 54.57%,-,-, 1.87%
09015,6.45%, 45.69%, 52.14%,-,-, 2.17%
10001,13.76%, 56.40%, 42.64%,-,-, 0.96%
10003,21.99%, 38.54%, 60.52%,-,-, 0.94%
10005,21.74%, 60.45%, 38.71%,-,-, 0.84%
11001,79.84%, 9.34%, 89.18%,-,-, 1.48%
12001,13.24%, 42.90%, 56.14%,-,-, 0.95%
12003,55.83%, 77.73%, 21.90%,-,-, 0.37%
12005,43.10%, 71.18%, 28.08%,-,-, 0.74%
12007,39.73%, 69.62%, 29.88%,-,-, 0.50%
12009,16.11%, 57.66%, 41.55%,-,-, 0.79%
12011,29.60%, 34.61%, 64.21%,-,-, 1.18%
12013,27.94%, 63.42%, 35.49%,-,-, 1.09%
12015,12.75%, 55.68%, 42.93%,-,-, 1.38%
12017,14.72%, 56.86%, 42.15%,-,-, 0.99%
12019,52.90%, 76.17%, 23.28%,-,-, 0.55%
12021,30.88%, 64.99%, 34.11%,-,-, 0.90%
12023,34.92%, 67.06%, 32.14%,-,-, 0.81%
12027,16.94%, 58.09%, 41.15%,-,-, 0.77%
12029,38.40%, 68.83%, 30.43%,-,-, 0.75%
12031,16.16%, 57.78%, 41.62%,-,-, 0.59%
12033,31.57%, 65.30%, 33.73%,-,-, 0.97%
12035,2.74%, 51.02%, 48.28%,-,-, 0.70%
12037,18.06%, 58.54%, 40.48%,-,-, 0.98%
12039,39.92%, 29.80%, 69.72%,-,-, 0.49%
12041,41.61%, 70.36%, 28.75%,-,-, 0.88%
12043,17.31%, 58.33%, 41.02%,-,-, 0.64%
12045,32.95%, 66.03%, 33.08%,-,-, 0.89%
12047,10.47%, 54.97%, 44.50%,-,-, 0.53%
12049,40.01%, 69.65%, 29.65%,-,-, 0.70%
12051,18.38%, 58.90%, 40.51%,-,-, 0.59%
12053,6.76%, 52.93%, 46.17%,-,-, 0.90%
12055,25.38%, 62.36%, 36.98%,-,-, 0.65%
12057,6.79%, 53.01%, 46.23%,-,-, 0.76%
12059,55.45%, 77.25%, 21.81%,-,-, 0.94%
12061,21.14%, 60.15%, 39.01%,-,-, 0.85%
12063,23.06%, 61.20%, 38.14%,-,-, 0.66%
12065,11.19%, 44.10%, 55.30%,-,-, 0.60%
12067,48.57%, 73.98%, 25.41%,-,-, 0.60%
12069,21.11%, 60.02%, 38.90%,-,-, 1.08%
12071,20.91%, 59.91%, 39.00%,-,-, 1.09%
12073,23.65%, 37.85%, 61.50%,-,-, 0.65%
12075,26.04%, 62.52%, 36.48%,-,-, 1.01%
12077,28.37%, 63.79%, 35.42%,-,-, 0.79%
12079,1.70%, 50.47%, 48.77%,-,-, 0.76%
12081,13.96%, 56.62%, 42.66%,-,-, 0.72%
12083,17.19%, 58.19%, 41.00%,-,-, 0.80%
12085,15.39%, 57.09%, 41.69%,-,-, 1.22%
12086,6.28%, 46.61%, 52.89%,-,-, 0.50%
12087,0.47%, 49.24%, 49.71%,-,-, 1.05%
12089,46.45%, 72.64%, 26.18%,-,-, 1.18%
12091,56.07%, 77.65%, 21.58%,-,-, 0.77%
12093,14.97%, 57.24%, 42.27%,-,-, 0.48%
12095,0.21%, 49.62%, 49.83%,-,-, 0.55%
12097,5.45%, 52.45%, 47.00%,-,-, 0.55%
12099,21.30%, 39.05%, 60.35%,-,-, 0.60%
12101,9.68%, 54.07%, 44.39%,-,-, 1.54%
12103,0.05%, 49.56%, 49.51%,-,-, 0.92%
12105,17.81%, 58.61%, 40.80%,-,-, 0.60%
12107,19.05%, 59.12%, 40.07%,-,-, 0.81%
12109,38.01%, 68.60%, 30.59%,-,-, 0.81%
12111,4.24%, 47.56%, 51.80%,-,-, 0.64%
12113,55.57%, 77.35%, 21.78%,-,-, 0.88%
12115,8.31%, 53.51%, 45.20%,-,-, 1.29%
12117,16.76%, 58.10%, 41.34%,-,-, 0.56%
12119,25.80%, 62.18%, 36.38%,-,-, 1.44%
12121,41.96%, 70.58%, 28.62%,-,-, 0.80%
12123,28.18%, 63.71%, 35.53%,-,-, 0.76%
12125,45.88%, 72.64%, 26.76%,-,-, 0.60%
12127,1.57%, 48.89%, 50.46%,-,-, 0.65%
12129,15.99%, 57.61%, 41.62%,-,-, 0.77%
12131,47.31%, 73.22%, 25.91%,-,-, 0.87%
12133,43.00%, 71.09%, 28.09%,-,-, 0.82%
13001,41.52%, 70.52%, 29.00%,-,-, 0.49%
13003,35.06%, 67.37%, 32.31%,-,-, 0.32%
13005,50.71%, 75.24%, 24.53%,-,-, 0.24%
13007,6.52%, 46.52%, 53.03%,-,-, 0.45%
13009,6.41%, 52.89%, 46.48%,-,-, 0.62%
13011,58.32%, 78.86%, 20.55%,-,-, 0.59%
13013,53.10%, 76.17%, 23.07%,-,-, 0.76%
13015,48.10%, 73.66%, 25.56%,-,-, 0.79%
13017,20.76%, 60.07%, 39.31%,-,-, 0.61%
13019,40.65%, 69.87%, 29.22%,-,-, 0.91%
13021,2.10%, 48.64%, 50.74%,-,-, 0.62%
13023,42.18%, 70.83%, 28.65%,-,-, 0.51%
13025,54.66%, 77.02%, 22.36%,-,-, 0.62%
13027,14.05%, 56.91%, 42.86%,-,-, 0.23%
13029,47.76%, 73.67%, 25.92%,-,-, 0.41%
13031,28.17%, 63.77%, 35.60%,-,-, 0.62%
13033,0.22%, 49.86%, 49.64%,-,-, 0.49%
13035,32.90%, 66.12%, 33.22%,-,-, 0.66%
13037,11.34%, 44.08%, 55.42%,-,-, 0.50%
13039,34.18%, 66.85%, 32.67%,-,-, 0.48%
13043,30.17%, 64.91%, 34.74%,-,-, 0.35%
13045,41.34%, 70.27%, 28.92%,-,-, 0.81%
13047,47.44%, 73.43%, 25.99%,-,-, 0.57%
13049,36.77%, 68.15%, 31.38%,-,-, 0.47%
13051,0.16%, 49.62%, 49.78%,-,-, 0.61%
13053,7.81%, 53.55%, 45.74%,-,-, 0.71%
13055,27.77%, 63.50%, 35.73%,-,-, 0.78%
13057,58.88%, 78.99%, 20.11%,-,-, 0.90%
13059,17.80%, 40.20%, 58.00%,-,-, 1.80%
13061,22.06%, 38.85%, 60.92%,-,-, 0.23%
13063,41.44%, 29.01%, 70.46%,-,-, 0.53%
13065,33.11%, 66.18%, 33.07%,-,-, 0.75%
13067,24.82%, 61.94%, 37.12%,-,-, 0.94%
13069,35.08%, 67.35%, 32.26%,-,-, 0.39%
13071,41.85%, 70.59%, 28.74%,-,-, 0.66%
13073,51.07%, 75.31%, 24.24%,-,-, 0.45%
13075,27.62%, 63.56%, 35.94%,-,-, 0.50%
13077,49.37%, 74.36%, 24.99%,-,-, 0.66%
13079,28.99%, 64.20%, 35.21%,-,-, 0.59%
13081,24.11%, 61.80%, 37.69%,-,-, 0.51%
13083,40.69%, 69.83%, 29.14%,-,-, 1.02%
13085,64.55%, 81.87%, 17.33%,-,-, 0.80%
13087,19.77%, 59.71%, 39.94%,-,-, 0.35%
13089,45.96%, 26.58%, 72.55%,-,-, 0.87%
13091,31.45%, 65.52%, 34.08%,-,-, 0.40%
13093,3.12%, 48.18%, 51.30%,-,-, 0.52%
13095,18.09%, 40.70%, 58.79%,-,-, 0.51%
13097,23.38%, 61.36%, 37.98%,-,-, 0.67%
13099,18.82%, 59.14%, 40.32%,-,-, 0.55%
13101,53.08%, 76.39%, 23.31%,-,-, 0.30%
13103,54.94%, 77.26%, 22.33%,-,-, 0.41%
13105,21.41%, 60.33%, 38.91%,-,-, 0.76%
13107,25.32%, 62.44%, 37.12%,-,-, 0.44%
13109,30.66%, 65.16%, 34.50%,-,-, 0.34%
13111,42.79%, 71.01%, 28.22%,-,-, 0.78%
13113,42.68%, 70.97%, 28.29%,-,-, 0.74%
13115,35.87%, 67.56%, 31.69%,-,-, 0.75%
13117,66.88%, 83.04%, 16.17%,-,-, 0.79%
13119,39.56%, 69.43%, 29.87%,-,-, 0.69%
13121,19.32%, 39.90%, 59.23%,-,-, 0.87%
13123,48.93%, 73.97%, 25.04%,-,-, 0.99%
13125,60.31%, 80.00%, 19.69%,-,-, 0.31%
13127,34.77%, 67.08%, 32.31%,-,-, 0.61%
13129,48.38%, 73.88%, 25.50%,-,-, 0.62%
13131,24.09%, 61.80%, 37.70%,-,-, 0.50%
13133,18.83%, 59.17%, 40.34%,-,-, 0.49%
13135,32.22%, 65.66%, 33.44%,-,-, 0.90%
13137,57.88%, 78.59%, 20.71%,-,-, 0.69%
13139,56.98%, 78.09%, 21.12%,-,-, 0.79%
13141,53.25%, 23.12%, 76.37%,-,-, 0.51%
13143,51.61%, 75.45%, 23.84%,-,-, 0.71%
13145,44.31%, 71.82%, 27.50%,-,-, 0.68%
13147,22.38%, 60.89%, 38.52%,-,-, 0.59%
13149,41.46%, 70.48%, 29.02%,-,-, 0.51%
13151,33.72%, 66.57%, 32.84%,-,-, 0.59%
13153,32.74%, 66.03%, 33.29%,-,-, 0.69%
13155,37.92%, 68.67%, 30.75%,-,-, 0.59%
13157,56.43%, 77.84%, 21.40%,-,-, 0.76%
13159,33.71%, 66.56%, 32.85%,-,-, 0.59%
13161,46.89%, 73.25%, 26.36%,-,-, 0.39%
13163,5.83%, 46.89%, 52.71%,-,-, 0.40%
13165,11.86%, 55.74%, 43.88%,-,-, 0.38%
13167,28.58%, 64.11%, 35.53%,-,-, 0.37%
13169,28.40%, 63.91%, 35.50%,-,-, 0.59%
13171,24.54%, 61.96%, 37.42%,-,-, 0.62%
13173,27.42%, 63.38%, 35.96%,-,-, 0.66%
13175,26.66%, 63.05%, 36.39%,-,-, 0.56%
13177,57.72%, 78.64%, 20.92%,-,-, 0.43%
13179,3.81%, 47.86%, 51.67%,-,-, 0.46%
13181,26.57%, 63.12%, 36.55%,-,-, 0.33%
13183,31.60%, 65.57%, 33.97%,-,-, 0.46%
13185,20.40%, 59.91%, 39.50%,-,-, 0.59%
13187,51.80%, 75.35%, 23.55%,-,-, 1.09%
13189,25.03%, 62.29%, 37.26%,-,-, 0.45%
13191,5.83%, 52.71%, 46.88%,-,-, 0.41%
13193,22.07%, 38.72%, 60.79%,-,-, 0.48%
13195,47.96%, 73.60%, 25.64%,-,-, 0.76%
13197,13.36%, 56.48%, 43.12%,-,-, 0.41%
13199,8.50%, 53.98%, 45.48%,-,-, 0.54%
13201,39.23%, 69.37%, 30.14%,-,-, 0.49%
13205,7.22%, 53.42%, 46.20%,-,-, 0.37%
13207,33.76%, 66.59%, 32.84%,-,-, 0.57%
13209,36.06%, 67.82%, 31.77%,-,-, 0.41%
13211,35.85%, 67.64%, 31.79%,-,-, 0.57%
13213,45.29%, 72.38%, 27.09%,-,-, 0.52%
13215,3.15%, 48.16%, 51.31%,-,-, 0.52%
13217,24.51%, 61.99%, 37.47%,-,-, 0.54%
13219,45.69%, 72.37%, 26.68%,-,-, 0.94%
13221,31.73%, 65.41%, 33.68%,-,-, 0.90%
13223,52.88%, 76.13%, 23.25%,-,-, 0.62%
13225,6.93%, 53.24%, 46.31%,-,-, 0.46%
13227,53.30%, 76.28%, 22.97%,-,-, 0.75%
13229,58.16%, 78.99%, 20.83%,-,-, 0.19%
13231,54.63%, 76.94%, 22.31%,-,-, 0.74%
13233,37.03%, 68.17%, 31.14%,-,-, 0.68%
13235,25.82%, 62.61%, 36.79%,-,-, 0.60%
13237,28.43%, 63.91%, 35.48%,-,-, 0.62%
13239,13.89%, 42.38%, 56.27%,-,-, 1.35%
13241,41.13%, 70.00%, 28.87%,-,-, 1.13%
13243,6.36%, 46.49%, 52.85%,-,-, 0.66%
13245,13.69%, 42.90%, 56.59%,-,-, 0.50%
13247,21.53%, 60.42%, 38.89%,-,-, 0.69%
13249,39.10%, 69.39%, 30.29%,-,-, 0.33%
13251,13.93%, 56.68%, 42.75%,-,-, 0.57%
13253,21.30%, 60.26%, 38.95%,-,-, 0.79%
13255,28.53%, 63.99%, 35.46%,-,-, 0.55%
13257,43.31%, 71.37%, 28.05%,-,-, 0.58%
13259,20.82%, 39.22%, 60.04%,-,-, 0.74%
13261,1.12%, 50.35%, 49.23%,-,-, 0.42%
13263,24.67%, 37.43%, 62.10%,-,-, 0.48%
13265,29.13%, 35.23%, 64.35%,-,-, 0.42%
13267,44.33%, 71.93%, 27.60%,-,-, 0.46%
13269,13.42%, 56.52%, 43.10%,-,-, 0.38%
13271,15.39%, 57.49%, 42.11%,-,-, 0.40%
13273,2.40%, 48.58%, 50.98%,-,-, 0.44%
13275,23.28%, 61.39%, 38.12%,-,-, 0.49%
13277,37.93%, 68.75%, 30.82%,-,-, 0.43%
13279,41.15%, 70.25%, 29.10%,-,-, 0.65%
13281,45.28%, 72.34%, 27.06%,-,-, 0.61%
13283,23.14%, 61.22%, 38.09%,-,-, 0.69%
13285,29.87%, 64.65%, 34.78%,-,-, 0.57%
13287,22.93%, 61.21%, 38.28%,-,-, 0.51%
13289,2.47%, 48.34%, 50.81%,-,-, 0.85%
13291,48.89%, 74.06%, 25.17%,-,-, 0.77%
13293,31.80%, 65.72%, 33.92%,-,-, 0.36%
13295,43.50%, 71.34%, 27.84%,-,-, 0.82%
13297,56.81%, 78.11%, 21.29%,-,-, 0.60%
13299,38.45%, 68.99%, 30.55%,-,-, 0.46%
13301,9.60%, 45.04%, 54.64%,-,-, 0.32%
13303,4.43%, 51.93%, 47.51%,-,-, 0.56%
13305,43.25%, 71.31%, 28.06%,-,-, 0.63%
13307,2.98%, 48.12%, 51.09%,-,-, 0.79%
13309,16.80%, 58.03%, 41.24%,-,-, 0.73%
13311,56.68%, 77.89%, 21.21%,-,-, 0.89%
13313,46.84%, 73.10%, 26.26%,-,-, 0.64%
13315,30.70%, 65.18%, 34.48%,-,-, 0.34%
13317,10.16%, 54.75%, 44.59%,-,-, 0.66%
13319,0.58%, 50.04%, 49.47%,-,-, 0.49%
13321,39.23%, 69.40%, 30.17%,-,-, 0.44%
15001,22.68%, 38.18%, 60.86%,-,-, 0.96%
15003,2.79%, 48.29%, 51.08%,-,-, 0.63%
15005,0%,-,-,-,-,-
15007,20.81%, 39.15%, 59.96%,-,-, 0.88%
15009,22.38%, 38.34%, 60.73%,-,-, 0.93%
16001,23.30%, 61.05%, 37.75%,-,-, 1.20%
16003,44.26%, 71.16%, 26.90%,-,-, 1.94%
16005,24.61%, 61.64%, 37.03%,-,-, 1.33%
16007,66.18%, 82.43%, 16.25%,-,-, 1.32%
16009,41.36%, 69.70%, 28.35%,-,-, 1.95%
16011,55.11%, 76.87%, 21.76%,-,-, 1.36%
16013,19.30%, 39.76%, 59.05%,-,-, 1.19%
16015,43.41%, 70.91%, 27.50%,-,-, 1.59%
16017,22.89%, 60.49%, 37.60%,-,-, 1.91%
16019,55.81%, 77.30%, 21.50%,-,-, 1.20%
16021,39.83%, 68.78%, 28.96%,-,-, 2.26%
16023,53.77%, 76.60%, 22.83%,-,-, 0.57%
16025,52.27%, 75.63%, 23.36%,-,-, 1.01%
16027,50.60%, 74.69%, 24.09%,-,-, 1.23%
16029,68.94%, 83.91%, 14.96%,-,-, 1.13%
16031,69.16%, 83.90%, 14.74%,-,-, 1.36%
16033,72.52%, 85.55%, 13.03%,-,-, 1.42%
16035,42.69%, 70.38%, 27.69%,-,-, 1.93%
16037,51.02%, 74.72%, 23.71%,-,-, 1.57%
16039,50.27%, 74.57%, 24.30%,-,-, 1.13%
16041,80.55%, 89.57%, 9.02%,-,-, 1.40%
16043,73.22%, 86.06%, 12.84%,-,-, 1.09%
16045,53.10%, 75.92%, 22.82%,-,-, 1.26%
16047,50.61%, 74.61%, 24.00%,-,-, 1.39%
16049,54.30%, 75.50%, 21.19%,-,-, 0.78%
16051,74.32%, 86.49%, 12.17%,-,-, 1.34%
16053,58.25%, 78.68%, 20.43%,-,-, 0.90%
16055,34.04%, 66.25%, 32.20%,-,-, 1.55%
16057,1.46%, 49.48%, 48.03%,-,-, 2.49%
16059,53.37%, 75.93%, 22.56%,-,-, 1.50%
16061,50.49%, 74.67%, 24.18%,-,-, 1.15%
16063,49.15%, 73.99%, 24.84%,-,-, 1.17%
16065,84.79%, 91.89%, 7.10%,-,-, 1.01%
16067,62.02%, 80.50%, 18.48%,-,-, 1.01%
16069,25.61%, 62.20%, 36.59%,-,-, 1.21%
16071,69.62%, 83.87%, 14.25%,-,-, 1.88%
16073,60.56%, 79.64%, 19.08%,-,-, 1.28%
16075,53.88%, 76.47%, 22.59%,-,-, 0.94%
16077,43.14%, 71.16%, 28.03%,-,-, 0.81%
16079,11.07%, 54.75%, 43.68%,-,-, 1.57%
16081,22.20%, 60.57%, 38.37%,-,-, 1.06%
16083,49.99%, 74.42%, 24.43%,-,-, 1.15%
16085,21.37%, 59.97%, 38.60%,-,-, 1.42%
16087,51.41%, 75.11%, 23.70%,-,-, 1.19%
17001,32.80%, 66.19%, 33.39%,-,-, 0.42%
17003,4.78%, 47.28%, 52.05%,-,-, 0.67%
17005,11.40%, 55.20%, 43.81%,-,-, 0.99%
17007,14.56%, 56.97%, 42.40%,-,-, 0.63%
17009,30.33%, 64.95%, 34.62%,-,-, 0.43%
17011,10.40%, 54.87%, 44.47%,-,-, 0.66%
17013,1.85%, 48.67%, 50.52%,-,-, 0.81%
17015,12.26%, 55.73%, 43.48%,-,-, 0.79%
17017,11.77%, 55.49%, 43.72%,-,-, 0.79%
17019,1.97%, 48.40%, 50.37%,-,-, 1.23%
17021,19.20%, 59.24%, 40.03%,-,-, 0.73%
17023,27.54%, 63.47%, 35.93%,-,-, 0.60%
17025,35.32%, 67.38%, 32.06%,-,-, 0.56%
17027,19.98%, 59.65%, 39.68%,-,-, 0.67%
17029,15.14%, 57.13%, 41.99%,-,-, 0.87%
17031,41.10%, 29.15%, 70.25%,-,-, 0.60%
17033,30.96%, 65.18%, 34.23%,-,-, 0.59%
17035,30.19%, 64.57%, 34.38%,-,-, 1.05%
17037,4.49%, 51.74%, 47.25%,-,-, 1.01%
17039,26.72%, 63.09%, 36.37%,-,-, 0.54%
17041,34.37%, 66.77%, 32.40%,-,-, 0.83%
17043,9.64%, 54.39%, 44.75%,-,-, 0.86%
17045,25.69%, 62.38%, 36.69%,-,-, 0.93%
17047,44.05%, 71.70%, 27.65%,-,-, 0.65%
17049,45.37%, 72.33%, 26.96%,-,-, 0.71%
17051,24.18%, 61.58%, 37.40%,-,-, 1.03%
17053,40.11%, 69.62%, 29.51%,-,-, 0.86%
17055,8.12%, 53.68%, 45.56%,-,-, 0.76%
17057,7.41%, 45.89%, 53.30%,-,-, 0.80%
17059,1.43%, 50.20%, 48.78%,-,-, 1.02%
17061,18.16%, 58.65%, 40.49%,-,-, 0.86%
17063,13.79%, 56.47%, 42.68%,-,-, 0.86%
17065,18.59%, 58.77%, 40.19%,-,-, 1.04%
17067,18.81%, 58.97%, 40.16%,-,-, 0.88%
17069,23.72%, 61.59%, 37.87%,-,-, 0.53%
17071,9.92%, 44.71%, 54.64%,-,-, 0.65%
17073,5.29%, 52.34%, 47.05%,-,-, 0.60%
17075,43.96%, 71.66%, 27.70%,-,-, 0.64%
17077,12.04%, 43.33%, 55.37%,-,-, 1.30%
17079,32.76%, 66.14%, 33.38%,-,-, 0.49%
17081,20.34%, 59.95%, 39.61%,-,-, 0.44%
17083,8.27%, 53.62%, 45.35%,-,-, 1.04%
17085,7.45%, 53.30%, 45.85%,-,-, 0.85%
17087,37.24%, 68.15%, 30.91%,-,-, 0.94%
17089,10.91%, 55.03%, 44.12%,-,-, 0.85%
17091,10.52%, 54.93%, 44.42%,-,-, 0.65%
17093,22.38%, 60.80%, 38.42%,-,-, 0.78%
17095,9.28%, 44.97%, 54.25%,-,-, 0.79%
17097,1.72%, 50.52%, 48.80%,-,-, 0.68%
17099,3.62%, 51.45%, 47.83%,-,-, 0.72%
17101,24.43%, 61.85%, 37.42%,-,-, 0.73%
17103,18.21%, 58.62%, 40.41%,-,-, 0.96%
17105,29.20%, 64.32%, 35.11%,-,-, 0.57%
17107,35.93%, 67.66%, 31.73%,-,-, 0.61%
17109,3.60%, 51.28%, 47.69%,-,-, 1.03%
17111,20.38%, 59.72%, 39.34%,-,-, 0.94%
17113,15.92%, 57.63%, 41.72%,-,-, 0.65%
17115,9.23%, 54.34%, 45.11%,-,-, 0.55%
17117,0.97%, 50.09%, 49.12%,-,-, 0.79%
17119,3.25%, 48.02%, 51.26%,-,-, 0.72%
17121,9.98%, 54.65%, 44.67%,-,-, 0.68%
17123,14.09%, 56.71%, 42.62%,-,-, 0.67%
17125,9.63%, 54.39%, 44.76%,-,-, 0.85%
17127,23.88%, 61.66%, 37.78%,-,-, 0.55%
17129,34.55%, 67.05%, 32.51%,-,-, 0.44%
17131,1.19%, 49.09%, 50.28%,-,-, 0.64%
17133,16.37%, 57.84%, 41.47%,-,-, 0.70%
17135,6.74%, 52.99%, 46.24%,-,-, 0.77%
17137,24.65%, 61.87%, 37.22%,-,-, 0.91%
17139,25.36%, 62.30%, 36.93%,-,-, 0.77%
17141,24.49%, 61.92%, 37.43%,-,-, 0.64%
17143,0.08%, 49.60%, 49.68%,-,-, 0.72%
17145,7.86%, 53.61%, 45.76%,-,-, 0.63%
17147,26.42%, 62.80%, 36.38%,-,-, 0.82%
17149,27.36%, 63.06%, 35.70%,-,-, 1.24%
17151,23.89%, 61.58%, 37.68%,-,-, 0.74%
17153,11.20%, 55.34%, 44.14%,-,-, 0.51%
17155,2.42%, 48.42%, 50.84%,-,-, 0.75%
17157,8.73%, 54.00%, 45.27%,-,-, 0.73%
17159,33.86%, 66.50%, 32.64%,-,-, 0.86%
17161,14.60%, 42.39%, 56.99%,-,-, 0.61%
17163,10.78%, 44.35%, 55.14%,-,-, 0.51%
17165,19.98%, 59.73%, 39.76%,-,-, 0.51%
17167,18.11%, 58.61%, 40.50%,-,-, 0.88%
17169,20.07%, 59.61%, 39.54%,-,-, 0.84%
17171,29.17%, 64.34%, 35.17%,-,-, 0.49%
17173,28.45%, 63.85%, 35.40%,-,-, 0.76%
17175,21.30%, 60.14%, 38.84%,-,-, 1.01%
17177,15.47%, 57.28%, 41.81%,-,-, 0.91%
17179,16.43%, 57.84%, 41.41%,-,-, 0.75%
17181,17.52%, 58.48%, 40.96%,-,-, 0.56%
17183,11.88%, 55.56%, 43.68%,-,-, 0.76%
17185,40.96%, 70.13%, 29.17%,-,-, 0.70%
17187,6.34%, 52.90%, 46.56%,-,-, 0.53%
17189,25.74%, 62.59%, 36.85%,-,-, 0.57%
17191,47.82%, 73.63%, 25.81%,-,-, 0.56%
17193,25.41%, 62.40%, 37.00%,-,-, 0.60%
17195,2.84%, 48.22%, 51.07%,-,-, 0.71%
17197,5.43%, 52.37%, 46.94%,-,-, 0.68%
17199,21.37%, 60.37%, 39.00%,-,-, 0.63%
17201,0.86%, 50.06%, 49.20%,-,-, 0.74%
17203,35.60%, 67.54%, 31.94%,-,-, 0.53%
18001,46.64%, 72.97%, 26.33%,-,-, 0.70%
18003,27.24%, 63.28%, 36.04%,-,-, 0.68%
18005,34.73%, 66.96%, 32.23%,-,-, 0.81%
18007,41.63%, 70.07%, 28.43%,-,-, 1.50%
18009,28.70%, 64.07%, 35.37%,-,-, 0.56%
18011,49.87%, 74.48%, 24.61%,-,-, 0.90%
18013,24.31%, 61.56%, 37.24%,-,-, 1.20%
18015,36.80%, 67.93%, 31.13%,-,-, 0.94%
18017,37.08%, 68.05%, 30.97%,-,-, 0.98%
18019,16.17%, 57.86%, 41.68%,-,-, 0.46%
18021,37.36%, 68.26%, 30.91%,-,-, 0.83%
18023,43.24%, 71.32%, 28.08%,-,-, 0.60%
18025,14.80%, 57.04%, 42.24%,-,-, 0.72%
18027,50.60%, 74.87%, 24.28%,-,-, 0.85%
18029,36.41%, 67.87%, 31.46%,-,-, 0.68%
18031,47.83%, 73.53%, 25.70%,-,-, 0.77%
18033,36.73%, 67.96%, 31.23%,-,-, 0.81%
18035,13.83%, 56.46%, 42.63%,-,-, 0.92%
18037,38.18%, 68.71%, 30.53%,-,-, 0.76%
18039,40.73%, 70.00%, 29.27%,-,-, 0.73%
18041,22.55%, 60.85%, 38.30%,-,-, 0.86%
18043,17.76%, 58.65%, 40.89%,-,-, 0.46%
18045,35.66%, 67.40%, 31.74%,-,-, 0.86%
18047,40.55%, 69.83%, 29.27%,-,-, 0.90%
18049,39.30%, 69.25%, 29.96%,-,-, 0.79%
18051,25.69%, 62.49%, 36.80%,-,-, 0.70%
18053,37.36%, 68.35%, 30.99%,-,-, 0.66%
18055,29.98%, 64.48%, 34.50%,-,-, 1.03%
18057,49.09%, 74.24%, 25.15%,-,-, 0.60%
18059,49.73%, 74.54%, 24.80%,-,-, 0.66%
18061,27.98%, 63.63%, 35.65%,-,-, 0.72%
18063,47.57%, 73.48%, 25.90%,-,-, 0.62%
18065,29.07%, 64.07%, 35.00%,-,-, 0.93%
18067,28.95%, 64.06%, 35.11%,-,-, 0.83%
18069,49.53%, 74.34%, 24.81%,-,-, 0.85%
18071,36.73%, 67.96%, 31.22%,-,-, 0.82%
18073,36.96%, 68.02%, 31.05%,-,-, 0.93%
18075,32.64%, 65.93%, 33.28%,-,-, 0.79%
18077,20.40%, 59.85%, 39.45%,-,-, 0.70%
18079,31.62%, 65.27%, 33.64%,-,-, 1.09%
18081,48.10%, 73.68%, 25.58%,-,-, 0.74%
18083,27.57%, 63.44%, 35.88%,-,-, 0.68%
18085,56.98%, 78.05%, 21.08%,-,-, 0.87%
18087,43.40%, 71.42%, 28.02%,-,-, 0.56%
18089,22.78%, 38.24%, 61.03%,-,-, 0.73%
18091,0.46%, 49.09%, 49.56%,-,-, 1.35%
18093,38.77%, 68.97%, 30.21%,-,-, 0.82%
18095,19.40%, 59.29%, 39.89%,-,-, 0.81%
18097,1.93%, 48.65%, 50.57%,-,-, 0.78%
18099,36.38%, 67.78%, 31.40%,-,-, 0.83%
18101,37.87%, 68.33%, 30.46%,-,-, 1.20%
18103,41.93%, 70.44%, 28.51%,-,-, 1.04%
18105,8.19%, 45.25%, 53.43%,-,-, 1.32%
18107,50.63%, 74.93%, 24.31%,-,-, 0.76%
18109,48.20%, 73.75%, 25.55%,-,-, 0.70%
18111,29.50%, 64.24%, 34.75%,-,-, 1.01%
18113,39.26%, 69.26%, 30.00%,-,-, 0.75%
18115,22.21%, 60.72%, 38.51%,-,-, 0.78%
18117,32.34%, 65.68%, 33.34%,-,-, 0.97%
18119,32.40%, 65.75%, 33.35%,-,-, 0.89%
18121,31.39%, 65.27%, 33.88%,-,-, 0.85%
18123,0.07%, 49.75%, 49.68%,-,-, 0.57%
18125,21.36%, 60.29%, 38.92%,-,-, 0.79%
18127,8.33%, 53.63%, 45.30%,-,-, 1.07%
18129,31.27%, 65.35%, 34.08%,-,-, 0.57%
18131,36.46%, 67.63%, 31.17%,-,-, 1.19%
18133,36.58%, 67.81%, 31.23%,-,-, 0.95%
18135,30.29%, 64.66%, 34.37%,-,-, 0.97%
18137,39.83%, 69.49%, 29.66%,-,-, 0.85%
18139,45.32%, 72.27%, 26.95%,-,-, 0.78%
18141,2.41%, 50.87%, 48.46%,-,-, 0.67%
18143,11.19%, 55.24%, 44.05%,-,-, 0.71%
18145,42.92%, 71.11%, 28.20%,-,-, 0.69%
18147,20.29%, 59.79%, 39.50%,-,-, 0.71%
18149,9.61%, 54.22%, 44.61%,-,-, 1.16%
18151,31.68%, 65.35%, 33.67%,-,-, 0.98%
18153,19.75%, 59.55%, 39.80%,-,-, 0.64%
18155,18.58%, 58.87%, 40.29%,-,-, 0.84%
18157,19.25%, 59.01%, 39.76%,-,-, 1.23%
18159,43.40%, 71.31%, 27.91%,-,-, 0.77%
18161,36.51%, 67.76%, 31.25%,-,-, 0.99%
18163,17.97%, 58.68%, 40.72%,-,-, 0.60%
18165,1.60%, 50.39%, 48.80%,-,-, 0.81%
18167,6.45%, 52.81%, 46.36%,-,-, 0.83%
18169,41.81%, 70.63%, 28.82%,-,-, 0.55%
18171,30.53%, 64.77%, 34.24%,-,-, 0.98%
18173,30.55%, 65.05%, 34.51%,-,-, 0.44%
18175,27.90%, 63.56%, 35.65%,-,-, 0.79%
18177,21.01%, 59.97%, 38.96%,-,-, 1.07%
18179,49.02%, 74.21%, 25.19%,-,-, 0.60%
18181,35.66%, 67.28%, 31.61%,-,-, 1.11%
18183,41.78%, 70.56%, 28.78%,-,-, 0.66%
19001,13.04%, 56.15%, 43.10%,-,-, 0.75%
19003,14.62%, 56.65%, 42.02%,-,-, 1.33%
19005,1.15%, 49.99%, 48.84%,-,-, 1.18%
19007,4.29%, 51.78%, 47.49%,-,-, 0.73%
19009,9.74%, 54.51%, 44.77%,-,-, 0.72%
19011,0.66%, 49.31%, 49.97%,-,-, 0.71%
19013,11.49%, 43.89%, 55.38%,-,-, 0.73%
19015,1.12%, 49.04%, 50.16%,-,-, 0.80%
19017,5.01%, 52.16%, 47.15%,-,-, 0.70%
19019,7.74%, 45.79%, 53.54%,-,-, 0.67%
19021,16.10%, 57.56%, 41.46%,-,-, 0.98%
19023,18.94%, 59.09%, 40.15%,-,-, 0.76%
19025,18.26%, 58.73%, 40.47%,-,-, 0.79%
19027,10.20%, 54.75%, 44.56%,-,-, 0.69%
19029,28.07%, 63.58%, 35.52%,-,-, 0.90%
19031,1.26%, 50.23%, 48.97%,-,-, 0.80%
19033,9.84%, 44.71%, 54.54%,-,-, 0.75%
19035,11.33%, 55.30%, 43.97%,-,-, 0.74%
19037,9.81%, 44.67%, 54.48%,-,-, 0.85%
19039,2.69%, 48.18%, 50.88%,-,-, 0.94%
19041,15.73%, 57.03%, 41.30%,-,-, 1.67%
19043,4.62%, 47.03%, 51.66%,-,-, 1.31%
19045,12.75%, 43.21%, 55.96%,-,-, 0.83%
19047,10.15%, 54.61%, 44.46%,-,-, 0.93%
19049,16.22%, 57.75%, 41.52%,-,-, 0.73%
19051,10.64%, 54.82%, 44.18%,-,-, 1.00%
19053,5.71%, 52.06%, 46.35%,-,-, 1.60%
19055,7.40%, 53.35%, 45.95%,-,-, 0.71%
19057,20.29%, 39.38%, 59.67%,-,-, 0.94%
19059,12.53%, 55.87%, 43.34%,-,-, 0.80%
19061,13.73%, 42.73%, 56.46%,-,-, 0.81%
19063,5.66%, 52.31%, 46.64%,-,-, 1.05%
19065,0.55%, 49.35%, 49.89%,-,-, 0.76%
19067,7.40%, 45.86%, 53.25%,-,-, 0.89%
19069,14.27%, 56.66%, 42.38%,-,-, 0.96%
19071,21.78%, 60.39%, 38.61%,-,-, 1.00%
19073,3.11%, 51.20%, 48.09%,-,-, 0.70%
19075,29.83%, 64.67%, 34.84%,-,-, 0.50%
19077,11.86%, 55.47%, 43.61%,-,-, 0.92%
19079,5.66%, 52.39%, 46.73%,-,-, 0.88%
19081,14.97%, 57.04%, 42.07%,-,-, 0.90%
19083,9.61%, 54.48%, 44.87%,-,-, 0.66%
19085,23.10%, 60.94%, 37.84%,-,-, 1.22%
19087,11.56%, 55.20%, 43.64%,-,-, 1.16%
19089,12.48%, 43.18%, 55.65%,-,-, 1.17%
19091,18.99%, 59.10%, 40.11%,-,-, 0.79%
19093,24.56%, 62.06%, 37.49%,-,-, 0.45%
19095,8.32%, 53.75%, 45.43%,-,-, 0.82%
19097,14.12%, 42.37%, 56.50%,-,-, 1.13%
19099,4.83%, 47.16%, 51.99%,-,-, 0.85%
19101,10.17%, 44.05%, 54.22%,-,-, 1.73%
19103,29.27%, 34.75%, 64.01%,-,-, 1.24%
19105,2.20%, 48.45%, 50.65%,-,-, 0.90%
19107,15.05%, 56.92%, 41.86%,-,-, 1.22%
19109,9.83%, 54.46%, 44.63%,-,-, 0.91%
19111,15.01%, 41.84%, 56.85%,-,-, 1.31%
19113,9.93%, 44.65%, 54.58%,-,-, 0.77%
19115,5.59%, 52.32%, 46.72%,-,-, 0.96%
19117,12.16%, 55.63%, 43.47%,-,-, 0.90%
19119,56.52%, 77.87%, 21.36%,-,-, 0.77%
19121,14.47%, 56.70%, 42.23%,-,-, 1.07%
19123,28.60%, 63.93%, 35.33%,-,-, 0.75%
19125,20.46%, 59.83%, 39.37%,-,-, 0.79%
19127,0.59%, 49.87%, 49.27%,-,-, 0.86%
19129,32.39%, 65.65%, 33.26%,-,-, 1.10%
19131,2.54%, 48.28%, 50.82%,-,-, 0.89%
19133,3.55%, 51.32%, 47.77%,-,-, 0.92%
19135,5.35%, 52.16%, 46.81%,-,-, 1.03%
19137,30.63%, 64.81%, 34.18%,-,-, 1.01%
19139,2.79%, 48.19%, 50.98%,-,-, 0.83%
19141,38.78%, 68.92%, 30.14%,-,-, 0.94%
19143,41.67%, 70.27%, 28.60%,-,-, 1.13%
19145,40.36%, 69.79%, 29.43%,-,-, 0.79%
19147,3.70%, 51.51%, 47.81%,-,-, 0.67%
19149,28.90%, 63.90%, 35.00%,-,-, 1.10%
19151,14.35%, 56.60%, 42.24%,-,-, 1.16%
19153,4.63%, 47.29%, 51.93%,-,-, 0.78%
19155,18.30%, 58.72%, 40.43%,-,-, 0.85%
19157,0.77%, 49.20%, 49.98%,-,-, 0.82%
19159,6.48%, 52.77%, 46.29%,-,-, 0.94%
19161,16.99%, 58.21%, 41.22%,-,-, 0.58%
19163,2.62%, 48.30%, 50.92%,-,-, 0.78%
19165,28.50%, 63.81%, 35.31%,-,-, 0.88%
19167,72.24%, 85.87%, 13.63%,-,-, 0.49%
19169,5.55%, 46.63%, 52.17%,-,-, 1.20%
19171,0.34%, 49.51%, 49.85%,-,-, 0.64%
19173,20.56%, 59.81%, 39.25%,-,-, 0.94%
19175,6.99%, 52.94%, 45.95%,-,-, 1.10%
19177,16.76%, 57.64%, 40.88%,-,-, 1.49%
19179,10.31%, 44.31%, 54.62%,-,-, 1.07%
19181,6.20%, 52.75%, 46.54%,-,-, 0.71%
19183,12.93%, 55.92%, 42.99%,-,-, 1.09%
19185,11.30%, 55.31%, 44.02%,-,-, 0.67%
19187,3.23%, 48.09%, 51.32%,-,-, 0.60%
19189,7.86%, 53.34%, 45.48%,-,-, 1.18%
19191,0.28%, 49.37%, 49.65%,-,-, 0.98%
19193,2.25%, 50.80%, 48.55%,-,-, 0.65%
19195,11.91%, 43.54%, 55.45%,-,-, 1.02%
19197,10.62%, 54.99%, 44.37%,-,-, 0.64%
20001,33.12%, 65.84%, 32.73%,-,-, 1.43%
20003,31.19%, 64.72%, 33.52%,-,-, 1.76%
20005,10.68%, 54.51%, 43.83%,-,-, 1.66%
20007,49.69%, 74.16%, 24.47%,-,-, 1.37%
20009,49.48%, 74.03%, 24.55%,-,-, 1.42%
20011,32.25%, 65.39%, 33.14%,-,-, 1.47%
20013,41.29%, 69.99%, 28.70%,-,-, 1.31%
20015,41.64%, 70.16%, 28.52%,-,-, 1.32%
20017,42.44%, 70.29%, 27.85%,-,-, 1.87%
20019,57.40%, 78.01%, 20.61%,-,-, 1.38%
20021,23.78%, 61.36%, 37.59%,-,-, 1.05%
20023,61.05%, 79.96%, 18.91%,-,-, 1.12%
20025,58.64%, 78.54%, 19.91%,-,-, 1.55%
20027,59.38%, 79.15%, 19.78%,-,-, 1.07%
20029,44.66%, 71.53%, 26.87%,-,-, 1.60%
20031,49.14%, 73.93%, 24.80%,-,-, 1.27%
20033,58.10%, 78.49%, 20.39%,-,-, 1.12%
20035,31.76%, 65.11%, 33.35%,-,-, 1.54%
20037,6.11%, 52.19%, 46.09%,-,-, 1.72%
20039,57.47%, 77.87%, 20.40%,-,-, 1.72%
20041,44.72%, 71.61%, 26.89%,-,-, 1.50%
20043,39.58%, 69.14%, 29.56%,-,-, 1.30%
20045,16.14%, 41.00%, 57.14%,-,-, 1.86%
20047,46.66%, 72.46%, 25.80%,-,-, 1.74%
20049,49.50%, 73.86%, 24.36%,-,-, 1.78%
20051,31.66%, 64.75%, 33.09%,-,-, 2.16%
20053,47.00%, 72.82%, 25.82%,-,-, 1.35%
20055,51.63%, 75.29%, 23.67%,-,-, 1.04%
20057,48.20%, 73.56%, 25.35%,-,-, 1.09%
20059,30.24%, 64.40%, 34.17%,-,-, 1.43%
20061,29.64%, 64.18%, 34.54%,-,-, 1.28%
20063,64.69%, 81.53%, 16.84%,-,-, 1.64%
20065,51.94%, 75.14%, 23.19%,-,-, 1.67%
20067,58.30%, 78.64%, 20.34%,-,-, 1.02%
20069,62.72%, 80.89%, 18.17%,-,-, 0.94%
20071,60.68%, 79.46%, 18.78%,-,-, 1.77%
20073,42.26%, 70.35%, 28.08%,-,-, 1.57%
20075,58.32%, 78.58%, 20.27%,-,-, 1.15%
20077,48.70%, 73.52%, 24.81%,-,-, 1.67%
20079,27.82%, 63.10%, 35.28%,-,-, 1.62%
20081,70.61%, 84.80%, 14.20%,-,-, 1.00%
20083,61.71%, 80.56%, 18.85%,-,-, 0.59%
20085,28.29%, 63.35%, 35.05%,-,-, 1.60%
20087,24.51%, 61.50%, 37.00%,-,-, 1.50%
20089,57.96%, 78.07%, 20.10%,-,-, 1.83%
20091,23.29%, 61.12%, 37.83%,-,-, 1.05%
20093,62.20%, 80.89%, 18.69%,-,-, 0.41%
20095,50.40%, 74.42%, 24.02%,-,-, 1.57%
20097,65.11%, 81.47%, 16.36%,-,-, 2.17%
20099,19.53%, 59.09%, 39.56%,-,-, 1.36%
20101,63.31%, 81.16%, 17.85%,-,-, 0.99%
20103,17.96%, 58.35%, 40.39%,-,-, 1.25%
20105,54.28%, 76.00%, 21.72%,-,-, 2.28%
20107,29.89%, 64.29%, 34.40%,-,-, 1.31%
20109,66.12%, 82.40%, 16.28%,-,-, 1.31%
20111,20.22%, 59.16%, 38.94%,-,-, 1.90%
20113,44.93%, 71.78%, 26.85%,-,-, 1.37%
20115,48.38%, 73.32%, 24.94%,-,-, 1.74%
20117,28.82%, 63.84%, 35.02%,-,-, 1.14%
20119,65.63%, 82.41%, 16.78%,-,-, 0.80%
20121,29.79%, 64.31%, 34.52%,-,-, 1.18%
20123,57.21%, 77.90%, 20.69%,-,-, 1.40%
20125,37.26%, 67.99%, 30.73%,-,-, 1.28%
20127,35.08%, 66.79%, 31.71%,-,-, 1.50%
20129,64.15%, 81.66%, 17.51%,-,-, 0.82%
20131,48.91%, 73.71%, 24.80%,-,-, 1.48%
20133,31.54%, 65.07%, 33.52%,-,-, 1.41%
20135,56.38%, 77.39%, 21.01%,-,-, 1.60%
20137,62.29%, 80.49%, 18.20%,-,-, 1.31%
20139,30.32%, 64.32%, 33.99%,-,-, 1.69%
20141,54.60%, 76.48%, 21.88%,-,-, 1.64%
20143,58.50%, 78.53%, 20.03%,-,-, 1.45%
20145,46.82%, 72.69%, 25.87%,-,-, 1.44%
20147,59.68%, 79.24%, 19.56%,-,-, 1.19%
20149,47.04%, 71.70%, 24.66%,-,-, 1.37%
20151,43.82%, 71.19%, 27.37%,-,-, 1.44%
20153,65.41%, 82.21%, 16.80%,-,-, 0.99%
20155,31.60%, 64.95%, 33.36%,-,-, 1.69%
20157,56.46%, 77.47%, 21.01%,-,-, 1.52%
20159,46.89%, 72.71%, 25.82%,-,-, 1.46%
20161,22.78%, 60.60%, 37.82%,-,-, 1.58%
20163,58.56%, 78.27%, 19.70%,-,-, 2.03%
20165,39.63%, 68.53%, 28.90%,-,-, 2.57%
20167,52.79%, 75.77%, 22.98%,-,-, 1.25%
20169,32.93%, 65.58%, 32.65%,-,-, 1.76%
20171,68.60%, 83.69%, 15.09%,-,-, 1.22%
20173,25.63%, 62.12%, 36.49%,-,-, 1.38%
20175,57.92%, 78.54%, 20.63%,-,-, 0.83%
20177,9.71%, 54.17%, 44.45%,-,-, 1.38%
20179,64.37%, 81.37%, 17.00%,-,-, 1.64%
20181,52.72%, 75.60%, 22.88%,-,-, 1.52%
20183,53.29%, 76.08%, 22.78%,-,-, 1.14%
20185,52.29%, 75.43%, 23.15%,-,-, 1.42%
20187,65.32%, 82.40%, 17.08%,-,-, 0.52%
20189,71.79%, 85.47%, 13.69%,-,-, 0.84%
20191,36.95%, 67.62%, 30.67%,-,-, 1.71%
20193,56.61%, 77.70%, 21.09%,-,-, 1.21%
20195,46.92%, 72.66%, 25.74%,-,-, 1.60%
20197,42.45%, 70.23%, 27.77%,-,-, 2.00%
20199,71.92%, 84.70%, 12.79%,-,-, 2.51%
20201,58.15%, 78.31%, 20.16%,-,-, 1.54%
20203,64.60%, 81.83%, 17.23%,-,-, 0.94%
20205,50.09%, 74.19%, 24.10%,-,-, 1.71%
20207,38.23%, 68.29%, 30.06%,-,-, 1.64%
20209,31.84%, 33.56%, 65.40%,-,-, 1.05%
21001,51.89%, 75.57%, 23.69%,-,-, 0.74%
21003,45.78%, 72.62%, 26.85%,-,-, 0.53%
21005,33.59%, 66.34%, 32.75%,-,-, 0.91%
21007,15.08%, 57.19%, 42.11%,-,-, 0.69%
21009,34.73%, 67.05%, 32.32%,-,-, 0.63%
21011,6.89%, 46.13%, 53.02%,-,-, 0.85%
21013,22.83%, 61.10%, 38.27%,-,-, 0.64%
21015,44.23%, 71.71%, 27.49%,-,-, 0.80%
21017,21.36%, 60.28%, 38.92%,-,-, 0.80%
21019,6.29%, 52.81%, 46.53%,-,-, 0.66%
21021,24.96%, 62.16%, 37.20%,-,-, 0.64%
21023,31.86%, 65.46%, 33.60%,-,-, 0.94%
21025,13.21%, 42.77%, 55.97%,-,-, 1.26%
21027,31.64%, 65.49%, 33.85%,-,-, 0.66%
21029,36.29%, 67.88%, 31.59%,-,-, 0.53%
21031,47.92%, 73.66%, 25.74%,-,-, 0.59%
21033,28.68%, 64.04%, 35.36%,-,-, 0.60%
21035,23.54%, 61.36%, 37.82%,-,-, 0.82%
21037,28.09%, 63.57%, 35.48%,-,-, 0.95%
21039,22.21%, 60.95%, 38.73%,-,-, 0.32%
21041,12.50%, 55.81%, 43.32%,-,-, 0.87%
21043,1.39%, 48.77%, 50.17%,-,-, 1.06%
21045,62.25%, 80.83%, 18.57%,-,-, 0.60%
21047,33.14%, 66.31%, 33.17%,-,-, 0.52%
21049,25.32%, 62.28%, 36.96%,-,-, 0.76%
21051,49.76%, 74.49%, 24.73%,-,-, 0.78%
