statecounty,Margin,McCain,Obama,Other
01001,47.84%, 73.61%, 25.77%, 0.61%
01003,51.45%, 75.26%, 23.81%, 0.93%
01005,1.45%, 50.44%, 48.99%, 0.58%
01007,45.85%, 72.44%, 26.60%, 0.96%
01009,69.51%, 84.02%, 14.51%, 1.47%
01011,48.38%, 25.69%, 74.07%, 0.24%
01013,13.36%, 56.49%, 43.14%, 0.37%
01015,32.52%, 65.69%, 33.17%, 1.14%
01017,8.48%, 53.94%, 45.46%, 0.60%
01019,51.23%, 74.89%, 23.66%, 1.45%
01021,57.84%, 78.49%, 20.66%, 0.85%
01023,7.44%, 53.50%, 46.06%, 0.44%
01025,11.55%, 55.57%, 44.02%, 0.41%
01027,47.28%, 73.09%, 25.81%, 1.10%
01029,62.35%, 80.35%, 17.99%, 1.66%
01031,48.89%, 74.12%, 25.23%, 0.65%
01033,20.27%, 59.33%, 39.06%, 1.61%
01035,0.59%, 49.98%, 49.39%, 0.63%
01037,17.53%, 58.39%, 40.86%, 0.75%
01039,58.30%, 78.82%, 20.52%, 0.65%
01041,37.85%, 68.65%, 30.81%, 0.54%
01043,65.24%, 81.85%, 16.61%, 1.54%
01045,44.60%, 71.87%, 27.28%, 0.85%
01047,34.47%, 32.60%, 67.07%, 0.33%
01049,51.21%, 74.77%, 23.56%, 1.67%
01051,50.93%, 75.12%, 24.19%, 0.69%
01053,28.53%, 63.89%, 35.36%, 0.76%
01055,38.22%, 68.39%, 30.17%, 1.44%
01057,48.88%, 73.93%, 25.06%, 1.01%
01059,39.16%, 68.83%, 29.67%, 1.51%
01061,62.48%, 80.78%, 18.31%, 0.91%
01063,66.58%, 16.51%, 83.09%, 0.40%
01065,21.69%, 38.96%, 60.65%, 0.39%
01067,29.68%, 64.58%, 34.90%, 0.52%
01069,40.80%, 70.09%, 29.29%, 0.61%
01071,36.93%, 67.47%, 30.54%, 2.00%
01073,5.09%, 47.07%, 52.15%, 0.78%
01075,53.78%, 76.59%, 22.81%, 0.59%
01077,28.18%, 63.16%, 34.98%, 1.86%
01079,28.02%, 63.19%, 35.18%, 1.63%
01081,19.76%, 59.33%, 39.57%, 1.10%
01083,41.91%, 70.33%, 28.42%, 1.24%
01085,50.01%, 24.86%, 74.87%, 0.27%
01087,74.05%, 12.83%, 86.88%, 0.29%
01089,14.94%, 56.88%, 41.93%, 1.19%
01091,3.57%, 48.09%, 51.66%, 0.25%
01093,56.14%, 77.18%, 21.04%, 1.77%
01095,56.35%, 77.57%, 21.22%, 1.21%
01097,8.75%, 54.04%, 45.30%, 0.66%
01099,10.22%, 54.88%, 44.66%, 0.46%
01101,19.22%, 40.13%, 59.35%, 0.52%
01103,43.76%, 71.26%, 27.49%, 1.25%
01105,45.10%, 27.26%, 72.37%, 0.37%
01107,8.34%, 53.98%, 45.63%, 0.39%
01109,15.23%, 57.36%, 42.13%, 0.52%
01111,39.59%, 69.10%, 29.51%, 1.40%
01113,7.30%, 46.02%, 53.32%, 0.66%
01115,63.24%, 81.11%, 17.87%, 1.02%
01117,53.43%, 76.19%, 22.75%, 1.06%
01119,50.33%, 24.66%, 74.99%, 0.36%
01121,18.52%, 58.80%, 40.28%, 0.92%
01123,36.52%, 67.92%, 31.40%, 0.68%
01125,15.98%, 57.54%, 41.56%, 0.90%
01127,46.43%, 72.32%, 25.90%, 1.78%
01129,29.48%, 64.43%, 34.95%, 0.62%
01131,42.25%, 28.77%, 71.02%, 0.22%
01133,63.26%, 80.78%, 17.52%, 1.70%
02013,0%,-,-,-
02016,0%,-,-,-
02020,0%,-,-,-
02050,0%,-,-,-
02060,0%,-,-,-
02068,0%,-,-,-
02070,0%,-,-,-
02090,0%,-,-,-
02100,0%,-,-,-
02105,0%,-,-,-
02110,0%,-,-,-
02122,0%,-,-,-
02130,0%,-,-,-
02150,0%,-,-,-
02164,0%,-,-,-
02170,0%,-,-,-
02180,0%,-,-,-
02185,0%,-,-,-
02188,0%,-,-,-
02195,0%,-,-,-
02198,0%,-,-,-
02220,0%,-,-,-
02230,0%,-,-,-
02240,0%,-,-,-
02261,0%,-,-,-
02270,0%,-,-,-
02275,0%,-,-,-
02282,0%,-,-,-
02290,0%,-,-,-
04001,28.08%, 35.11%, 63.19%, 1.70%
04003,20.54%, 59.14%, 38.60%, 2.27%
04005,16.94%, 40.65%, 57.59%, 1.77%
04007,27.71%, 62.88%, 35.17%, 1.95%
04009,40.51%, 69.40%, 28.89%, 1.71%
04011,18.73%, 58.63%, 39.90%, 1.47%
04012,28.33%, 62.92%, 34.59%, 2.49%
04013,10.52%, 54.43%, 43.91%, 1.66%
04015,32.71%, 65.20%, 32.49%, 2.31%
04017,11.64%, 55.00%, 43.36%, 1.65%
04019,6.04%, 46.20%, 52.24%, 1.57%
04021,14.39%, 56.38%, 41.99%, 1.63%
04023,31.21%, 33.86%, 65.07%, 1.07%
04025,24.26%, 61.08%, 36.82%, 2.10%
04027,13.75%, 56.15%, 42.40%, 1.45%
05001,22.44%, 59.97%, 37.53%, 2.49%
05003,28.12%, 62.55%, 34.44%, 3.01%
05005,31.60%, 64.32%, 32.73%, 2.95%
05007,36.53%, 67.20%, 30.67%, 2.13%
05009,39.68%, 68.34%, 28.66%, 3.00%
05011,14.40%, 55.98%, 41.57%, 2.45%
05013,34.78%, 65.94%, 31.17%, 2.89%
05015,18.06%, 57.50%, 39.44%, 3.06%
05017,17.74%, 40.69%, 58.43%, 0.88%
05019,3.75%, 50.67%, 46.92%, 2.41%
05021,14.30%, 55.02%, 40.72%, 1.78%
05023,44.20%, 70.22%, 26.03%, 3.75%
05025,43.94%, 69.93%, 25.99%, 1.94%
05027,24.14%, 61.32%, 37.18%, 1.50%
05029,18.95%, 57.64%, 38.70%, 3.66%
05031,24.50%, 60.97%, 36.47%, 2.56%
05033,46.03%, 71.54%, 25.51%, 2.95%
05035,14.68%, 41.91%, 56.59%, 1.51%
05037,25.43%, 61.61%, 36.19%, 2.20%
05039,8.62%, 52.95%, 44.33%, 2.71%
05041,12.18%, 42.73%, 54.92%, 2.35%
05043,19.09%, 58.40%, 39.30%, 2.30%
05045,25.27%, 61.59%, 36.32%, 2.09%
05047,39.26%, 68.12%, 28.86%, 3.01%
05049,18.88%, 57.78%, 38.90%, 3.31%
05051,24.99%, 61.36%, 36.37%, 2.28%
05053,50.95%, 73.94%, 22.99%, 3.06%
05055,29.66%, 63.02%, 33.36%, 1.59%
05057,19.10%, 58.14%, 39.04%, 2.82%
05059,24.43%, 60.30%, 35.87%, 1.69%
05061,24.99%, 61.02%, 36.03%, 2.95%
05063,37.13%, 67.12%, 29.99%, 2.89%
05065,26.85%, 61.19%, 34.34%, 2.45%
05067,16.32%, 55.86%, 39.54%, 1.76%
05069,26.31%, 35.89%, 62.19%, 1.92%
05071,23.08%, 60.17%, 37.09%, 2.74%
05073,19.02%, 58.06%, 39.04%, 2.89%
05075,20.91%, 57.58%, 36.67%, 2.44%
05077,21.50%, 38.64%, 60.14%, 1.22%
05079,18.23%, 57.04%, 38.81%, 4.15%
05081,29.00%, 63.02%, 34.03%, 2.95%
05083,38.75%, 67.66%, 28.91%, 1.39%
05085,47.49%, 72.63%, 25.14%, 2.24%
05087,28.89%, 62.77%, 33.88%, 3.35%
05089,29.88%, 63.17%, 33.29%, 3.55%
05091,33.49%, 65.81%, 32.32%, 1.87%
05093,2.21%, 49.79%, 47.59%, 2.62%
05095,4.03%, 50.86%, 46.83%, 2.32%
05097,35.15%, 65.30%, 30.15%, 2.26%
05099,16.18%, 56.73%, 40.55%, 2.72%
05101,35.51%, 65.35%, 29.85%, 2.55%
05103,10.85%, 54.49%, 43.63%, 1.88%
05105,32.51%, 64.10%, 31.60%, 2.06%
05107,28.97%, 34.53%, 63.50%, 1.97%
05109,41.30%, 68.76%, 27.46%, 3.78%
05111,27.26%, 61.84%, 34.59%, 1.03%
05113,45.78%, 71.25%, 25.48%, 3.27%
05115,43.33%, 70.51%, 27.18%, 2.31%
05117,34.75%, 65.75%, 31.00%, 3.25%
05119,11.55%, 43.52%, 55.07%, 1.41%
05121,18.14%, 57.21%, 39.07%, 3.72%
05123,16.51%, 41.21%, 57.72%, 1.07%
05125,40.95%, 69.38%, 28.43%, 2.19%
05127,43.50%, 69.86%, 26.36%, 3.78%
05129,45.88%, 70.86%, 24.98%, 4.16%
05131,34.63%, 66.27%, 31.64%, 2.09%
05133,40.04%, 68.23%, 28.19%, 1.51%
05135,28.94%, 62.53%, 33.59%, 1.67%
05137,36.36%, 66.38%, 30.02%, 3.61%
05139,26.12%, 62.15%, 36.03%, 1.82%
05141,31.70%, 63.79%, 32.09%, 1.97%
05143,13.08%, 55.52%, 42.44%, 2.04%
05145,47.25%, 72.22%, 24.97%, 2.80%
05147,7.46%, 43.68%, 51.14%, 2.57%
05149,29.90%, 63.09%, 33.18%, 3.73%
06001,59.33%, 19.19%, 78.52%, 2.29%
06003,24.50%, 36.31%, 60.81%, 2.88%
06005,14.56%, 55.94%, 41.38%, 2.67%
06007,2.34%, 47.32%, 49.66%, 3.03%
06009,12.90%, 54.80%, 41.90%, 3.30%
06011,18.05%, 57.89%, 39.84%, 2.26%
06013,37.63%, 30.10%, 67.73%, 2.17%
06015,6.76%, 52.11%, 45.36%, 2.53%
06017,10.49%, 53.92%, 43.44%, 2.64%
06019,2.08%, 47.91%, 49.99%, 2.10%
06021,22.03%, 59.82%, 37.80%, 2.38%
06023,28.11%, 33.94%, 62.05%, 4.01%
06025,26.16%, 36.08%, 62.24%, 1.67%
06027,9.12%, 52.88%, 43.76%, 3.37%
06029,17.68%, 57.65%, 39.97%, 2.38%
06031,14.14%, 56.14%, 42.00%, 1.85%
06033,19.19%, 38.76%, 57.96%, 3.28%
06035,34.09%, 65.45%, 31.37%, 3.18%
06037,40.37%, 28.82%, 69.19%, 1.99%
06039,13.26%, 55.52%, 42.27%, 2.21%
06041,57.58%, 20.19%, 77.77%, 2.04%
06043,12.38%, 54.75%, 42.37%, 2.88%
06045,42.61%, 26.68%, 69.29%, 4.03%
06047,8.32%, 44.81%, 53.13%, 2.05%
06049,37.74%, 67.44%, 29.71%, 2.85%
06051,13.27%, 42.25%, 55.52%, 2.23%
06053,38.26%, 29.89%, 68.15%, 1.95%
06055,32.47%, 32.67%, 65.14%, 2.19%
06057,5.31%, 46.12%, 51.43%, 2.46%
06059,2.56%, 50.19%, 47.63%, 2.17%
06061,11.24%, 54.45%, 43.21%, 2.33%
06063,11.97%, 54.72%, 42.75%, 2.52%
06065,2.31%, 47.90%, 50.21%, 1.89%
06067,18.96%, 39.34%, 58.30%, 2.35%
06069,22.70%, 37.52%, 60.22%, 2.25%
06071,6.32%, 45.75%, 52.07%, 2.18%
06073,10.16%, 43.79%, 53.95%, 2.26%
06075,70.33%, 13.62%, 83.96%, 2.42%
06077,10.64%, 43.56%, 54.19%, 2.25%
06079,5.35%, 45.85%, 51.20%, 2.95%
06081,48.72%, 24.75%, 73.47%, 1.78%
06083,22.82%, 37.39%, 60.21%, 2.40%
06085,40.90%, 28.55%, 69.45%, 2.00%
06087,57.54%, 19.76%, 77.30%, 2.93%
06089,25.78%, 61.68%, 35.91%, 2.41%
06091,20.84%, 58.16%, 37.32%, 4.52%
06093,10.33%, 53.42%, 43.09%, 3.49%
06095,28.50%, 34.68%, 63.18%, 2.14%
06097,49.60%, 24.04%, 73.64%, 2.33%
06099,1.72%, 47.98%, 49.70%, 2.31%
06101,16.65%, 57.27%, 40.62%, 2.11%
06103,24.01%, 60.44%, 36.42%, 3.14%
06105,4.56%, 45.72%, 50.28%, 4.00%
06107,15.29%, 56.64%, 41.35%, 2.01%
06109,12.66%, 54.90%, 42.24%, 2.87%
06111,12.24%, 42.77%, 55.01%, 2.22%
06113,36.23%, 30.84%, 67.07%, 2.09%
06115,14.68%, 56.10%, 41.43%, 2.47%
08001,18.36%, 39.86%, 58.22%, 1.92%
08003,14.09%, 41.92%, 56.01%, 2.07%
08005,12.91%, 42.78%, 55.69%, 1.53%
08007,12.11%, 54.91%, 42.81%, 2.28%
08009,47.63%, 72.28%, 24.64%, 3.08%
08011,14.48%, 56.09%, 41.61%, 2.29%
08013,46.14%, 26.14%, 72.29%, 1.57%
08014,11.58%, 43.31%, 54.89%, 1.79%
08015,0.11%, 49.12%, 49.01%, 1.87%
08017,62.29%, 80.11%, 17.82%, 2.07%
08019,17.89%, 39.88%, 57.78%, 2.34%
08021,12.93%, 42.67%, 55.60%, 1.73%
08023,48.91%, 24.45%, 73.36%, 2.18%
08025,27.21%, 62.64%, 35.43%, 1.93%
08027,28.91%, 63.60%, 34.69%, 1.71%
08029,32.29%, 65.23%, 32.94%, 1.83%
08031,52.41%, 23.04%, 75.45%, 1.50%
08033,36.89%, 67.21%, 30.32%, 2.47%
08035,17.22%, 58.03%, 40.81%, 1.15%
08037,23.13%, 37.77%, 60.91%, 1.32%
08039,40.05%, 68.97%, 28.92%, 2.11%
08041,18.82%, 58.69%, 39.86%, 1.45%
08043,29.24%, 63.60%, 34.36%, 2.04%
08045,0.01%, 49.21%, 49.20%, 1.59%
08047,20.99%, 38.08%, 59.07%, 2.85%
08049,1.10%, 49.68%, 48.59%, 1.73%
08051,27.35%, 35.29%, 62.64%, 2.06%
08053,17.36%, 57.43%, 40.07%, 2.50%
08055,11.23%, 43.37%, 54.60%, 2.03%
08057,37.96%, 68.27%, 30.31%, 1.42%
08059,8.99%, 44.61%, 53.60%, 1.79%
08061,55.40%, 76.29%, 20.89%, 2.82%
08063,44.83%, 71.32%, 26.50%, 2.18%
08065,26.02%, 35.91%, 61.93%, 2.17%
08067,16.28%, 41.11%, 57.39%, 1.50%
08069,9.73%, 44.26%, 53.99%, 1.75%
08071,7.04%, 45.64%, 52.68%, 1.67%
08073,50.82%, 74.52%, 23.70%, 1.78%
08075,35.16%, 66.86%, 31.70%, 1.44%
08077,29.54%, 64.02%, 34.48%, 1.50%
08079,10.27%, 53.61%, 43.34%, 3.05%
08081,43.48%, 70.43%, 26.95%, 2.62%
08083,19.45%, 58.87%, 39.42%, 1.72%
08085,29.78%, 63.69%, 33.91%, 2.40%
08087,24.03%, 61.29%, 37.26%, 1.46%
08089,10.49%, 54.47%, 43.98%, 1.55%
08091,8.79%, 44.67%, 53.46%, 1.86%
08093,6.88%, 52.18%, 45.29%, 2.53%
08095,43.83%, 71.34%, 27.51%, 1.15%
08097,48.82%, 24.92%, 73.74%, 1.33%
08099,33.72%, 65.94%, 32.22%, 1.84%
08101,14.97%, 41.78%, 56.74%, 1.48%
08103,56.63%, 77.44%, 20.81%, 1.75%
08105,8.85%, 53.82%, 44.97%, 1.21%
08107,26.86%, 35.80%, 62.66%, 1.55%
08109,28.15%, 34.76%, 62.91%, 2.33%
08111,9.27%, 43.95%, 53.23%, 2.82%
08113,55.54%, 21.45%, 76.99%, 1.56%
08115,28.79%, 63.43%, 34.64%, 1.92%
08117,33.02%, 32.77%, 65.79%, 1.44%
08119,28.15%, 63.12%, 34.97%, 1.91%
08121,56.51%, 77.56%, 21.05%, 1.39%
08123,8.72%, 53.39%, 44.67%, 1.93%
08125,48.38%, 73.30%, 24.92%, 1.78%
09001,18.18%, 40.54%, 58.72%, 0.74%
09003,31.43%, 33.67%, 65.11%, 1.22%
09005,4.92%, 46.66%, 51.57%, 1.77%
09007,23.00%, 37.73%, 60.72%, 1.55%
09009,23.23%, 37.78%, 61.01%, 1.21%
09011,21.05%, 38.83%, 59.88%, 1.29%
09013,20.91%, 38.76%, 59.67%, 1.57%
09015,14.68%, 41.72%, 56.39%, 1.89%
10001,9.81%, 44.57%, 54.38%, 1.05%
10003,40.59%, 29.07%, 69.66%, 1.26%
10005,8.58%, 53.82%, 45.24%, 0.93%
11001,85.92%, 6.53%, 92.46%, 1.01%
12001,21.48%, 38.51%, 59.99%, 1.50%
12003,57.23%, 78.22%, 20.99%, 0.79%
12005,40.59%, 69.66%, 29.07%, 1.27%
12007,40.21%, 69.52%, 29.31%, 1.17%
12009,10.37%, 54.54%, 44.17%, 1.29%
12011,34.68%, 32.34%, 67.02%, 0.64%
12013,40.29%, 69.36%, 29.07%, 1.56%
12015,7.22%, 52.87%, 45.65%, 1.48%
12017,16.01%, 57.13%, 41.12%, 1.76%
12019,42.76%, 70.95%, 28.18%, 0.87%
12021,22.49%, 60.84%, 38.35%, 0.82%
12023,33.67%, 66.17%, 32.50%, 1.33%
12027,12.29%, 55.41%, 43.12%, 1.47%
12029,44.82%, 71.22%, 26.40%, 2.39%
12031,1.90%, 50.53%, 48.63%, 0.85%
12033,19.27%, 59.02%, 39.76%, 1.22%
12035,1.57%, 48.66%, 50.24%, 1.10%
12037,27.84%, 63.12%, 35.28%, 1.60%
12039,38.92%, 30.22%, 69.14%, 0.64%
12041,46.81%, 72.34%, 25.53%, 2.14%
12043,20.16%, 59.45%, 39.29%, 1.27%
12045,39.22%, 68.99%, 29.77%, 1.23%
12047,14.56%, 56.81%, 42.24%, 0.95%
12049,29.49%, 64.00%, 34.51%, 1.49%
12051,7.16%, 52.94%, 45.78%, 1.27%
12053,3.55%, 51.01%, 47.46%, 1.53%
12055,18.00%, 58.37%, 40.37%, 1.26%
12057,7.12%, 45.94%, 53.05%, 1.01%
12059,64.84%, 81.63%, 16.78%, 1.59%
12061,14.78%, 56.74%, 41.96%, 1.29%
12063,27.97%, 63.47%, 35.49%, 1.04%
12065,3.65%, 47.59%, 51.24%, 1.17%
12067,60.32%, 79.33%, 19.01%, 1.66%
12069,13.47%, 56.19%, 42.71%, 1.10%
12071,10.34%, 54.67%, 44.34%, 0.99%
12073,24.20%, 37.40%, 61.60%, 1.00%
12075,26.84%, 62.56%, 35.72%, 1.72%
12077,43.94%, 71.18%, 27.24%, 1.58%
12079,3.08%, 51.02%, 47.94%, 1.04%
12081,7.01%, 52.94%, 45.93%, 1.12%
12083,11.56%, 55.14%, 43.58%, 1.28%
12085,13.54%, 56.22%, 42.67%, 1.11%
12086,16.11%, 41.70%, 57.81%, 0.49%
12087,4.89%, 46.86%, 51.75%, 1.39%
12089,43.72%, 71.38%, 27.66%, 0.97%
12091,44.81%, 71.82%, 27.01%, 1.17%
12093,19.11%, 58.89%, 39.79%, 1.32%
12095,18.61%, 40.35%, 58.96%, 0.69%
12097,19.69%, 39.72%, 59.41%, 0.87%
12099,22.87%, 38.22%, 61.08%, 0.70%
12101,3.57%, 51.07%, 47.51%, 1.42%
12103,8.22%, 45.16%, 53.38%, 1.46%
12105,6.11%, 52.45%, 46.34%, 1.21%
12107,19.23%, 59.01%, 39.77%, 1.22%
12109,31.51%, 65.25%, 33.74%, 1.01%
12111,12.08%, 43.41%, 55.49%, 1.11%
12113,47.79%, 73.28%, 25.49%, 1.22%
12115,0.10%, 49.47%, 49.37%, 1.16%
12117,2.78%, 50.90%, 48.12%, 0.98%
12119,26.97%, 63.01%, 36.04%, 0.94%
12121,43.01%, 70.77%, 27.76%, 1.47%
12123,38.93%, 68.79%, 29.86%, 1.35%
12125,49.72%, 74.20%, 24.48%, 1.32%
12127,5.66%, 46.53%, 52.19%, 1.28%
12129,24.81%, 61.75%, 36.94%, 1.31%
12131,45.64%, 72.08%, 26.43%, 1.49%
12133,47.60%, 73.23%, 25.64%, 1.13%
13001,46.26%, 72.62%, 26.36%, 1.01%
13003,34.50%, 66.77%, 32.27%, 0.96%
13005,57.64%, 78.36%, 20.73%, 0.91%
13007,1.07%, 49.02%, 50.09%, 0.89%
13009,4.61%, 47.23%, 51.84%, 0.93%
13011,65.50%, 81.93%, 16.43%, 1.63%
13013,44.53%, 71.55%, 27.02%, 1.42%
13015,45.10%, 71.81%, 26.71%, 1.48%
13017,13.66%, 56.46%, 42.80%, 0.74%
13019,53.15%, 75.95%, 22.80%, 1.26%
13021,17.98%, 40.69%, 58.67%, 0.64%
13023,44.79%, 71.93%, 27.14%, 0.92%
13025,62.99%, 80.79%, 17.80%, 1.42%
13027,13.51%, 56.52%, 43.01%, 0.47%
13029,42.56%, 70.82%, 28.26%, 0.92%
13031,19.14%, 59.12%, 39.98%, 0.90%
13033,9.22%, 45.08%, 54.30%, 0.62%
13035,31.66%, 65.32%, 33.67%, 1.01%
13037,21.70%, 38.97%, 60.67%, 0.36%
13039,23.50%, 61.39%, 37.89%, 0.72%
13043,30.58%, 64.91%, 34.33%, 0.77%
13045,32.87%, 65.76%, 32.89%, 1.35%
13047,49.55%, 74.04%, 24.49%, 1.47%
13049,34.33%, 66.70%, 32.38%, 0.92%
13051,14.42%, 42.40%, 56.82%, 0.78%
13053,1.15%, 48.97%, 50.12%, 0.91%
13055,35.70%, 66.83%, 31.14%, 2.03%
13057,51.00%, 74.79%, 23.78%, 1.43%
13059,31.22%, 33.58%, 64.80%, 1.62%
13061,22.29%, 38.75%, 61.04%, 0.21%
13063,66.34%, 16.59%, 82.93%, 0.48%
13065,25.50%, 62.10%, 36.60%, 1.30%
13067,9.41%, 54.08%, 44.67%, 1.25%
13069,29.52%, 64.49%, 34.97%, 0.55%
13071,37.51%, 68.27%, 30.76%, 0.97%
13073,42.58%, 70.89%, 28.31%, 0.80%
13075,28.89%, 64.00%, 35.12%, 0.88%
13077,41.11%, 70.05%, 28.94%, 1.01%
13079,29.08%, 63.99%, 34.91%, 1.11%
13081,17.73%, 58.56%, 40.84%, 0.60%
13083,47.98%, 73.01%, 25.02%, 1.97%
13085,66.19%, 82.54%, 16.34%, 1.12%
13087,14.12%, 56.72%, 42.60%, 0.68%
13089,58.55%, 20.31%, 78.86%, 0.83%
13091,35.85%, 67.40%, 31.55%, 1.05%
13093,3.53%, 47.85%, 51.38%, 0.77%
13095,34.94%, 32.27%, 67.21%, 0.52%
13097,1.84%, 48.58%, 50.41%, 1.01%
13099,2.02%, 50.74%, 48.72%, 0.54%
13101,65.66%, 82.58%, 16.92%, 0.51%
13103,50.61%, 74.87%, 24.27%, 0.86%
13105,18.03%, 58.43%, 40.40%, 1.18%
13107,24.75%, 61.92%, 37.18%, 0.90%
13109,28.22%, 63.85%, 35.63%, 0.52%
13111,48.82%, 73.35%, 24.53%, 2.11%
13113,30.60%, 64.77%, 34.17%, 1.05%
13115,36.25%, 67.40%, 31.15%, 1.45%
13117,57.96%, 78.36%, 20.40%, 1.23%
13119,51.28%, 74.90%, 23.62%, 1.48%
13121,34.97%, 32.08%, 67.06%, 0.86%
13123,51.80%, 75.17%, 23.37%, 1.47%
13125,69.47%, 84.17%, 14.71%, 1.12%
13127,23.36%, 61.31%, 37.95%, 0.74%
13129,50.10%, 74.27%, 24.17%, 1.55%
13131,23.86%, 61.63%, 37.77%, 0.61%
13133,15.06%, 57.21%, 42.15%, 0.63%
13135,10.22%, 54.56%, 44.35%, 1.09%
13137,59.67%, 79.18%, 19.52%, 1.30%
13139,50.73%, 74.77%, 24.04%, 1.18%
13141,63.02%, 18.28%, 81.30%, 0.41%
13143,57.59%, 77.79%, 20.20%, 2.01%
13145,43.25%, 71.25%, 28.00%, 0.76%
13147,31.64%, 65.21%, 33.57%, 1.22%
13149,49.42%, 74.05%, 24.63%, 1.32%
13151,7.45%, 53.29%, 45.85%, 0.86%
13153,20.16%, 59.59%, 39.43%, 0.98%
13155,36.67%, 67.84%, 31.17%, 0.99%
13157,55.73%, 77.23%, 21.51%, 1.26%
13159,33.51%, 66.25%, 32.74%, 1.02%
13161,47.50%, 73.16%, 25.65%, 1.19%
13163,15.04%, 42.31%, 57.35%, 0.35%
13165,13.19%, 56.25%, 43.06%, 0.70%
13167,33.64%, 66.47%, 32.82%, 0.71%
13169,25.76%, 62.46%, 36.69%, 0.85%
13171,27.53%, 63.24%, 35.72%, 1.04%
13173,25.17%, 62.05%, 36.88%, 1.08%
13175,21.45%, 60.37%, 38.92%, 0.71%
13177,52.05%, 75.69%, 23.64%, 0.66%
13179,28.33%, 35.54%, 63.87%, 0.60%
13181,24.43%, 61.73%, 37.30%, 0.97%
13183,24.02%, 61.24%, 37.23%, 1.53%
13185,9.36%, 54.19%, 44.83%, 0.98%
13187,51.67%, 74.95%, 23.28%, 1.76%
13189,14.92%, 57.11%, 42.19%, 0.70%
13191,6.05%, 52.63%, 46.58%, 0.79%
13193,30.88%, 34.35%, 65.23%, 0.42%
13195,46.29%, 72.38%, 26.09%, 1.53%
13197,12.26%, 55.58%, 43.32%, 1.10%
13199,5.43%, 52.34%, 46.91%, 0.75%
13201,39.45%, 69.31%, 29.85%, 0.84%
13205,4.05%, 51.66%, 47.61%, 0.73%
13207,31.51%, 65.31%, 33.80%, 0.89%
13209,41.08%, 70.16%, 29.08%, 0.75%
13211,31.60%, 65.32%, 33.73%, 0.95%
13213,45.02%, 71.46%, 26.43%, 2.11%
13215,19.67%, 39.87%, 59.54%, 0.59%
13217,1.18%, 49.03%, 50.21%, 0.77%
13219,42.48%, 70.57%, 28.09%, 1.33%
13221,29.58%, 64.12%, 34.54%, 1.35%
13223,38.48%, 68.67%, 30.19%, 1.15%
13225,6.73%, 46.20%, 52.94%, 0.86%
13227,57.82%, 78.08%, 20.25%, 1.67%
13229,62.48%, 80.92%, 18.43%, 0.65%
13231,60.48%, 79.64%, 19.16%, 1.20%
13233,40.97%, 69.60%, 28.63%, 1.77%
13235,29.68%, 64.44%, 34.76%, 0.81%
13237,31.34%, 65.28%, 33.94%, 0.78%
13239,7.89%, 45.61%, 53.49%, 0.90%
13241,45.67%, 71.89%, 26.22%, 1.90%
13243,14.39%, 42.59%, 56.98%, 0.44%
13245,31.80%, 33.80%, 65.60%, 0.60%
13247,9.54%, 44.78%, 54.32%, 0.89%
13249,44.45%, 72.00%, 27.54%, 0.46%
13251,6.15%, 52.77%, 46.62%, 0.62%
13253,16.35%, 57.77%, 41.43%, 0.80%
13255,18.75%, 58.85%, 40.09%, 1.06%
13257,47.23%, 72.87%, 25.63%, 1.50%
13259,24.75%, 37.13%, 61.88%, 1.00%
13261,6.01%, 46.65%, 52.66%, 0.69%
13263,28.86%, 35.15%, 64.01%, 0.84%
13265,30.71%, 34.24%, 64.95%, 0.81%
13267,41.60%, 70.32%, 28.72%, 0.95%
13269,13.52%, 56.34%, 42.82%, 0.84%
13271,14.26%, 56.81%, 42.55%, 0.64%
13273,13.82%, 42.75%, 56.57%, 0.68%
13275,15.80%, 57.54%, 41.74%, 0.71%
13277,32.81%, 66.09%, 33.28%, 0.62%
13279,38.07%, 68.61%, 30.54%, 0.85%
13281,50.33%, 74.46%, 24.13%, 1.41%
13283,24.11%, 61.65%, 37.54%, 0.81%
13285,18.94%, 59.04%, 40.11%, 0.85%
13287,18.81%, 58.94%, 40.13%, 0.93%
13289,6.97%, 46.15%, 53.12%, 0.73%
13291,51.70%, 74.96%, 23.26%, 1.79%
13293,28.25%, 63.77%, 35.52%, 0.72%
13295,46.57%, 72.33%, 25.77%, 1.90%
13297,52.06%, 75.54%, 23.47%, 0.99%
13299,34.39%, 66.83%, 32.44%, 0.73%
13301,17.54%, 40.83%, 58.38%, 0.79%
13303,4.40%, 47.49%, 51.89%, 0.62%
13305,44.85%, 71.88%, 27.03%, 1.10%
13307,6.57%, 52.93%, 46.35%, 0.72%
13309,27.73%, 63.60%, 35.86%, 0.54%
13311,58.27%, 78.41%, 20.13%, 1.46%
13313,39.81%, 69.20%, 29.39%, 1.42%
13315,37.33%, 68.24%, 30.91%, 0.85%
13317,7.71%, 53.46%, 45.75%, 0.79%
13319,1.09%, 50.21%, 49.12%, 0.66%
13321,38.63%, 68.96%, 30.33%, 0.72%
15001,53.73%, 22.22%, 75.94%, 1.84%
15003,41.09%, 28.74%, 69.83%, 1.44%
15005,0%,-,-,-
15007,52.05%, 22.94%, 74.99%, 2.07%
15009,55.17%, 21.54%, 76.71%, 1.75%
16001,6.14%, 51.63%, 45.49%, 2.87%
16003,34.01%, 65.39%, 31.38%, 3.23%
16005,12.88%, 54.62%, 41.74%, 3.64%
16007,63.71%, 80.77%, 17.06%, 2.17%
16009,29.76%, 63.54%, 33.79%, 2.67%
16011,45.50%, 71.29%, 25.79%, 2.93%
16013,33.18%, 32.53%, 65.71%, 1.77%
16015,31.62%, 64.48%, 32.87%, 2.65%
16017,16.91%, 57.01%, 40.10%, 2.89%
16019,42.96%, 70.34%, 27.38%, 2.28%
16021,33.67%, 65.02%, 31.35%, 3.63%
16023,52.34%, 74.89%, 22.55%, 2.55%
16025,38.03%, 68.28%, 30.26%, 1.46%
16027,34.93%, 66.07%, 31.14%, 2.79%
16029,63.69%, 80.44%, 16.75%, 2.82%
16031,63.06%, 79.93%, 16.88%, 3.19%
16033,64.27%, 81.33%, 17.07%, 1.60%
16035,34.77%, 65.77%, 31.00%, 3.23%
16037,46.03%, 71.99%, 25.97%, 2.04%
16039,36.22%, 66.76%, 30.53%, 2.71%
16041,71.86%, 83.68%, 11.82%, 1.69%
16043,61.81%, 79.92%, 18.11%, 1.97%
16045,43.02%, 70.27%, 27.25%, 2.48%
16047,42.22%, 69.84%, 27.62%, 2.54%
16049,47.22%, 71.79%, 24.56%, 1.62%
16051,66.08%, 81.79%, 15.72%, 2.49%
16053,45.32%, 71.52%, 26.20%, 2.28%
16055,26.01%, 61.38%, 35.37%, 3.24%
16057,6.74%, 44.59%, 51.32%, 4.09%
16059,45.72%, 71.57%, 25.85%, 2.58%
16061,44.12%, 70.68%, 26.55%, 2.77%
16063,36.74%, 65.88%, 29.14%, 0.86%
16065,72.78%, 85.24%, 12.46%, 2.30%
16067,50.17%, 73.83%, 23.66%, 2.51%
16069,18.15%, 58.11%, 39.97%, 1.92%
16071,62.12%, 79.74%, 17.62%, 2.64%
16073,51.26%, 74.52%, 23.26%, 2.22%
16075,41.10%, 68.88%, 27.78%, 3.34%
16077,25.58%, 61.72%, 36.14%, 2.15%
16079,7.62%, 52.11%, 44.49%, 3.41%
16081,0.84%, 48.57%, 49.41%, 2.02%
16083,36.39%, 66.52%, 30.13%, 3.36%
16085,6.93%, 52.33%, 45.40%, 2.27%
16087,42.77%, 70.31%, 27.54%, 2.15%
17001,22.38%, 60.55%, 38.17%, 1.28%
17003,12.59%, 42.87%, 55.46%, 1.67%
17005,1.31%, 49.59%, 48.28%, 2.14%
17007,4.18%, 46.78%, 50.96%, 2.26%
17009,21.65%, 59.91%, 38.26%, 1.82%
17011,5.70%, 46.12%, 51.82%, 2.06%
17013,7.46%, 45.12%, 52.59%, 2.29%
17015,4.80%, 46.74%, 51.54%, 1.72%
17017,1.34%, 48.18%, 49.52%, 2.30%
17019,17.45%, 40.13%, 57.57%, 2.30%
17021,6.29%, 51.94%, 45.65%, 2.41%
17023,8.02%, 53.04%, 45.02%, 1.94%
17025,23.21%, 60.72%, 37.50%, 1.78%
17027,9.82%, 54.04%, 44.22%, 1.73%
17029,3.19%, 47.42%, 50.60%, 1.98%
17031,53.39%, 22.82%, 76.21%, 0.97%
17033,12.97%, 55.39%, 42.42%, 2.19%
17035,20.62%, 59.11%, 38.49%, 2.40%
17037,16.72%, 40.61%, 57.33%, 2.05%
17039,13.28%, 55.52%, 42.24%, 2.23%
17041,21.21%, 59.73%, 38.52%, 1.74%
17043,10.78%, 43.93%, 54.72%, 1.35%
17045,7.91%, 53.09%, 45.18%, 1.73%
17047,29.65%, 63.56%, 33.91%, 2.53%
17049,35.91%, 67.08%, 31.17%, 1.75%
17051,15.78%, 56.64%, 40.86%, 2.49%
17053,28.94%, 63.73%, 34.80%, 1.47%
17055,2.80%, 50.25%, 47.45%, 2.30%
17057,21.27%, 38.19%, 59.45%, 2.36%
17059,13.06%, 42.20%, 55.26%, 2.54%
17061,7.45%, 52.40%, 44.95%, 2.64%
17063,1.69%, 48.07%, 49.76%, 2.17%
17065,13.00%, 54.93%, 41.92%, 3.15%
17067,10.77%, 54.50%, 43.73%, 1.76%
17069,19.36%, 58.80%, 39.43%, 1.77%
17071,17.60%, 40.25%, 57.85%, 1.91%
17073,7.72%, 45.33%, 53.04%, 1.63%
17075,29.74%, 63.82%, 34.08%, 2.10%
17077,21.71%, 37.81%, 59.52%, 2.66%
17079,17.52%, 57.64%, 40.12%, 2.24%
17081,10.68%, 54.02%, 43.33%, 2.65%
17083,2.70%, 50.20%, 47.50%, 2.30%
17085,10.49%, 44.00%, 54.49%, 1.51%
17087,34.51%, 66.15%, 31.64%, 2.22%
17089,11.79%, 43.42%, 55.21%, 1.37%
17091,4.62%, 46.80%, 51.41%, 1.79%
17093,7.19%, 45.75%, 52.95%, 1.30%
17095,19.80%, 39.09%, 58.89%, 2.03%
17097,19.57%, 39.53%, 59.10%, 1.37%
17099,11.07%, 43.47%, 54.55%, 1.98%
17101,5.90%, 51.89%, 45.99%, 2.12%
17103,3.01%, 50.49%, 47.47%, 2.04%
17105,19.16%, 58.66%, 39.50%, 1.84%
17107,16.84%, 57.41%, 40.57%, 2.02%
17109,5.57%, 46.32%, 51.89%, 1.79%
17111,5.33%, 46.44%, 51.77%, 1.79%
17113,1.22%, 48.46%, 49.67%, 1.87%
17115,1.05%, 48.55%, 49.60%, 1.86%
17117,9.80%, 44.07%, 53.87%, 2.06%
17119,9.17%, 44.43%, 53.60%, 1.97%
17121,1.99%, 49.92%, 47.93%, 2.15%
17123,1.01%, 49.54%, 48.53%, 1.92%
17125,5.87%, 45.98%, 51.85%, 2.17%
17127,23.28%, 60.63%, 37.36%, 2.01%
17129,14.91%, 56.69%, 41.78%, 1.53%
17131,11.88%, 43.21%, 55.10%, 1.69%
17133,10.63%, 54.50%, 43.87%, 1.63%
17135,2.64%, 47.64%, 50.28%, 2.08%
17137,0.81%, 49.31%, 48.51%, 2.18%
17139,12.80%, 55.33%, 42.53%, 2.14%
17141,7.58%, 52.72%, 45.13%, 2.15%
17143,13.86%, 42.32%, 56.19%, 1.49%
17145,3.85%, 50.89%, 47.03%, 2.08%
17147,12.55%, 55.34%, 42.79%, 1.86%
17149,18.75%, 58.31%, 39.57%, 2.12%
17151,22.32%, 60.20%, 37.88%, 1.93%
17153,1.38%, 48.72%, 50.09%, 1.19%
17155,15.62%, 41.23%, 56.85%, 1.92%
17157,0.94%, 49.59%, 48.64%, 1.77%
17159,14.96%, 56.42%, 41.46%, 2.12%
17161,24.55%, 36.97%, 61.52%, 1.51%
17163,22.37%, 38.05%, 60.42%, 1.54%
17165,8.85%, 53.15%, 44.29%, 2.56%
17167,4.35%, 46.90%, 51.25%, 1.86%
17169,1.75%, 47.75%, 49.49%, 2.76%
17171,14.00%, 55.81%, 41.81%, 2.38%
17173,19.73%, 58.67%, 38.94%, 2.39%
17175,5.34%, 51.83%, 46.49%, 1.68%
17177,6.65%, 45.75%, 52.40%, 1.84%
17179,6.03%, 51.90%, 45.87%, 2.23%
17181,11.85%, 54.65%, 42.80%, 2.55%
17183,0.58%, 48.62%, 49.21%, 2.17%
17185,13.67%, 56.16%, 42.49%, 1.35%
17187,8.05%, 45.12%, 53.17%, 1.71%
17189,14.26%, 56.39%, 42.13%, 1.48%
17191,35.22%, 66.78%, 31.56%, 1.66%
17193,9.02%, 53.50%, 44.48%, 2.03%
17195,17.50%, 40.32%, 57.82%, 1.87%
17197,13.17%, 42.69%, 55.86%, 1.45%
17199,14.70%, 56.30%, 41.59%, 2.11%
17201,12.74%, 42.53%, 55.27%, 2.20%
17203,26.57%, 62.39%, 35.82%, 1.79%
18001,25.67%, 62.07%, 36.40%, 1.53%
18003,4.34%, 51.67%, 47.34%, 0.99%
18005,11.26%, 54.90%, 43.64%, 1.46%
18007,16.24%, 57.19%, 40.95%, 1.86%
18009,0.24%, 49.36%, 49.12%, 1.52%
18011,25.74%, 62.27%, 36.54%, 1.19%
18013,2.56%, 50.40%, 47.85%, 1.75%
18015,12.84%, 55.61%, 42.77%, 1.63%
18017,8.53%, 53.32%, 44.79%, 1.89%
18019,7.04%, 52.89%, 45.85%, 1.26%
18021,11.52%, 55.00%, 43.48%, 1.53%
18023,13.00%, 55.79%, 42.79%, 1.41%
18025,2.26%, 50.44%, 48.19%, 1.37%
18027,35.22%, 67.05%, 31.83%, 1.11%
18029,34.94%, 67.00%, 32.06%, 0.94%
18031,24.35%, 61.40%, 37.06%, 1.54%
18033,15.17%, 56.95%, 41.78%, 1.28%
18035,14.94%, 41.85%, 56.80%, 1.35%
18037,4.18%, 51.23%, 47.05%, 1.72%
18039,11.17%, 55.00%, 43.83%, 1.17%
18041,5.57%, 51.87%, 46.30%, 1.83%
18043,10.07%, 54.43%, 44.35%, 1.22%
18045,14.33%, 55.99%, 41.66%, 0.22%
18047,33.96%, 65.95%, 31.99%, 2.07%
18049,16.04%, 57.15%, 41.11%, 1.74%
18051,13.15%, 55.72%, 42.57%, 1.71%
18053,13.06%, 55.93%, 42.87%, 1.20%
18055,14.52%, 56.34%, 41.82%, 1.83%
18057,22.20%, 60.64%, 38.45%, 0.91%
18059,29.59%, 64.25%, 34.67%, 1.08%
18061,17.95%, 58.06%, 40.10%, 1.84%
18063,23.33%, 61.07%, 37.73%, 1.20%
18065,3.93%, 51.11%, 47.18%, 1.71%
18067,6.12%, 52.14%, 46.02%, 1.84%
18069,27.19%, 62.91%, 35.72%, 1.36%
18071,13.60%, 55.77%, 42.17%, 2.06%
18073,20.33%, 59.39%, 39.06%, 1.55%
18075,7.85%, 52.88%, 45.03%, 2.09%
18077,5.91%, 52.21%, 46.30%, 1.50%
18079,8.02%, 52.88%, 44.87%, 0.04%
18081,25.40%, 62.07%, 36.66%, 1.27%
18083,6.51%, 52.60%, 46.08%, 1.32%
18085,37.28%, 67.87%, 30.60%, 1.53%
18087,21.38%, 59.80%, 38.42%, 1.78%
18089,34.23%, 32.41%, 66.64%, 0.95%
18091,21.99%, 38.11%, 60.10%, 1.79%
18093,20.56%, 59.45%, 38.89%, 1.66%
18095,6.53%, 45.96%, 52.49%, 1.55%
18097,28.33%, 35.34%, 63.67%, 1.00%
18099,13.55%, 56.03%, 42.48%, 1.49%
18101,28.88%, 63.68%, 34.80%, 1.53%
18103,19.41%, 58.72%, 39.30%, 1.98%
18105,32.08%, 33.32%, 65.39%, 1.29%
18107,19.93%, 59.27%, 39.34%, 1.39%
18109,27.07%, 62.92%, 35.85%, 1.22%
18111,11.17%, 54.53%, 43.36%, 2.11%
18113,15.34%, 56.88%, 41.54%, 1.59%
18115,19.02%, 58.70%, 39.68%, 1.61%
18117,14.13%, 55.94%, 41.81%, 2.24%
18119,10.34%, 54.04%, 43.70%, 2.26%
18121,14.09%, 55.92%, 41.83%, 2.25%
18123,22.84%, 37.71%, 60.55%, 1.73%
18125,8.64%, 53.43%, 44.79%, 1.78%
18127,7.17%, 45.60%, 52.77%, 1.63%
18129,7.64%, 53.28%, 45.63%, 1.09%
18131,15.46%, 56.81%, 41.35%, 1.84%
18133,11.94%, 55.10%, 43.16%, 1.74%
18135,8.77%, 53.48%, 44.71%, 1.80%
18137,29.48%, 63.71%, 34.22%, 2.07%
18139,13.66%, 55.98%, 42.33%, 1.69%
18141,17.01%, 40.85%, 57.87%, 1.28%
18143,1.95%, 49.75%, 47.80%, 2.45%
18145,19.01%, 58.70%, 39.69%, 1.60%
18147,0.37%, 49.05%, 49.42%, 1.53%
18149,3.22%, 47.19%, 50.41%, 0.35%
18151,9.80%, 54.09%, 44.29%, 1.62%
18153,0.67%, 49.45%, 48.78%, 1.76%
18155,8.30%, 53.30%, 45.00%, 1.70%
18157,11.60%, 43.45%, 55.05%, 1.51%
18159,15.34%, 56.80%, 41.46%, 1.74%
18161,24.95%, 61.43%, 36.48%, 2.09%
18163,2.45%, 48.15%, 50.60%, 1.26%
18165,13.92%, 42.19%, 56.10%, 1.71%
18167,15.77%, 41.29%, 57.06%, 1.65%
18169,20.03%, 59.30%, 39.27%, 1.43%
18171,10.28%, 54.18%, 43.90%, 1.93%
18173,12.83%, 55.75%, 42.93%, 1.32%
18175,17.24%, 57.43%, 40.19%, 2.39%
18177,3.84%, 50.83%, 46.99%, 2.18%
18179,31.33%, 64.98%, 33.64%, 1.38%
18181,8.26%, 53.04%, 44.78%, 2.17%
18183,21.45%, 59.99%, 38.55%, 1.46%
19001,3.36%, 50.83%, 47.47%, 1.70%
19003,3.26%, 47.42%, 50.68%, 1.90%
19005,14.25%, 41.99%, 56.23%, 1.78%
19007,1.88%, 49.94%, 48.07%, 1.99%
19009,3.06%, 47.56%, 50.61%, 1.83%
19011,4.45%, 47.00%, 51.45%, 1.55%
19013,22.41%, 38.07%, 60.48%, 1.45%
19015,7.63%, 45.17%, 52.80%, 2.02%
19017,9.31%, 44.60%, 53.92%, 1.48%
19019,18.48%, 40.02%, 58.50%, 1.48%
19021,1.76%, 50.15%, 48.40%, 1.45%
19023,4.69%, 51.63%, 46.94%, 1.42%
19025,7.70%, 52.76%, 45.06%, 2.18%
19027,3.66%, 47.35%, 51.01%, 1.65%
19029,10.81%, 54.49%, 43.68%, 1.84%
19031,9.64%, 44.38%, 54.02%, 1.60%
19033,20.83%, 38.83%, 59.67%, 1.50%
19035,7.57%, 52.95%, 45.38%, 1.66%
19037,20.74%, 38.82%, 59.57%, 1.61%
19039,2.25%, 47.65%, 49.90%, 2.45%
19041,5.12%, 51.83%, 46.72%, 1.45%
19043,17.17%, 40.61%, 57.79%, 1.60%
19045,23.03%, 37.72%, 60.75%, 1.54%
19047,5.15%, 46.52%, 51.66%, 1.82%
19049,5.53%, 51.94%, 46.41%, 1.65%
19051,9.14%, 53.14%, 44.00%, 2.85%
19053,0.83%, 49.20%, 48.37%, 2.44%
19055,6.02%, 46.20%, 52.22%, 1.58%
19057,23.04%, 37.53%, 60.57%, 1.90%
19059,5.42%, 52.10%, 46.68%, 1.21%
19061,20.77%, 38.89%, 59.65%, 1.46%
19063,3.93%, 47.32%, 51.25%, 1.44%
19065,16.60%, 40.98%, 57.57%, 1.45%
19067,21.88%, 37.70%, 59.58%, 2.72%
19069,1.44%, 48.57%, 50.01%, 1.42%
19071,3.62%, 51.05%, 47.43%, 1.51%
19073,0.46%, 48.90%, 49.35%, 1.75%
19075,16.91%, 57.77%, 40.86%, 1.38%
19077,7.68%, 52.56%, 44.88%, 2.56%
19079,1.30%, 48.42%, 49.72%, 1.86%
19081,3.56%, 50.86%, 47.30%, 1.84%
19083,0.88%, 48.70%, 49.58%, 1.73%
19085,4.67%, 51.55%, 46.88%, 1.57%
19087,5.04%, 51.41%, 46.36%, 2.23%
19089,25.78%, 36.41%, 62.19%, 1.40%
19091,14.35%, 56.51%, 42.16%, 1.33%
19093,16.41%, 57.40%, 40.99%, 1.61%
19095,0.16%, 48.99%, 49.16%, 1.85%
19097,24.39%, 36.89%, 61.28%, 1.83%
19099,7.50%, 45.28%, 52.78%, 1.95%
19101,20.23%, 38.51%, 58.73%, 2.76%
19103,41.51%, 28.40%, 69.91%, 1.69%
19105,10.40%, 44.01%, 54.42%, 1.57%
19107,3.62%, 50.58%, 46.96%, 2.46%
19109,3.25%, 47.57%, 50.82%, 1.60%
19111,16.01%, 40.99%, 57.00%, 2.01%
19113,21.53%, 38.48%, 60.01%, 1.50%
19115,4.25%, 47.02%, 51.27%, 1.71%
19117,6.72%, 52.06%, 45.33%, 2.61%
19119,44.95%, 71.88%, 26.93%, 1.19%
19121,9.98%, 53.99%, 44.02%, 1.99%
19123,16.53%, 57.35%, 40.83%, 1.82%
19125,10.77%, 54.34%, 43.57%, 2.08%
19127,9.35%, 44.36%, 53.71%, 1.94%
19129,16.57%, 57.44%, 40.86%, 1.70%
19131,12.31%, 42.82%, 55.13%, 2.05%
19133,2.42%, 50.26%, 47.84%, 1.90%
19135,5.21%, 51.63%, 46.41%, 1.96%
19137,10.61%, 54.58%, 43.98%, 1.44%
19139,15.64%, 41.47%, 57.11%, 1.42%
19141,34.86%, 66.74%, 31.88%, 1.38%
19143,31.64%, 64.78%, 33.14%, 2.08%
19145,19.72%, 59.12%, 39.41%, 1.47%
19147,2.79%, 47.71%, 50.50%, 1.79%
19149,25.06%, 62.05%, 36.99%, 0.97%
19151,8.42%, 53.29%, 44.87%, 1.84%
19153,14.61%, 41.82%, 56.43%, 1.75%
19155,1.89%, 50.18%, 48.28%, 1.54%
19157,11.75%, 43.26%, 55.01%, 1.73%
19159,6.14%, 52.10%, 45.97%, 1.93%
19161,8.89%, 53.53%, 44.65%, 1.82%
19163,14.54%, 42.10%, 56.64%, 1.26%
19165,9.68%, 54.04%, 44.35%, 1.61%
19167,62.77%, 80.95%, 18.18%, 0.87%
19169,16.21%, 40.78%, 56.99%, 2.23%
19171,12.19%, 43.15%, 55.34%, 1.50%
19173,8.59%, 53.11%, 44.51%, 2.38%
19175,3.70%, 47.02%, 50.73%, 2.25%
19177,12.18%, 54.98%, 42.80%, 2.21%
19179,13.53%, 41.80%, 55.33%, 2.87%
19181,0.62%, 48.79%, 49.42%, 1.79%
19183,0.72%, 49.36%, 48.64%, 1.99%
19185,6.98%, 52.50%, 45.52%, 1.98%
19187,8.51%, 44.93%, 53.44%, 1.63%
19189,8.61%, 44.86%, 53.48%, 1.66%
19191,22.65%, 37.87%, 60.52%, 1.61%
19193,0.53%, 49.58%, 49.05%, 1.37%
19195,22.42%, 37.85%, 60.27%, 1.88%
19197,1.50%, 50.01%, 48.51%, 1.49%
20001,23.28%, 60.67%, 37.39%, 1.95%
20003,32.74%, 65.14%, 32.40%, 2.45%
20005,7.65%, 52.72%, 45.07%, 2.21%
20007,50.16%, 74.45%, 24.29%, 1.26%
20009,43.19%, 70.56%, 27.38%, 2.06%
20011,27.22%, 62.53%, 35.30%, 2.17%
20013,38.12%, 68.21%, 30.10%, 1.69%
20015,32.27%, 65.13%, 32.86%, 2.01%
20017,42.85%, 70.52%, 27.67%, 1.81%
20019,54.91%, 76.57%, 21.65%, 1.78%
20021,23.71%, 60.90%, 37.19%, 1.91%
20023,55.07%, 76.64%, 21.56%, 1.80%
20025,56.26%, 77.39%, 21.14%, 1.47%
20027,49.06%, 73.95%, 24.89%, 1.16%
20029,42.42%, 70.12%, 27.70%, 2.18%
20031,45.68%, 72.16%, 26.49%, 1.35%
20033,58.62%, 78.54%, 19.92%, 1.54%
20035,25.24%, 61.59%, 36.35%, 2.05%
20037,1.38%, 48.12%, 49.50%, 2.38%
20039,54.65%, 76.81%, 22.16%, 1.03%
20041,42.22%, 70.16%, 27.95%, 1.89%
20043,35.27%, 66.55%, 31.29%, 2.16%
20045,30.70%, 33.42%, 64.13%, 2.45%
20047,48.78%, 73.32%, 24.54%, 2.14%
20049,47.35%, 72.66%, 25.31%, 2.02%
20051,33.72%, 65.94%, 32.22%, 1.85%
20053,39.82%, 68.79%, 28.97%, 2.25%
20055,35.26%, 66.89%, 31.63%, 1.48%
20057,30.90%, 64.64%, 33.74%, 1.61%
20059,22.44%, 60.04%, 37.60%, 2.37%
20061,12.37%, 55.50%, 43.13%, 1.37%
20063,61.71%, 80.11%, 18.41%, 1.48%
20065,51.65%, 74.49%, 22.84%, 2.67%
20067,51.11%, 74.97%, 23.86%, 1.16%
20069,56.96%, 77.54%, 20.58%, 1.89%
20071,59.06%, 79.33%, 20.27%, 0.40%
20073,43.75%, 71.04%, 27.29%, 1.67%
20075,55.75%, 77.01%, 21.26%, 1.73%
20077,45.17%, 71.49%, 26.32%, 2.18%
20079,17.13%, 57.40%, 40.27%, 2.34%
20081,63.63%, 81.34%, 17.71%, 0.96%
20083,59.67%, 78.92%, 19.25%, 1.82%
20085,24.04%, 60.95%, 36.91%, 2.14%
20087,18.75%, 58.32%, 39.58%, 2.10%
20089,57.95%, 77.71%, 19.76%, 2.53%
20091,8.98%, 53.70%, 44.72%, 1.58%
20093,57.35%, 78.21%, 20.85%, 0.94%
20095,44.76%, 71.04%, 26.28%, 2.67%
20097,62.73%, 80.35%, 17.62%, 2.03%
20099,12.87%, 55.38%, 42.51%, 2.11%
20101,60.47%, 79.26%, 18.79%, 1.95%
20103,11.56%, 54.89%, 43.33%, 1.78%
20105,54.04%, 75.91%, 21.88%, 2.21%
20107,35.98%, 66.84%, 30.86%, 2.30%
20109,66.81%, 82.43%, 15.63%, 1.94%
20111,5.99%, 51.88%, 45.88%, 2.24%
20113,35.25%, 66.76%, 31.51%, 1.73%
20115,38.92%, 68.64%, 29.72%, 1.63%
20117,27.26%, 62.69%, 35.42%, 1.89%
20119,61.26%, 79.75%, 18.49%, 1.76%
20121,23.67%, 61.01%, 37.34%, 1.65%
20123,54.29%, 76.18%, 21.89%, 1.94%
20125,35.74%, 66.94%, 31.19%, 1.87%
20127,34.07%, 66.00%, 31.93%, 2.08%
20129,65.91%, 82.24%, 16.33%, 1.43%
20131,44.50%, 71.23%, 26.72%, 2.05%
20133,26.56%, 62.19%, 35.64%, 2.17%
20135,60.20%, 79.15%, 18.95%, 1.90%
20137,57.18%, 77.76%, 20.58%, 1.66%
20139,30.30%, 63.89%, 33.59%, 2.52%
20141,56.32%, 77.20%, 20.88%, 1.92%
20143,52.46%, 75.28%, 22.81%, 1.91%
20145,36.96%, 67.59%, 30.64%, 1.77%
20147,59.24%, 78.93%, 19.69%, 1.39%
20149,43.84%, 70.15%, 26.31%, 3.53%
20151,36.47%, 67.35%, 30.88%, 1.77%
20153,62.88%, 80.50%, 17.62%, 1.87%
20155,23.29%, 60.57%, 37.28%, 2.16%
20157,50.09%, 74.05%, 23.96%, 1.98%
20159,40.21%, 69.14%, 28.92%, 1.94%
20161,7.00%, 52.43%, 45.43%, 2.14%
20163,61.82%, 79.91%, 18.08%, 2.01%
20165,40.48%, 68.78%, 28.30%, 2.92%
20167,53.84%, 76.19%, 22.35%, 1.46%
20169,26.24%, 62.16%, 35.92%, 1.92%
20171,68.93%, 83.66%, 14.73%, 1.61%
20173,12.65%, 55.15%, 42.50%, 2.35%
20175,43.07%, 71.05%, 27.98%, 0.97%
20177,0.29%, 49.05%, 48.77%, 2.18%
20179,62.06%, 80.52%, 18.46%, 1.02%
20181,47.00%, 72.45%, 25.44%, 2.11%
20183,57.60%, 77.78%, 20.18%, 2.04%
20185,45.95%, 72.08%, 26.13%, 1.78%
20187,53.20%, 75.94%, 22.73%, 1.33%
20189,72.03%, 85.33%, 13.31%, 1.36%
20191,32.74%, 65.17%, 32.44%, 2.39%
20193,55.81%, 77.24%, 21.43%, 1.33%
20195,48.17%, 73.31%, 25.13%, 1.56%
20197,38.60%, 68.02%, 29.42%, 2.56%
20199,73.88%, 85.82%, 11.94%, 2.24%
20201,53.32%, 75.44%, 22.11%, 2.45%
20203,66.44%, 82.43%, 16.00%, 1.57%
20205,40.77%, 69.16%, 28.39%, 2.45%
20207,33.96%, 65.98%, 32.02%, 2.00%
20209,40.69%, 28.75%, 69.44%, 1.81%
21001,52.67%, 75.53%, 22.86%, 1.62%
21003,43.76%, 71.15%, 27.39%, 1.46%
21005,32.44%, 65.25%, 32.81%, 1.94%
21007,27.34%, 62.49%, 35.15%, 2.36%
21009,33.91%, 66.24%, 32.33%, 1.43%
21011,0.53%, 49.17%, 48.65%, 2.18%
21013,40.62%, 69.61%, 28.99%, 1.41%
21015,34.51%, 66.59%, 32.09%, 1.32%
21017,17.23%, 57.86%, 40.64%, 1.50%
21019,12.31%, 55.30%, 42.99%, 1.71%
21021,23.21%, 60.95%, 37.74%, 1.31%
21023,24.27%, 60.78%, 36.51%, 2.71%
21025,9.26%, 53.10%, 43.84%, 3.06%
21027,25.48%, 61.97%, 36.49%, 1.54%
21029,32.30%, 65.42%, 33.12%, 1.45%
21031,40.34%, 69.64%, 29.30%, 1.06%
21033,26.68%, 62.36%, 35.68%, 1.95%
21035,18.35%, 58.37%, 40.02%, 1.61%
21037,20.90%, 59.67%, 38.77%, 1.56%
21039,31.33%, 64.92%, 33.59%, 1.49%
21041,8.24%, 52.99%, 44.75%, 2.27%
21043,9.54%, 53.52%, 43.98%, 2.50%
21045,58.08%, 78.55%, 20.46%, 0.99%
21047,21.16%, 60.14%, 38.98%, 0.87%
21049,25.05%, 61.84%, 36.79%, 1.38%
21051,56.46%, 77.54%, 21.08%, 1.39%
21053,62.44%, 80.68%, 18.24%, 1.08%
21055,34.35%, 66.26%, 31.91%, 1.83%
21057,48.59%, 73.51%, 24.92%, 1.57%
21059,10.11%, 54.31%, 44.20%, 1.49%
21061,36.24%, 67.59%, 31.35%, 1.06%
21063,25.17%, 35.86%, 61.03%, 0.99%
21065,40.08%, 69.35%, 29.26%, 1.39%
21067,4.82%, 46.91%, 51.74%, 1.35%
21069,19.77%, 58.85%, 39.08%, 2.07%
21071,1.35%, 49.43%, 48.09%, 2.48%
21073,0.60%, 49.47%, 48.87%, 1.67%
21075,10.34%, 54.16%, 43.82%, 2.02%
21077,17.60%, 57.63%, 40.03%, 2.35%
21079,43.08%, 70.98%, 27.91%, 1.11%
21081,27.39%, 62.94%, 35.55%, 1.51%
21083,26.08%, 62.25%, 36.17%, 1.58%
21085,34.85%, 66.70%, 31.85%, 1.45%
21087,50.82%, 74.52%, 23.71%, 1.77%
21089,14.10%, 56.01%, 41.91%, 2.08%
21091,5.00%, 46.53%, 51.52%, 1.95%
21093,20.62%, 59.75%, 39.13%, 1.11%
21095,46.19%, 72.27%, 26.08%, 1.64%
21097,21.13%, 59.55%, 38.42%, 2.03%
21099,30.90%, 64.49%, 33.59%, 1.92%
21101,2.65%, 47.95%, 50.60%, 1.46%
21103,19.60%, 58.98%, 39.38%, 1.63%
21105,26.40%, 62.49%, 36.09%, 1.42%
21107,24.87%, 61.59%, 36.72%, 1.70%
21109,70.14%, 84.36%, 14.22%, 1.42%
21111,11.97%, 43.38%, 55.34%, 1.28%
21113,36.98%, 67.83%, 30.85%, 1.32%
21115,41.58%, 69.84%, 28.26%, 1.90%
21117,20.87%, 59.69%, 38.82%, 1.49%
21119,7.87%, 52.75%, 44.88%, 2.37%
21121,44.57%, 71.56%, 26.99%, 1.45%
21123,36.26%, 67.22%, 30.96%, 1.81%
21125,57.96%, 78.49%, 20.52%, 0.99%
21127,25.97%, 62.01%, 36.04%, 1.95%
21129,44.21%, 71.33%, 27.12%, 1.55%
21131,63.86%, 81.28%, 17.42%, 1.30%
21133,33.32%, 65.17%, 31.85%, 2.98%
21135,35.55%, 67.06%, 31.52%, 1.42%
21137,38.48%, 68.55%, 30.07%, 1.38%
21139,27.61%, 62.92%, 35.31%, 1.76%
21141,28.60%, 63.59%, 35.00%, 1.41%
21143,16.68%, 57.59%, 40.91%, 1.50%
21145,25.23%, 61.92%, 36.69%, 1.39%
21147,52.15%, 75.42%, 23.27%, 1.31%
21149,9.57%, 53.96%, 44.39%, 1.65%
21151,22.44%, 60.53%, 38.09%, 1.39%
21153,7.07%, 52.33%, 45.26%, 2.41%
21155,3.23%, 50.45%, 47.22%, 2.32%
21157,24.72%, 61.42%, 36.70%, 1.89%
21159,54.60%, 76.49%, 21.89%, 1.63%
21161,17.01%, 57.60%, 40.60%, 1.80%
21163,20.95%, 59.71%, 38.76%, 1.53%
21165,4.86%, 46.40%, 51.27%, 2.33%
21167,36.00%, 67.41%, 31.40%, 1.19%
21169,32.96%, 65.11%, 32.15%, 2.74%
21171,52.95%, 75.82%, 22.87%, 1.31%
21173,16.58%, 57.56%, 40.98%, 1.45%
21175,11.81%, 54.72%, 42.91%, 2.37%
21177,1.75%, 50.02%, 48.27%, 1.71%
21179,13.69%, 55.87%, 42.18%, 1.95%
21181,12.19%, 55.02%, 42.83%, 2.15%
21183,16.38%, 57.22%, 40.84%, 1.93%
21185,30.69%, 64.80%, 34.11%, 1.09%
21187,26.84%, 62.49%, 35.66%, 1.85%
21189,53.26%, 75.86%, 22.60%, 1.54%
21191,28.42%, 63.36%, 34.94%, 1.71%
21193,31.98%, 65.18%, 33.20%, 1.63%
21195,13.82%, 55.89%, 42.07%, 2.04%
21197,15.53%, 57.06%, 41.53%, 1.41%
21199,55.39%, 77.09%, 21.70%, 1.22%
21201,8.08%, 52.51%, 44.43%, 0.79%
21203,53.35%, 75.82%, 22.47%, 1.71%
21205,2.05%, 47.92%, 49.96%, 2.12%
21207,56.32%, 77.31%, 20.99%, 1.70%
21209,20.63%, 59.72%, 39.09%, 1.20%
21211,24.70%, 61.76%, 37.06%, 1.18%
21213,22.74%, 60.71%, 37.97%, 1.33%
21215,35.52%, 66.82%, 31.30%, 1.89%
21217,40.54%, 69.69%, 29.14%, 1.17%
21219,36.29%, 67.52%, 31.23%, 1.25%
21221,29.77%, 64.18%, 34.41%, 1.41%
21223,19.81%, 58.74%, 38.93%, 2.33%
21225,5.24%, 51.71%, 46.47%, 1.82%
21227,18.86%, 58.88%, 40.02%, 1.09%
21229,26.82%, 62.65%, 35.83%, 1.52%
21231,37.06%, 67.65%, 30.59%, 1.76%
21233,11.68%, 54.82%, 43.14%, 2.04%
21235,47.66%, 73.08%, 25.42%, 1.50%
21237,2.86%, 47.44%, 50.30%, 2.26%
21239,17.10%, 57.98%, 40.88%, 1.14%
22001,45.68%, 71.99%, 26.31%, 1.70%
22003,36.36%, 66.90%, 30.54%, 2.57%
22005,35.67%, 67.08%, 31.40%, 1.52%
22007,11.18%, 54.57%, 43.39%, 2.03%
22009,23.08%, 60.43%, 37.35%, 2.21%
22011,54.33%, 76.15%, 21.82%, 2.03%
22013,2.52%, 50.82%, 48.30%, 0.87%
22015,43.66%, 71.37%, 27.71%, 0.91%
22017,3.04%, 48.07%, 51.11%, 0.82%
22019,24.60%, 61.43%, 36.82%, 1.75%
22021,52.69%, 75.54%, 22.85%, 1.61%
22023,65.28%, 81.44%, 16.16%, 2.40%
22025,34.97%, 66.72%, 31.75%, 1.53%
22027,10.60%, 54.82%, 44.22%, 0.96%
22029,19.96%, 59.49%, 39.53%, 0.98%
22031,13.39%, 56.16%, 42.77%, 1.08%
22033,2.16%, 48.34%, 50.50%, 1.17%
22035,28.46%, 35.23%, 63.70%, 1.07%
22037,10.55%, 54.61%, 44.06%, 1.33%
22039,24.66%, 61.30%, 36.64%, 2.07%
22041,35.45%, 67.09%, 31.64%, 1.27%
