id,margin,romney,obama,other
01001,45.95%, 72.49%, 26.54%, 0.96%
01003,55.67%, 77.22%, 21.55%, 1.23%
01005,3.14%, 48.19%, 51.33%, 0.48%
01007,46.67%, 72.83%, 26.15%, 1.02%
01009,73.93%, 86.27%, 12.34%, 1.38%
01011,52.80%, 23.51%, 76.31%, 0.19%
01013,7.50%, 53.54%, 46.03%, 0.43%
01015,31.85%, 65.30%, 33.45%, 1.24%
01017,5.16%, 52.13%, 46.97%, 0.90%
01019,54.88%, 76.65%, 21.77%, 1.57%
01021,60.25%, 79.68%, 19.43%, 0.89%
01023,4.59%, 52.06%, 47.47%, 0.48%
01025,8.20%, 53.90%, 45.70%, 0.40%
01027,45.52%, 72.12%, 26.61%, 1.27%
01029,68.06%, 83.43%, 15.37%, 1.20%
01031,49.14%, 73.99%, 24.85%, 1.16%
01033,20.35%, 59.44%, 39.10%, 1.46%
01035,1.65%, 48.95%, 50.60%, 0.44%
01037,16.24%, 57.72%, 41.48%, 0.80%
01039,58.26%, 78.72%, 20.45%, 0.83%
01041,35.51%, 67.42%, 31.91%, 0.67%
01043,69.30%, 83.92%, 14.62%, 1.46%
01045,42.05%, 70.47%, 28.42%, 1.11%
01047,39.71%, 29.99%, 69.70%, 0.31%
01049,54.66%, 76.54%, 21.87%, 1.59%
01051,48.67%, 73.86%, 25.19%, 0.95%
01053,25.50%, 62.35%, 36.85%, 0.79%
01055,38.30%, 68.34%, 30.04%, 1.62%
01057,53.24%, 76.07%, 22.83%, 1.09%
01059,40.40%, 69.54%, 29.14%, 1.31%
01061,62.98%, 80.97%, 17.99%, 1.03%
01063,69.57%, 15.05%, 84.62%, 0.34%
01065,25.45%, 37.12%, 62.58%, 0.30%
01067,29.03%, 64.20%, 35.17%, 0.63%
01069,40.26%, 69.72%, 29.46%, 0.83%
01071,41.77%, 69.98%, 28.22%, 1.80%
01073,5.97%, 46.53%, 52.50%, 0.97%
01075,53.11%, 76.05%, 22.94%, 1.02%
01077,30.78%, 64.57%, 33.78%, 1.65%
01079,26.89%, 62.72%, 35.83%, 1.45%
01081,19.84%, 59.08%, 39.23%, 1.69%
01083,43.52%, 71.17%, 27.66%, 1.17%
01085,53.05%, 23.34%, 76.39%, 0.27%
01087,74.20%, 12.80%, 87.00%, 0.19%
01089,18.57%, 58.47%, 39.90%, 1.63%
01091,7.20%, 46.23%, 53.43%, 0.35%
01093,61.41%, 79.95%, 18.54%, 1.51%
01095,59.94%, 79.24%, 19.30%, 1.46%
01097,9.21%, 54.18%, 44.97%, 0.85%
01099,7.72%, 53.57%, 45.85%, 0.58%
01101,24.25%, 37.56%, 61.81%, 0.64%
01103,44.38%, 71.56%, 27.17%, 1.27%
01105,50.19%, 24.68%, 74.87%, 0.44%
01107,6.95%, 53.26%, 46.30%, 0.44%
01109,13.65%, 56.38%, 42.73%, 0.89%
01111,39.79%, 69.32%, 29.54%, 1.14%
01113,11.75%, 43.78%, 55.53%, 0.70%
01115,65.93%, 82.39%, 16.46%, 1.14%
01117,55.41%, 77.03%, 21.62%, 1.35%
01119,54.55%, 22.56%, 77.11%, 0.33%
01121,15.98%, 57.60%, 41.61%, 0.79%
01123,32.24%, 65.76%, 33.52%, 0.72%
01125,17.39%, 58.08%, 40.68%, 1.24%
01127,52.80%, 75.74%, 22.94%, 1.32%
01129,31.69%, 65.56%, 33.87%, 0.57%
01131,48.65%, 25.61%, 74.26%, 0.12%
01133,72.22%, 85.44%, 13.22%, 1.34%
02013,0%,-,-,-
02016,0%,-,-,-
02020,0%,-,-,-
02050,0%,-,-,-
02060,0%,-,-,-
02068,0%,-,-,-
02070,0%,-,-,-
02090,0%,-,-,-
02100,0%,-,-,-
02105,0%,-,-,-
02110,0%,-,-,-
02122,0%,-,-,-
02130,0%,-,-,-
02150,0%,-,-,-
02164,0%,-,-,-
02170,0%,-,-,-
02180,0%,-,-,-
02185,0%,-,-,-
02188,0%,-,-,-
02195,0%,-,-,-
02198,0%,-,-,-
02220,0%,-,-,-
02230,0%,-,-,-
02240,0%,-,-,-
02261,0%,-,-,-
02270,0%,-,-,-
02275,0%,-,-,-
02282,0%,-,-,-
02290,0%,-,-,-
04001,34.33%, 31.83%, 66.16%, 2.01%
04003,22.26%, 59.95%, 37.69%, 2.35%
04005,15.47%, 40.84%, 56.30%, 2.86%
04007,26.66%, 62.31%, 35.64%, 2.05%
04009,37.52%, 67.84%, 30.31%, 1.85%
04011,9.44%, 53.32%, 43.87%, 0.77%
04012,31.98%, 64.76%, 32.78%, 2.46%
04013,10.69%, 54.30%, 43.61%, 2.08%
04015,42.14%, 69.91%, 27.77%, 2.31%
04017,7.84%, 53.07%, 45.23%, 1.70%
04019,6.91%, 45.61%, 52.52%, 1.86%
04021,16.35%, 57.12%, 40.77%, 2.11%
04023,37.75%, 30.44%, 68.19%, 1.37%
04025,30.35%, 64.04%, 33.69%, 2.27%
04027,12.58%, 55.50%, 42.92%, 1.57%
05001,22.21%, 60.01%, 37.80%, 2.19%
05003,25.35%, 61.44%, 36.09%, 2.46%
05005,44.04%, 70.78%, 26.74%, 2.48%
05007,40.39%, 68.95%, 28.56%, 2.49%
05009,48.00%, 72.50%, 24.51%, 2.99%
05011,18.76%, 58.43%, 39.68%, 1.89%
05013,36.71%, 67.07%, 30.36%, 2.58%
05015,23.85%, 60.15%, 36.30%, 1.37%
05017,22.45%, 38.29%, 60.74%, 0.96%
05019,6.33%, 51.65%, 45.32%, 3.03%
05021,29.10%, 63.11%, 34.01%, 2.88%
05023,52.14%, 74.64%, 22.50%, 2.87%
05025,44.95%, 70.82%, 25.87%, 3.31%
05027,23.62%, 61.24%, 37.62%, 1.14%
05029,19.52%, 58.40%, 38.87%, 2.73%
05031,30.99%, 64.20%, 33.21%, 2.60%
05033,49.85%, 73.55%, 23.70%, 2.74%
05035,14.89%, 41.86%, 56.75%, 1.38%
05037,29.79%, 63.90%, 34.11%, 1.99%
05039,10.64%, 53.99%, 43.35%, 2.66%
05041,12.38%, 42.90%, 55.27%, 1.83%
05043,18.95%, 58.60%, 39.65%, 1.75%
05045,31.60%, 64.45%, 32.85%, 2.69%
05047,44.42%, 70.81%, 26.39%, 2.80%
05049,33.10%, 65.21%, 32.11%, 2.68%
05051,29.98%, 63.87%, 33.89%, 2.23%
05053,51.88%, 74.53%, 22.66%, 2.81%
05055,36.85%, 65.92%, 29.07%, 1.88%
05057,26.24%, 61.90%, 35.66%, 2.44%
05059,29.01%, 63.03%, 34.01%, 2.96%
05061,31.85%, 64.81%, 32.97%, 2.22%
05063,43.94%, 70.40%, 26.47%, 3.13%
05065,38.86%, 67.73%, 28.87%, 3.39%
05067,18.27%, 57.45%, 39.18%, 3.37%
05069,29.03%, 34.77%, 63.80%, 1.44%
05071,27.97%, 62.53%, 34.56%, 2.90%
05073,18.44%, 58.48%, 40.05%, 1.47%
05075,31.55%, 63.83%, 32.27%, 1.71%
05077,24.15%, 37.38%, 61.54%, 1.08%
05079,20.77%, 59.02%, 38.24%, 2.74%
05081,36.29%, 67.02%, 30.73%, 2.26%
05083,41.88%, 69.28%, 27.40%, 3.31%
05085,50.82%, 74.15%, 23.33%, 2.53%
05087,32.95%, 64.91%, 31.96%, 3.14%
05089,38.82%, 67.71%, 28.89%, 1.29%
05091,39.82%, 69.29%, 29.47%, 1.23%
05093,1.02%, 49.37%, 48.35%, 2.28%
05095,0.06%, 49.07%, 49.01%, 1.92%
05097,42.57%, 69.59%, 27.03%, 3.38%
05099,20.15%, 58.98%, 38.83%, 2.19%
05101,41.38%, 68.51%, 27.12%, 2.05%
05103,8.61%, 53.52%, 44.92%, 1.56%
05105,35.40%, 65.54%, 30.14%, 1.83%
05107,32.84%, 32.76%, 65.60%, 1.64%
05109,52.69%, 75.16%, 22.47%, 2.38%
05111,34.18%, 65.79%, 31.61%, 2.59%
05113,56.94%, 77.08%, 20.14%, 2.78%
05115,47.15%, 72.23%, 25.08%, 2.69%
05117,40.53%, 68.55%, 28.02%, 3.44%
05119,11.46%, 43.28%, 54.74%, 1.98%
05121,27.79%, 62.14%, 34.35%, 1.48%
05123,18.44%, 40.28%, 58.72%, 1.00%
05125,42.70%, 70.04%, 27.34%, 2.61%
05127,47.64%, 72.28%, 24.64%, 3.08%
05129,51.03%, 73.06%, 22.04%, 2.33%
05131,37.08%, 67.27%, 30.19%, 2.54%
05133,48.36%, 72.42%, 24.06%, 3.51%
05135,38.84%, 67.57%, 28.72%, 1.57%
05137,45.20%, 70.53%, 25.33%, 1.51%
05139,26.22%, 62.29%, 36.07%, 1.64%
05141,39.39%, 67.88%, 28.49%, 1.42%
05143,16.25%, 56.33%, 40.07%, 1.26%
05145,53.73%, 75.47%, 21.74%, 2.78%
05147,4.21%, 45.70%, 49.91%, 2.05%
05149,38.83%, 67.66%, 28.82%, 3.52%
06001,60.56%, 18.12%, 78.69%, 3.19%
06003,23.39%, 36.09%, 59.48%, 4.43%
06005,19.50%, 58.11%, 38.60%, 3.29%
06007,1.99%, 48.87%, 46.88%, 4.26%
06009,16.90%, 56.56%, 39.66%, 3.78%
06011,21.29%, 59.57%, 38.28%, 2.15%
06013,35.14%, 31.09%, 66.23%, 2.69%
06015,9.38%, 52.61%, 43.23%, 4.16%
06017,17.76%, 57.27%, 39.51%, 3.21%
06019,1.79%, 47.94%, 49.72%, 2.34%
06021,25.23%, 60.97%, 35.73%, 3.30%
06023,27.10%, 32.63%, 59.73%, 3.29%
06025,32.05%, 33.13%, 65.18%, 1.69%
06027,11.42%, 54.01%, 42.58%, 3.41%
06029,16.71%, 56.99%, 40.28%, 2.73%
06031,14.93%, 56.24%, 41.31%, 2.44%
06033,16.94%, 39.33%, 56.27%, 4.39%
06035,39.56%, 68.03%, 28.47%, 3.51%
06037,41.86%, 27.83%, 69.69%, 2.48%
06039,17.11%, 57.23%, 40.11%, 2.66%
06041,51.23%, 22.92%, 74.14%, 2.94%
06043,18.17%, 56.87%, 38.70%, 4.43%
06045,38.52%, 27.49%, 66.01%, 3.67%
06047,8.72%, 44.33%, 53.04%, 2.63%
06049,41.45%, 69.10%, 27.64%, 3.26%
06051,8.65%, 44.10%, 52.75%, 3.15%
06053,36.86%, 30.27%, 67.13%, 2.60%
06055,28.69%, 34.28%, 62.97%, 2.76%
06057,0.63%, 48.35%, 47.73%, 3.92%
06059,6.23%, 51.87%, 45.65%, 2.48%
06061,19.28%, 58.19%, 38.91%, 2.90%
06063,16.82%, 56.76%, 39.94%, 3.30%
06065,1.65%, 47.97%, 49.62%, 2.40%
06067,18.93%, 39.13%, 58.06%, 2.81%
06069,20.61%, 38.48%, 59.10%, 2.42%
06071,7.33%, 45.01%, 52.34%, 2.65%
06073,7.56%, 44.95%, 52.51%, 2.53%
06075,70.38%, 13.01%, 83.40%, 3.59%
06077,13.66%, 41.91%, 55.57%, 2.52%
06079,1.02%, 47.61%, 48.63%, 3.76%
06081,46.66%, 25.46%, 72.13%, 2.41%
06083,18.01%, 39.42%, 57.44%, 3.14%
06085,42.83%, 27.14%, 69.97%, 2.89%
06087,55.45%, 19.98%, 75.43%, 4.60%
06089,29.08%, 62.83%, 33.75%, 3.42%
06091,22.40%, 58.70%, 36.30%, 5.00%
06093,15.16%, 55.40%, 40.24%, 4.35%
06095,29.24%, 34.08%, 63.32%, 2.59%
06097,45.72%, 25.26%, 70.99%, 3.75%
06099,2.74%, 47.14%, 49.88%, 2.97%
06101,19.08%, 58.30%, 39.22%, 2.47%
06103,27.42%, 61.95%, 34.53%, 3.52%
06105,0.73%, 47.33%, 46.59%, 6.08%
06107,15.01%, 56.24%, 41.22%, 2.54%
06109,15.68%, 56.06%, 40.38%, 3.55%
06111,7.01%, 45.15%, 52.16%, 2.69%
06113,33.94%, 31.29%, 65.24%, 3.47%
06115,18.04%, 57.06%, 39.02%, 3.92%
08001,16.78%, 40.12%, 56.90%, 2.98%
08003,16.47%, 40.28%, 56.75%, 2.96%
08005,9.92%, 43.99%, 53.90%, 2.11%
08007,17.72%, 57.50%, 39.78%, 2.72%
08009,51.85%, 74.03%, 22.17%, 3.80%
08011,13.39%, 55.36%, 41.97%, 2.68%
08013,41.84%, 27.84%, 69.69%, 2.47%
08014,5.96%, 45.67%, 51.62%, 2.71%
08015,0.15%, 48.46%, 48.61%, 2.92%
08017,65.60%, 81.34%, 15.74%, 2.93%
08019,12.00%, 42.31%, 54.31%, 3.38%
08021,9.22%, 44.75%, 53.96%, 1.29%
08023,48.67%, 24.28%, 72.95%, 2.78%
08025,25.90%, 61.52%, 35.62%, 2.86%
08027,33.89%, 65.86%, 31.97%, 2.17%
08029,39.52%, 68.54%, 29.02%, 2.44%
08031,49.24%, 24.18%, 73.41%, 2.41%
08033,42.17%, 69.00%, 26.83%, 4.18%
08035,25.76%, 62.11%, 36.35%, 1.54%
08037,14.92%, 41.52%, 56.43%, 2.05%
08039,47.00%, 72.41%, 25.41%, 2.18%
08041,20.38%, 58.91%, 38.54%, 2.55%
08043,31.69%, 64.53%, 32.84%, 2.64%
08045,5.04%, 51.36%, 46.32%, 2.33%
08047,16.36%, 40.32%, 56.68%, 3.00%
08049,6.95%, 51.95%, 45.00%, 3.05%
08051,19.65%, 38.55%, 58.20%, 3.25%
08053,20.67%, 58.83%, 38.17%, 3.00%
08055,8.25%, 44.21%, 52.46%, 3.33%
08057,45.28%, 70.75%, 25.47%, 3.77%
08059,4.85%, 46.36%, 51.21%, 2.43%
08061,68.09%, 82.46%, 14.37%, 3.17%
08063,52.59%, 75.23%, 22.64%, 2.13%
08065,24.38%, 36.12%, 60.49%, 3.39%
08067,9.20%, 43.65%, 52.85%, 3.50%
08069,5.76%, 45.72%, 51.47%, 2.81%
08071,2.65%, 47.55%, 50.20%, 2.24%
08073,49.63%, 73.76%, 24.14%, 2.10%
08075,38.00%, 67.72%, 29.72%, 2.55%
08077,32.39%, 65.08%, 32.69%, 2.23%
08079,8.15%, 52.92%, 44.77%, 2.31%
08081,54.56%, 76.12%, 21.56%, 2.32%
08083,23.21%, 60.08%, 36.87%, 3.04%
08085,36.83%, 67.32%, 30.49%, 2.19%
08087,24.96%, 61.26%, 36.30%, 2.44%
08089,8.97%, 53.49%, 44.52%, 1.99%
08091,5.15%, 46.25%, 51.41%, 2.34%
08093,14.67%, 55.90%, 41.23%, 2.86%
08095,46.31%, 72.27%, 25.96%, 1.77%
08097,37.97%, 30.01%, 67.98%, 2.00%
08099,35.18%, 66.42%, 31.24%, 2.34%
08101,13.95%, 41.74%, 55.68%, 2.58%
08103,64.00%, 80.85%, 16.86%, 2.29%
08105,7.95%, 52.74%, 44.79%, 2.48%
08107,15.60%, 41.07%, 56.67%, 2.26%
08109,30.73%, 32.88%, 63.61%, 3.51%
08111,10.67%, 41.90%, 52.57%, 2.57%
08113,43.19%, 27.11%, 70.30%, 2.58%
08115,34.53%, 65.84%, 31.32%, 2.84%
08117,24.66%, 36.38%, 61.04%, 2.57%
08119,32.43%, 64.59%, 32.16%, 3.25%
08121,62.06%, 80.12%, 18.06%, 1.81%
08123,12.66%, 54.84%, 42.18%, 2.98%
08125,54.69%, 76.25%, 21.56%, 2.18%
09001,10.63%, 44.22%, 54.85%, 0.93%
09003,25.85%, 36.52%, 62.37%, 1.11%
09005,3.62%, 51.07%, 47.45%, 1.48%
09007,15.88%, 41.41%, 57.29%, 1.31%
09009,22.33%, 38.32%, 60.65%, 1.02%
09011,18.27%, 40.07%, 58.33%, 1.60%
09013,12.56%, 42.89%, 55.45%, 1.66%
09015,13.28%, 42.43%, 55.72%, 1.85%
10001,4.94%, 46.79%, 51.73%, 1.48%
10003,34.07%, 32.23%, 66.30%, 1.47%
10005,13.03%, 55.90%, 42.88%, 1.22%
11001,83.63%, 7.28%, 90.91%, 1.81%
12001,17.31%, 40.40%, 57.71%, 1.89%
12003,58.51%, 78.80%, 20.29%, 0.91%
12005,43.48%, 71.01%, 27.53%, 1.47%
12007,41.96%, 70.46%, 28.51%, 1.03%
12009,12.68%, 55.62%, 42.94%, 1.44%
12011,34.89%, 32.23%, 67.12%, 0.65%
12013,43.70%, 70.61%, 26.91%, 2.47%
12015,14.24%, 56.52%, 42.28%, 1.20%
12017,21.84%, 60.22%, 38.37%, 1.41%
12019,45.72%, 72.33%, 26.61%, 1.06%
12021,30.02%, 64.64%, 34.62%, 0.74%
12023,36.61%, 67.69%, 31.08%, 1.23%
12027,14.29%, 56.51%, 42.22%, 1.27%
12029,46.76%, 72.60%, 25.84%, 1.57%
12031,3.60%, 51.27%, 47.67%, 1.06%
12033,20.49%, 59.55%, 39.06%, 1.39%
12035,7.42%, 53.19%, 45.77%, 1.05%
12037,31.40%, 64.98%, 33.58%, 1.44%
12039,40.58%, 29.43%, 70.01%, 0.55%
12041,50.80%, 74.55%, 23.75%, 1.70%
12043,18.51%, 58.54%, 40.03%, 1.42%
12045,41.83%, 70.10%, 28.26%, 1.64%
12047,16.79%, 57.90%, 41.11%, 1.00%
12049,30.83%, 64.83%, 34.00%, 1.17%
12051,5.91%, 52.42%, 46.51%, 1.07%
12053,8.47%, 53.54%, 45.07%, 1.38%
12055,22.96%, 60.92%, 37.96%, 1.12%
12057,6.68%, 46.04%, 52.71%, 1.25%
12059,68.21%, 83.46%, 15.25%, 1.29%
12061,22.29%, 60.70%, 38.41%, 0.89%
12063,28.98%, 64.00%, 35.02%, 0.99%
12065,1.75%, 48.70%, 50.45%, 0.86%
12067,58.16%, 78.33%, 20.17%, 1.50%
12069,17.10%, 57.99%, 40.89%, 1.13%
12071,16.51%, 57.83%, 41.32%, 0.85%
12073,23.59%, 37.54%, 61.13%, 1.34%
12075,32.16%, 65.31%, 33.15%, 1.54%
12077,41.32%, 69.96%, 28.64%, 1.40%
12079,3.41%, 51.27%, 47.85%, 0.88%
12081,12.43%, 55.65%, 43.22%, 1.13%
12083,16.21%, 57.53%, 41.32%, 1.15%
12085,22.87%, 60.96%, 38.09%, 0.95%
12086,23.71%, 37.87%, 61.58%, 0.54%
12087,0.43%, 49.12%, 49.56%, 1.32%
12089,48.44%, 73.67%, 25.23%, 1.10%
12091,49.17%, 73.80%, 24.63%, 1.56%
12093,19.99%, 59.25%, 39.27%, 1.48%
12095,18.21%, 40.36%, 58.56%, 1.08%
12097,24.46%, 37.27%, 61.73%, 1.00%
12099,17.00%, 41.13%, 58.14%, 0.73%
12101,6.61%, 52.48%, 45.86%, 1.66%
12103,5.63%, 46.45%, 52.08%, 1.47%
12105,6.80%, 52.75%, 45.95%, 1.30%
12107,24.37%, 61.50%, 37.13%, 1.37%
12109,37.66%, 68.25%, 30.59%, 1.16%
12111,7.84%, 45.58%, 53.42%, 1.00%
12113,52.45%, 75.51%, 23.06%, 1.44%
12115,7.40%, 53.14%, 45.74%, 1.12%
12117,6.45%, 52.57%, 46.12%, 1.31%
12119,34.89%, 67.13%, 32.25%, 0.62%
12121,44.77%, 71.63%, 26.85%, 1.52%
12123,38.13%, 68.37%, 30.24%, 1.39%
12125,48.84%, 73.59%, 24.76%, 1.65%
12127,1.17%, 49.94%, 48.78%, 1.28%
12129,28.00%, 63.21%, 35.21%, 1.58%
12131,51.85%, 75.19%, 23.34%, 1.47%
12133,47.26%, 72.79%, 25.54%, 1.67%
13001,48.99%, 73.78%, 24.78%, 1.44%
13003,34.67%, 66.67%, 31.99%, 1.34%
13005,58.49%, 78.58%, 20.10%, 1.32%
13007,0.57%, 49.34%, 49.91%, 0.75%
13009,5.49%, 46.64%, 52.14%, 1.22%
13011,73.73%, 86.30%, 12.57%, 1.13%
13013,50.25%, 74.10%, 23.85%, 2.05%
13015,51.48%, 74.87%, 23.39%, 1.74%
13017,14.81%, 56.88%, 42.08%, 1.04%
13019,57.36%, 77.81%, 20.45%, 1.74%
13021,20.00%, 39.54%, 59.54%, 0.92%
13023,47.11%, 72.91%, 25.79%, 1.30%
13025,66.86%, 82.46%, 15.60%, 1.94%
13027,6.16%, 52.62%, 46.46%, 0.92%
13029,43.43%, 70.94%, 27.51%, 1.55%
13031,18.98%, 58.73%, 39.75%, 1.52%
13033,11.27%, 43.92%, 55.19%, 0.89%
13035,35.51%, 67.09%, 31.57%, 1.34%
13037,18.96%, 40.34%, 59.30%, 0.37%
13039,27.51%, 62.84%, 35.33%, 1.83%
13043,33.62%, 66.38%, 32.77%, 0.85%
13045,37.42%, 67.86%, 30.45%, 1.69%
13047,52.51%, 75.06%, 22.55%, 2.39%
13049,35.33%, 67.12%, 31.79%, 1.09%
13051,11.98%, 43.38%, 55.36%, 1.26%
13053,0.40%, 49.23%, 48.83%, 1.94%
13055,40.92%, 69.28%, 28.36%, 2.35%
13057,57.57%, 77.73%, 20.16%, 2.12%
13059,28.67%, 34.10%, 62.77%, 0.79%
13061,23.16%, 38.28%, 61.44%, 0.29%
13063,69.95%, 14.72%, 84.67%, 0.61%
13065,30.14%, 64.57%, 34.42%, 1.01%
13067,12.42%, 55.25%, 42.83%, 1.93%
13069,28.96%, 63.89%, 34.94%, 1.17%
13071,39.48%, 69.25%, 29.77%, 0.98%
13073,42.85%, 70.70%, 27.85%, 1.45%
13075,31.34%, 65.14%, 33.80%, 1.06%
13077,43.94%, 71.17%, 27.22%, 1.61%
13079,32.31%, 65.47%, 33.16%, 1.36%
13081,13.72%, 56.51%, 42.80%, 0.69%
13083,50.60%, 73.94%, 23.33%, 0.50%
13085,74.10%, 86.19%, 12.09%, 1.71%
13087,11.74%, 55.47%, 43.72%, 0.81%
13089,56.65%, 20.98%, 77.63%, 1.38%
13091,35.75%, 67.24%, 31.49%, 1.26%
13093,6.97%, 46.14%, 53.11%, 0.74%
13095,39.09%, 30.15%, 69.24%, 0.61%
13097,3.97%, 47.38%, 51.36%, 1.26%
13099,3.88%, 47.71%, 51.60%, 0.69%
13101,67.33%, 82.99%, 15.66%, 1.36%
13103,51.06%, 74.79%, 23.72%, 1.49%
13105,20.57%, 59.58%, 39.00%, 1.42%
13107,26.86%, 63.05%, 36.18%, 0.77%
13109,28.05%, 63.62%, 35.57%, 0.81%
13111,57.94%, 78.10%, 20.16%, 1.74%
13113,31.23%, 64.83%, 33.61%, 1.56%
13115,39.76%, 69.04%, 29.28%, 1.68%
13117,62.68%, 80.47%, 17.79%, 1.74%
13119,59.34%, 78.62%, 19.27%, 2.11%
13121,29.71%, 34.42%, 64.13%, 1.44%
13123,63.04%, 80.76%, 17.71%, 1.53%
13125,71.78%, 84.96%, 13.17%, 1.87%
13127,26.94%, 62.95%, 36.00%, 1.05%
13129,57.60%, 77.91%, 20.31%, 1.78%
13131,26.61%, 62.93%, 36.32%, 0.74%
13133,22.46%, 60.90%, 38.44%, 0.66%
13135,9.20%, 53.76%, 44.56%, 1.68%
13137,67.22%, 82.90%, 15.68%, 1.42%
13139,56.06%, 77.19%, 21.13%, 1.68%
13141,62.08%, 18.80%, 80.88%, 0.32%
13143,63.97%, 81.16%, 17.19%, 1.65%
13145,45.44%, 72.14%, 26.71%, 1.15%
13147,38.27%, 68.39%, 30.12%, 1.49%
13149,52.94%, 75.63%, 22.69%, 1.68%
13151,3.29%, 51.10%, 47.81%, 1.09%
13153,20.56%, 59.58%, 39.02%, 1.39%
13155,37.61%, 68.34%, 30.72%, 0.94%
13157,62.74%, 80.59%, 17.85%, 1.57%
13159,37.92%, 68.45%, 30.54%, 1.01%
13161,50.96%, 74.85%, 23.88%, 1.27%
13163,17.29%, 41.08%, 58.36%, 0.56%
13165,11.76%, 55.60%, 43.84%, 0.56%
13167,30.06%, 64.62%, 34.56%, 0.82%
13169,28.63%, 63.90%, 35.27%, 0.83%
13171,30.18%, 64.36%, 34.18%, 1.46%
13173,23.71%, 61.11%, 37.41%, 1.48%
13175,22.59%, 60.85%, 38.26%, 0.90%
13177,52.16%, 75.58%, 23.42%, 1.00%
13179,30.21%, 34.36%, 64.57%, 1.07%
13181,27.56%, 63.36%, 35.80%, 0.84%
13183,22.65%, 60.45%, 37.80%, 1.76%
13185,9.83%, 54.38%, 44.54%, 1.08%
13187,60.21%, 78.98%, 18.77%, 2.25%
13189,14.90%, 57.00%, 42.10%, 0.90%
13191,8.58%, 53.65%, 45.07%, 1.27%
13193,34.81%, 32.28%, 67.09%, 0.63%
13195,53.44%, 75.84%, 22.40%, 1.76%
13197,10.10%, 54.51%, 44.42%, 1.07%
13199,5.66%, 52.36%, 46.70%, 0.94%
13201,37.88%, 68.53%, 30.65%, 0.83%
13205,0.89%, 50.18%, 49.28%, 0.54%
13207,37.22%, 68.00%, 30.78%, 1.21%
13209,39.82%, 69.41%, 29.60%, 0.99%
13211,37.97%, 68.42%, 30.45%, 1.13%
13213,52.43%, 75.02%, 22.59%, 0.37%
13215,21.30%, 38.90%, 60.20%, 0.89%
13217,2.01%, 48.45%, 50.45%, 1.10%
13219,48.59%, 73.34%, 24.76%, 1.90%
13221,37.18%, 67.64%, 30.45%, 1.91%
13223,43.48%, 70.98%, 27.50%, 1.52%
13225,7.46%, 45.83%, 53.29%, 0.88%
13227,67.49%, 83.03%, 15.55%, 1.42%
13229,66.27%, 82.67%, 16.40%, 0.93%
13231,65.27%, 81.93%, 16.66%, 1.41%
13233,45.40%, 71.89%, 26.49%, 1.63%
13235,33.24%, 66.32%, 33.08%, 0.60%
13237,35.64%, 67.34%, 31.70%, 0.95%
13239,9.04%, 45.21%, 54.26%, 0.53%
13241,56.20%, 77.08%, 20.88%, 2.04%
13243,16.31%, 41.54%, 57.84%, 0.62%
13245,33.74%, 32.64%, 66.39%, 0.97%
13247,16.53%, 41.19%, 57.72%, 1.09%
13249,47.83%, 73.40%, 25.57%, 1.03%
13251,8.39%, 53.79%, 45.39%, 0.82%
13253,20.31%, 59.44%, 39.13%, 1.43%
13255,19.94%, 59.31%, 39.37%, 1.31%
13257,53.39%, 75.74%, 22.35%, 1.91%
13259,27.84%, 35.89%, 63.73%, 0.39%
13261,8.41%, 45.36%, 53.77%, 0.87%
13263,30.43%, 34.41%, 64.84%, 0.74%
13265,32.50%, 33.54%, 66.04%, 0.42%
13267,42.07%, 70.48%, 28.41%, 1.11%
13269,10.62%, 55.03%, 44.41%, 0.56%
13271,15.56%, 57.17%, 41.61%, 1.22%
13273,16.11%, 41.62%, 57.73%, 0.66%
13275,18.44%, 58.74%, 40.30%, 0.96%
13277,32.46%, 65.88%, 33.42%, 0.70%
13279,40.38%, 69.72%, 29.35%, 0.93%
13281,57.70%, 78.09%, 20.39%, 1.52%
13283,21.01%, 60.05%, 39.04%, 0.91%
13285,17.79%, 58.30%, 40.51%, 1.19%
13287,14.52%, 56.85%, 42.33%, 0.81%
13289,8.63%, 45.35%, 53.98%, 0.67%
13291,59.72%, 78.97%, 19.25%, 1.77%
13293,29.00%, 64.10%, 35.10%, 0.80%
13295,49.89%, 73.86%, 23.98%, 2.16%
13297,55.44%, 77.07%, 21.63%, 1.31%
13299,33.81%, 66.44%, 32.63%, 0.94%
13301,21.33%, 39.18%, 60.51%, 0.32%
13303,7.70%, 45.76%, 53.46%, 0.77%
13305,48.22%, 73.45%, 25.23%, 1.31%
13307,1.60%, 50.59%, 48.99%, 0.42%
13309,27.44%, 63.09%, 35.66%, 1.25%
13311,66.33%, 82.21%, 15.88%, 1.91%
13313,44.85%, 71.58%, 26.74%, 1.68%
13315,31.70%, 65.55%, 33.84%, 0.61%
13317,11.50%, 55.30%, 43.80%, 0.90%
13319,1.46%, 50.40%, 48.95%, 0.65%
13321,40.09%, 69.57%, 29.48%, 0.95%
15001,51.17%, 23.25%, 74.42%, 2.33%
15003,39.05%, 29.81%, 68.86%, 1.33%
15005,0%,-,-,-
15007,49.35%, 24.13%, 73.47%, 2.40%
15009,50.25%, 23.85%, 74.10%, 2.05%
16001,11.20%, 53.53%, 42.33%, 4.15%
16003,40.56%, 68.56%, 28.00%, 3.44%
16005,21.95%, 59.14%, 37.20%, 3.66%
16007,77.50%, 88.20%, 10.70%, 1.10%
16009,36.86%, 66.82%, 29.96%, 3.22%
16011,54.41%, 76.03%, 21.62%, 2.35%
16013,20.14%, 38.64%, 58.78%, 2.58%
16015,35.72%, 66.28%, 30.56%, 3.16%
16017,25.88%, 60.45%, 34.57%, 4.98%
16019,51.77%, 74.68%, 22.91%, 2.40%
16021,42.10%, 69.06%, 26.96%, 3.98%
16023,57.78%, 77.84%, 20.06%, 2.10%
16025,42.04%, 69.55%, 27.51%, 2.94%
16027,36.71%, 66.47%, 29.76%, 3.76%
16029,72.80%, 85.45%, 12.65%, 1.90%
16031,71.82%, 84.84%, 13.02%, 2.13%
16033,51.52%, 71.65%, 20.12%, 3.35%
16035,40.83%, 68.75%, 27.92%, 3.33%
16037,51.55%, 74.06%, 22.51%, 3.44%
16039,33.91%, 65.31%, 31.40%, 3.29%
16041,86.96%, 92.77%, 5.80%, 1.43%
16043,70.61%, 84.57%, 13.96%, 1.47%
16045,44.77%, 70.90%, 26.12%, 2.98%
16047,47.07%, 72.22%, 25.15%, 2.64%
16049,53.74%, 75.52%, 21.79%, 2.69%
16051,75.49%, 86.94%, 11.45%, 1.61%
16053,46.23%, 71.52%, 25.29%, 3.19%
16055,33.93%, 65.09%, 31.16%, 3.76%
16057,4.19%, 44.32%, 48.51%, 2.43%
16059,50.34%, 73.70%, 23.36%, 2.94%
16061,48.11%, 72.63%, 24.52%, 2.85%
16063,40.41%, 68.61%, 28.20%, 3.19%
16065,87.52%, 93.29%, 5.77%, 0.94%
16067,58.11%, 78.04%, 19.93%, 2.02%
16069,20.69%, 58.65%, 37.96%, 3.38%
16071,77.60%, 87.98%, 10.39%, 1.63%
16073,52.66%, 75.03%, 22.37%, 2.60%
16075,43.94%, 70.68%, 26.73%, 2.59%
16077,30.58%, 64.39%, 33.82%, 1.79%
16079,8.20%, 52.43%, 44.23%, 3.34%
16081,11.76%, 54.34%, 42.58%, 3.07%
16083,43.12%, 69.70%, 26.58%, 3.72%
16085,11.57%, 54.16%, 42.59%, 3.25%
16087,46.73%, 72.22%, 25.49%, 2.29%
17001,35.08%, 66.51%, 31.43%, 2.06%
17003,13.65%, 42.47%, 56.13%, 1.40%
17005,14.58%, 55.53%, 40.95%, 1.49%
17007,5.66%, 51.75%, 46.09%, 2.15%
17009,30.71%, 64.00%, 33.29%, 2.71%
17011,0.18%, 48.93%, 48.75%, 2.33%
17013,13.98%, 55.90%, 41.93%, 2.17%
17015,1.49%, 48.00%, 49.49%, 2.51%
17017,13.41%, 55.49%, 42.09%, 2.42%
17019,7.02%, 44.92%, 51.94%, 3.14%
17021,23.03%, 60.33%, 37.31%, 2.36%
17023,32.37%, 65.23%, 32.86%, 1.91%
17025,44.11%, 70.92%, 26.81%, 2.27%
17027,29.90%, 63.86%, 33.95%, 2.19%
17029,11.05%, 54.26%, 43.21%, 2.54%
17031,49.28%, 24.59%, 73.88%, 1.53%
17033,31.59%, 64.69%, 33.11%, 2.20%
17035,35.28%, 66.27%, 30.99%, 2.74%
17037,5.51%, 45.91%, 51.42%, 2.67%
17039,26.85%, 62.15%, 35.30%, 2.55%
17041,36.66%, 67.34%, 30.68%, 1.98%
17043,1.10%, 48.63%, 49.73%, 1.64%
17045,32.76%, 65.50%, 32.74%, 1.76%
17047,51.15%, 74.50%, 23.36%, 2.14%
17049,52.01%, 75.25%, 23.24%, 1.51%
17051,34.38%, 66.03%, 31.66%, 2.31%
17053,42.71%, 70.20%, 27.49%, 2.31%
17055,16.82%, 57.31%, 40.49%, 2.19%
17057,11.01%, 43.03%, 54.04%, 2.93%
17059,17.99%, 57.99%, 39.99%, 2.02%
17061,25.33%, 61.22%, 35.89%, 2.89%
17063,8.88%, 53.22%, 44.34%, 2.44%
17065,32.91%, 65.11%, 32.20%, 2.69%
17067,17.79%, 57.85%, 40.06%, 2.09%
17069,34.03%, 65.88%, 31.85%, 2.27%
17071,12.25%, 43.19%, 55.44%, 1.37%
17073,3.07%, 47.46%, 50.53%, 2.01%
17075,44.55%, 71.19%, 26.64%, 2.17%
17077,14.33%, 40.92%, 55.26%, 3.82%
17079,41.21%, 69.68%, 28.48%, 1.84%
17081,22.81%, 60.12%, 37.31%, 2.57%
17083,23.72%, 60.38%, 36.67%, 2.95%
17085,1.16%, 48.42%, 49.58%, 1.99%
17087,41.99%, 69.60%, 27.61%, 2.79%
17089,1.10%, 48.61%, 49.71%, 1.68%
17091,3.38%, 50.68%, 47.30%, 2.02%
17093,3.32%, 50.71%, 47.39%, 1.90%
17095,17.31%, 40.28%, 57.59%, 2.13%
17097,8.35%, 45.14%, 53.48%, 1.38%
17099,0.39%, 49.06%, 48.67%, 2.27%
17101,30.82%, 64.40%, 33.58%, 2.02%
17103,7.31%, 52.51%, 45.20%, 2.29%
17105,31.39%, 64.69%, 33.30%, 2.02%
17107,31.98%, 64.89%, 32.91%, 2.20%
17109,1.45%, 49.36%, 47.91%, 2.73%
17111,8.79%, 53.34%, 44.55%, 2.12%
17113,10.98%, 54.37%, 43.40%, 2.23%
17115,5.16%, 51.62%, 46.46%, 1.92%
17117,7.03%, 51.92%, 44.89%, 1.17%
17119,1.37%, 49.32%, 47.95%, 2.73%
17121,19.11%, 58.46%, 39.35%, 2.19%
17123,14.23%, 56.06%, 41.83%, 2.11%
17125,6.32%, 51.86%, 45.54%, 2.60%
17127,33.66%, 65.87%, 32.21%, 1.92%
17129,30.04%, 64.18%, 34.14%, 1.67%
17131,7.36%, 45.24%, 52.60%, 2.16%
17133,26.71%, 62.24%, 35.53%, 2.24%
17135,14.10%, 55.60%, 41.50%, 2.90%
17137,15.32%, 56.37%, 41.06%, 2.57%
17139,27.00%, 62.29%, 35.29%, 2.42%
17141,16.72%, 57.44%, 40.72%, 1.84%
17143,4.38%, 46.90%, 51.28%, 1.82%
17145,17.68%, 57.67%, 39.99%, 2.34%
17147,26.57%, 61.92%, 35.35%, 2.73%
17149,35.36%, 66.56%, 31.20%, 2.25%
17151,38.79%, 68.05%, 29.25%, 2.70%
17153,5.81%, 51.93%, 46.12%, 1.96%
17155,1.81%, 47.79%, 49.60%, 2.61%
17157,17.53%, 57.42%, 39.89%, 2.69%
17159,32.88%, 65.31%, 32.44%, 2.25%
17161,21.81%, 38.23%, 60.04%, 1.73%
17163,14.32%, 41.83%, 56.15%, 2.02%
17165,28.96%, 63.49%, 34.52%, 1.99%
17167,8.61%, 53.26%, 44.65%, 2.08%
17169,8.76%, 53.02%, 44.26%, 2.72%
17171,26.36%, 61.80%, 35.44%, 2.76%
17173,33.54%, 65.55%, 32.01%, 2.43%
17175,16.27%, 57.40%, 41.13%, 1.47%
17177,1.64%, 49.75%, 48.11%, 2.13%
17179,17.78%, 57.66%, 39.88%, 2.46%
17181,21.88%, 59.59%, 37.71%, 2.69%
17183,13.20%, 55.57%, 42.36%, 2.07%
17185,36.77%, 67.74%, 30.97%, 1.29%
17187,5.45%, 46.28%, 51.73%, 2.00%
17189,31.50%, 64.45%, 32.95%, 2.60%
17191,58.13%, 77.80%, 19.67%, 2.53%
17193,35.91%, 66.80%, 30.90%, 2.30%
17195,16.98%, 40.45%, 57.43%, 2.12%
17197,5.49%, 46.36%, 51.85%, 1.79%
17199,24.82%, 61.22%, 36.40%, 2.39%
17201,5.52%, 46.18%, 51.70%, 2.12%
17203,39.02%, 68.44%, 29.42%, 2.14%
18001,39.37%, 68.58%, 29.21%, 0.21%
18003,16.69%, 57.46%, 40.77%, 1.76%
18005,25.37%, 61.52%, 36.15%, 0.26%
18007,32.70%, 65.09%, 32.39%, 0.03%
18009,16.47%, 56.95%, 40.48%, 0.40%
18011,37.72%, 67.70%, 29.98%, 0.19%
18013,16.66%, 56.75%, 40.08%, 0.50%
18015,30.27%, 64.01%, 33.74%, 0.09%
18017,21.69%, 59.62%, 37.93%, 0.04%
18019,9.82%, 53.83%, 44.01%, 2.16%
18021,33.65%, 65.67%, 32.02%, 0.20%
18023,30.66%, 64.13%, 33.47%, 0.03%
18025,8.28%, 52.75%, 44.47%,-
18027,50.67%, 74.42%, 23.74%, 1.84%
18029,39.66%, 68.86%, 29.20%, 1.94%
18031,40.46%, 68.94%, 28.48%, 0.23%
18033,31.59%, 64.71%, 33.12%, 2.16%
18035,3.11%, 47.15%, 50.26%, 0.24%
18037,27.63%, 62.75%, 35.12%, 2.13%
18039,26.43%, 62.29%, 35.87%, 1.84%
18041,16.86%, 57.09%, 40.23%, 0.20%
18043,14.31%, 56.17%, 41.85%, 1.98%
18045,34.13%, 65.59%, 31.46%,-
18047,42.67%, 70.17%, 27.50%, 0.25%
18049,33.18%, 65.43%, 32.25%, 0.05%
18051,30.97%, 64.45%, 33.48%, 0.02%
18053,21.96%, 59.82%, 37.86%, 0.26%
18055,31.25%, 64.36%, 33.10%, 0.23%
18057,34.25%, 66.20%, 31.95%, 1.86%
18059,41.03%, 69.41%, 28.37%, 0.06%
18061,22.82%, 60.21%, 37.39%, 0.04%
18063,34.75%, 66.37%, 31.62%, 2.00%
18065,16.97%, 57.02%, 40.05%, 0.05%
18067,14.31%, 56.01%, 41.70%, 0.03%
18069,39.67%, 68.76%, 29.09%, 2.15%
18071,27.41%, 62.34%, 34.93%, 0.05%
18073,25.41%, 61.57%, 36.16%, 0.22%
18075,20.02%, 58.79%, 38.77%, 0.03%
18077,10.40%, 53.94%, 43.54%, 0.27%
18079,22.43%, 59.71%, 37.28%,-
18081,38.31%, 68.02%, 29.71%, 2.27%
18083,28.95%, 63.47%, 34.52%,-
18085,52.08%, 74.84%, 22.77%, 0.32%
18087,35.78%, 66.88%, 31.11%,-
18089,30.90%, 33.85%, 64.75%, 1.39%
18091,12.57%, 42.62%, 55.19%, 0.03%
18093,32.70%, 65.04%, 32.34%, 0.27%
18095,4.50%, 50.98%, 46.48%, 0.29%
18097,22.18%, 37.92%, 60.10%, 1.98%
18099,28.78%, 63.25%, 34.48%, 2.27%
18101,40.29%, 68.78%, 28.48%,-
18103,30.84%, 63.79%, 32.95%, 0.32%
18105,19.14%, 39.29%, 58.43%, 0.07%
18107,38.46%, 68.03%, 29.58%, 0.05%
18109,41.03%, 69.17%, 28.13%, 0.26%
18111,19.02%, 58.02%, 39.00%, 0.35%
18113,33.50%, 65.63%, 32.13%, 0.18%
18115,27.14%, 62.40%, 35.26%, 0.11%
18117,21.58%, 59.38%, 37.80%, 0.27%
18119,27.60%, 62.39%, 34.80%, 0.07%
18121,32.53%, 64.85%, 32.32%, 0.23%
18123,11.59%, 43.21%, 54.81%, 1.98%
18125,25.35%, 61.20%, 35.86%, 0.03%
18127,3.88%, 46.94%, 50.82%, 2.24%
18129,23.70%, 60.77%, 37.08%, 0.04%
18131,27.17%, 62.34%, 35.17%,-
18133,32.53%, 65.12%, 32.59%, 0.09%
18135,24.01%, 60.95%, 36.94%, 2.11%
18137,38.52%, 67.94%, 29.42%, 0.29%
18139,34.33%, 65.94%, 31.61%,-
18141,3.50%, 47.36%, 50.86%, 1.78%
18143,6.20%, 52.05%, 45.85%, 0.05%
18145,33.53%, 65.50%, 31.97%, 0.05%
18147,15.28%, 56.60%, 41.32%, 2.08%
18149,10.59%, 54.03%, 43.44%, 0.19%
18151,26.97%, 62.41%, 35.44%, 0.04%
18153,20.64%, 59.13%, 38.49%, 0.01%
18155,12.81%, 55.11%, 42.30%,-
18157,3.59%, 50.40%, 46.81%, 0.43%
18159,31.75%, 64.74%, 32.99%, 0.12%
18161,32.35%, 65.14%, 32.80%, 2.06%
18163,10.56%, 54.26%, 43.71%, 2.03%
18165,6.77%, 51.89%, 45.12%, 0.38%
18167,0.86%, 48.42%, 49.27%, 2.31%
18169,36.22%, 67.03%, 30.81%, 2.16%
18171,27.71%, 62.55%, 34.84%, 0.05%
18173,26.38%, 62.19%, 35.81%, 1.99%
18175,24.44%, 60.85%, 36.41%, 0.10%
18177,14.64%, 56.21%, 41.57%, 0.07%
18179,44.94%, 71.46%, 26.53%, 2.01%
18181,23.48%, 60.09%, 36.61%, 0.32%
18183,38.84%, 68.24%, 29.40%, 0.17%
19001,8.11%, 52.90%, 44.79%, 2.30%
19003,3.66%, 50.71%, 47.05%, 2.24%
19005,4.17%, 47.07%, 51.24%, 1.69%
19007,3.36%, 50.62%, 47.25%, 2.13%
19009,5.53%, 52.13%, 46.60%, 1.27%
19011,0.56%, 49.49%, 48.93%, 1.58%
19013,20.24%, 39.07%, 59.31%, 1.62%
19015,6.64%, 45.57%, 52.21%, 2.22%
19017,2.68%, 47.99%, 50.67%, 1.33%
19019,13.87%, 42.24%, 56.11%, 1.65%
19021,10.19%, 54.32%, 44.14%, 1.54%
19023,10.30%, 54.42%, 44.12%, 1.46%
19025,12.49%, 55.28%, 42.79%, 1.93%
19027,6.13%, 52.47%, 46.35%, 1.18%
19029,18.86%, 58.53%, 39.67%, 1.80%
19031,4.59%, 46.94%, 51.53%, 1.53%
19033,13.38%, 42.51%, 55.89%, 1.60%
19035,16.02%, 57.08%, 41.06%, 1.86%
19037,11.07%, 43.74%, 54.81%, 1.45%
19039,1.47%, 47.95%, 49.41%, 2.64%
19041,18.42%, 58.23%, 39.81%, 1.95%
19043,7.03%, 45.57%, 52.59%, 1.84%
19045,22.84%, 37.73%, 60.56%, 1.71%
19047,7.83%, 53.24%, 45.41%, 1.35%
19049,11.58%, 55.06%, 43.49%, 1.45%
19051,16.38%, 56.67%, 40.29%, 3.05%
19053,4.07%, 50.80%, 46.73%, 2.48%
19055,0.21%, 49.43%, 49.22%, 1.34%
19057,18.41%, 39.91%, 58.32%, 1.77%
19059,17.89%, 58.19%, 40.31%, 1.50%
19061,14.71%, 41.81%, 56.53%, 1.66%
19063,8.70%, 53.49%, 44.78%, 1.73%
19065,11.96%, 43.33%, 55.30%, 1.37%
19067,14.63%, 42.05%, 56.68%, 1.27%
19069,10.74%, 54.44%, 43.69%, 1.87%
19071,9.13%, 53.76%, 44.63%, 1.61%
19073,0.10%, 49.11%, 49.01%, 1.88%
19075,22.69%, 60.54%, 37.85%, 1.61%
19077,10.22%, 53.86%, 43.63%, 2.51%
19079,2.64%, 50.35%, 47.71%, 1.94%
19081,13.43%, 55.98%, 42.55%, 1.47%
19083,6.69%, 52.48%, 45.80%, 1.72%
19085,12.69%, 55.52%, 42.83%, 1.65%
19087,5.93%, 51.92%, 45.99%, 2.08%
19089,20.95%, 38.64%, 59.59%, 1.77%
19091,21.85%, 60.08%, 38.23%, 1.69%
19093,26.34%, 62.41%, 36.06%, 1.53%
19095,4.79%, 51.53%, 46.74%, 1.73%
19097,16.89%, 40.78%, 57.67%, 1.54%
19099,7.07%, 45.49%, 52.56%, 1.95%
19101,15.97%, 40.28%, 56.25%, 3.47%
19103,35.49%, 31.19%, 66.69%, 2.12%
19105,7.78%, 45.18%, 52.96%, 1.86%
19107,10.25%, 53.99%, 43.73%, 2.28%
19109,12.18%, 55.33%, 43.15%, 1.52%
19111,15.49%, 41.17%, 56.65%, 2.18%
19113,17.69%, 40.20%, 57.90%, 1.90%
19115,0.64%, 48.71%, 49.36%, 1.93%
19117,6.18%, 52.14%, 45.96%, 1.90%
19119,54.62%, 76.48%, 21.86%, 1.66%
19121,11.92%, 54.84%, 42.92%, 2.25%
19123,20.54%, 59.25%, 38.71%, 2.04%
19125,13.12%, 55.57%, 42.44%, 1.99%
19127,9.36%, 44.44%, 53.80%, 1.76%
19129,18.97%, 58.46%, 39.49%, 2.05%
19131,3.37%, 47.31%, 50.68%, 2.01%
19133,9.62%, 53.92%, 44.31%, 1.77%
19135,7.70%, 52.90%, 45.20%, 1.91%
19137,21.47%, 59.72%, 38.25%, 2.03%
19139,15.88%, 41.12%, 57.00%, 1.88%
19141,44.91%, 71.73%, 26.82%, 1.44%
19143,41.26%, 69.82%, 28.55%, 1.63%
19145,24.51%, 61.42%, 36.91%, 1.67%
19147,10.66%, 54.43%, 43.77%, 1.80%
19149,34.23%, 66.39%, 32.15%, 1.46%
19151,21.65%, 59.42%, 37.77%, 2.80%
19153,14.14%, 41.98%, 56.13%, 1.89%
19155,5.24%, 51.68%, 46.44%, 1.88%
19157,9.35%, 44.35%, 53.70%, 1.94%
19159,7.00%, 52.64%, 45.63%, 1.73%
19161,18.37%, 58.48%, 40.11%, 1.42%
19163,13.74%, 42.38%, 56.12%, 1.51%
19165,22.24%, 60.33%, 38.08%, 1.59%
19167,67.64%, 83.24%, 15.60%, 1.16%
19169,13.84%, 41.71%, 55.55%, 2.74%
19171,7.43%, 45.45%, 52.88%, 1.67%
19173,14.06%, 56.19%, 42.14%, 1.67%
19175,3.86%, 47.22%, 51.08%, 1.70%
19177,18.55%, 57.83%, 39.28%, 2.89%
19179,11.88%, 43.05%, 54.93%, 2.02%
19181,1.92%, 50.06%, 48.14%, 1.80%
19183,4.06%, 50.55%, 46.48%, 2.97%
19185,11.45%, 54.59%, 43.14%, 2.28%
19187,5.84%, 46.30%, 52.14%, 1.56%
19189,0.05%, 49.10%, 49.05%, 1.84%
19191,14.74%, 41.70%, 56.44%, 1.86%
19193,1.02%, 48.52%, 49.54%, 1.95%
19195,14.53%, 41.80%, 56.33%, 1.87%
19197,8.17%, 53.35%, 45.17%, 1.48%
20001,27.25%, 62.45%, 35.20%, 2.35%
20003,40.18%, 68.66%, 28.48%, 0.63%
20005,20.23%, 58.69%, 38.46%, 0.63%
20007,55.75%, 76.58%, 20.83%, 2.59%
20009,53.93%, 76.14%, 22.21%, 1.64%
20011,33.67%, 65.59%, 31.92%, 2.49%
20013,43.90%, 70.85%, 26.95%, 2.20%
20015,41.69%, 69.61%, 27.92%, 2.48%
20017,40.68%, 68.84%, 28.17%, 0.87%
20019,62.82%, 80.00%, 17.18%, 0.74%
20021,29.47%, 63.66%, 34.19%, 2.16%
20023,64.94%, 81.28%, 16.34%, 2.38%
20025,62.05%, 79.15%, 17.11%, 1.38%
20027,53.01%, 75.64%, 22.63%, 1.74%
20029,48.79%, 72.79%, 24.00%, 0.59%
20031,51.33%, 74.32%, 22.99%, 0.61%
20033,67.24%, 82.65%, 15.41%, 1.94%
20035,29.60%, 63.58%, 33.98%, 2.44%
20037,5.86%, 51.25%, 45.39%, 1.24%
20039,62.14%, 79.50%, 17.36%, 0.39%
20041,47.40%, 72.52%, 25.12%, 2.36%
20043,44.43%, 70.94%, 26.51%, 2.56%
20045,24.48%, 35.91%, 60.39%, 1.37%
20047,54.95%, 76.46%, 21.52%, 2.02%
20049,56.10%, 76.63%, 20.53%, 0.51%
20051,45.60%, 71.70%, 26.10%, 2.20%
20053,45.28%, 71.17%, 25.88%, 0.74%
20055,38.94%, 68.46%, 29.52%, 2.01%
20057,35.90%, 66.99%, 31.09%, 1.91%
20059,29.94%, 63.55%, 33.61%, 0.83%
20061,13.26%, 55.73%, 42.47%, 1.80%
20063,71.73%, 84.45%, 12.73%, 2.82%
20065,59.70%, 78.81%, 19.10%, 2.09%
20067,58.76%, 78.53%, 19.77%, 1.69%
20069,65.32%, 81.87%, 16.55%, 1.58%
20071,64.18%, 81.04%, 16.87%, 2.09%
20073,52.38%, 74.89%, 22.52%, 0.57%
20075,60.43%, 79.02%, 18.59%, 2.39%
20077,50.61%, 73.63%, 23.02%, 0.88%
20079,22.49%, 60.08%, 37.59%, 2.33%
20081,67.62%, 83.02%, 15.40%, 1.58%
20083,65.00%, 81.89%, 16.89%, 1.23%
20085,29.24%, 63.42%, 34.18%, 2.39%
20087,23.09%, 60.24%, 37.15%, 0.52%
20089,67.20%, 82.50%, 15.30%, 2.20%
20091,17.40%, 57.58%, 40.18%, 2.23%
20093,59.81%, 79.15%, 19.34%, 1.52%
20095,51.50%, 74.19%, 22.69%, 0.96%
20097,71.07%, 85.31%, 14.25%, 0.44%
20099,20.22%, 59.00%, 38.78%, 2.21%
20101,61.10%, 79.63%, 18.53%, 1.83%
20103,19.60%, 58.65%, 39.05%, 2.30%
20105,59.07%, 78.56%, 19.49%, 1.96%
20107,44.93%, 71.12%, 26.19%, 2.69%
20109,68.81%, 83.41%, 14.59%, 2.00%
20111,11.44%, 54.48%, 43.04%, 2.48%
20113,41.44%, 69.49%, 28.05%, 2.46%
20115,46.29%, 71.90%, 25.61%, 2.50%
20117,36.16%, 66.94%, 30.78%, 2.28%
20119,68.46%, 83.56%, 15.10%, 1.35%
20121,34.64%, 66.36%, 31.72%, 1.93%
20123,58.79%, 78.48%, 19.70%, 1.82%
20125,41.31%, 69.50%, 28.20%, 2.30%
20127,41.18%, 69.20%, 28.02%, 2.77%
20129,69.09%, 83.88%, 14.79%, 1.33%
20131,58.30%, 78.19%, 19.90%, 1.91%
20133,34.29%, 65.93%, 31.64%, 2.44%
20135,68.63%, 83.73%, 15.10%, 1.18%
20137,63.66%, 80.77%, 17.12%, 2.11%
20139,31.26%, 64.10%, 32.84%, 0.64%
20141,62.84%, 80.47%, 17.63%, 1.90%
20143,59.22%, 78.25%, 19.02%, 0.51%
20145,42.87%, 70.40%, 27.53%, 2.07%
20147,68.34%, 83.24%, 14.89%, 1.87%
20149,47.15%, 71.78%, 24.63%, 1.55%
20151,47.12%, 72.90%, 25.78%, 1.32%
20153,71.54%, 84.70%, 13.16%, 2.15%
20155,31.25%, 64.36%, 33.11%, 2.53%
20157,61.69%, 79.45%, 17.76%, 2.79%
20159,47.95%, 72.70%, 24.75%, 2.55%
20161,11.99%, 54.53%, 42.54%, 0.61%
20163,68.17%, 82.85%, 14.67%, 2.48%
20165,50.89%, 74.27%, 23.38%, 2.36%
20167,61.25%, 79.78%, 18.53%, 1.69%
20169,31.63%, 64.38%, 32.75%, 0.52%
20171,70.71%, 84.21%, 13.50%, 2.29%
20173,18.88%, 58.23%, 39.35%, 2.41%
20175,41.09%, 69.88%, 28.79%, 1.33%
20177,1.05%, 49.38%, 48.33%, 2.29%
20179,73.47%, 85.99%, 12.52%, 1.49%
20181,53.34%, 75.33%, 22.00%, 2.67%
20183,62.58%, 80.28%, 17.70%, 2.03%
20185,53.34%, 75.31%, 21.97%, 2.72%
20187,60.87%, 79.71%, 18.84%, 1.45%
20189,73.60%, 85.99%, 12.39%, 1.62%
20191,39.40%, 68.48%, 29.08%, 2.44%
20193,63.04%, 80.25%, 17.21%, 2.53%
20195,61.43%, 79.86%, 18.43%, 1.71%
20197,40.96%, 69.05%, 28.10%, 2.85%
20199,81.58%, 90.10%, 8.52%, 1.38%
20201,62.03%, 80.17%, 18.14%, 1.70%
20203,67.27%, 83.18%, 15.91%, 0.91%
20205,54.00%, 76.00%, 22.01%, 1.99%
20207,45.27%, 71.53%, 26.26%, 2.21%
20209,36.95%, 30.45%, 67.40%, 2.15%
21001,55.01%, 76.86%, 21.84%, 1.30%
21003,47.55%, 73.01%, 25.46%, 1.52%
21005,33.98%, 66.10%, 32.12%, 1.77%
21007,37.43%, 67.96%, 30.53%, 1.51%
21009,33.33%, 65.92%, 32.59%, 1.48%
21011,12.25%, 55.19%, 42.94%, 1.87%
21013,51.71%, 75.16%, 23.45%, 1.38%
21015,38.65%, 68.41%, 29.76%, 1.83%
21017,20.41%, 59.22%, 38.81%, 1.97%
21019,16.32%, 57.14%, 40.82%, 2.04%
21021,26.12%, 62.26%, 36.14%, 1.61%
21023,27.29%, 62.78%, 35.49%, 1.73%
21025,35.06%, 66.25%, 31.19%, 2.56%
21027,27.61%, 63.06%, 35.45%, 1.49%
21029,35.67%, 67.04%, 31.38%, 1.58%
21031,47.89%, 73.44%, 25.55%, 1.01%
21033,35.02%, 66.62%, 31.60%, 1.77%
21035,27.36%, 62.63%, 35.28%, 2.09%
21037,22.80%, 60.33%, 37.53%, 2.13%
21039,41.43%, 70.06%, 28.64%, 1.30%
21041,10.05%, 54.32%, 44.27%, 1.41%
21043,21.28%, 59.26%, 37.98%, 2.76%
21045,62.68%, 80.51%, 17.83%, 1.66%
21047,23.79%, 61.38%, 37.59%, 1.04%
21049,30.51%, 64.42%, 33.91%, 1.67%
21051,68.60%, 83.65%, 15.05%, 1.30%
21053,64.12%, 81.24%, 17.12%, 1.64%
21055,48.75%, 73.66%, 24.91%, 1.43%
21057,56.66%, 77.65%, 20.99%, 1.37%
21059,21.11%, 59.62%, 38.51%, 1.87%
21061,39.80%, 69.24%, 29.43%, 1.33%
21063,2.50%, 46.94%, 49.44%, 3.63%
21065,46.16%, 72.32%, 26.16%, 1.52%
21067,1.02%, 48.30%, 49.32%, 2.38%
21069,32.32%, 65.38%, 33.05%, 1.57%
21071,33.92%, 65.71%, 31.79%, 2.51%
21073,0.81%, 48.61%, 49.43%, 1.96%
21075,16.24%, 57.44%, 41.19%, 1.37%
21077,16.99%, 57.43%, 40.44%, 2.12%
21079,51.56%, 75.03%, 23.47%, 1.50%
21081,33.16%, 65.80%, 32.64%, 1.56%
21083,39.68%, 69.01%, 29.33%, 1.66%
21085,39.48%, 69.08%, 29.60%, 1.33%
21087,50.84%, 74.84%, 23.99%, 1.17%
21089,18.64%, 58.38%, 39.73%, 1.89%
21091,9.17%, 53.51%, 44.34%, 2.15%
21093,20.76%, 59.56%, 38.79%, 1.65%
21095,64.01%, 81.19%, 17.17%, 1.64%
21097,29.11%, 63.60%, 34.50%, 1.90%
21099,29.81%, 64.29%, 34.48%, 1.24%
21101,11.84%, 55.29%, 43.45%, 1.26%
21103,21.40%, 59.79%, 38.39%, 1.82%
21105,34.83%, 66.90%, 32.07%, 1.03%
21107,39.93%, 69.21%, 29.29%, 1.50%
21109,74.16%, 86.25%, 12.09%, 1.66%
21111,11.09%, 43.60%, 54.69%, 1.71%
21113,39.90%, 68.98%, 29.08%, 1.93%
21115,59.46%, 78.53%, 19.07%, 2.40%
21117,24.33%, 61.13%, 36.81%, 2.06%
21119,47.60%, 72.55%, 24.94%, 2.51%
21121,53.90%, 76.28%, 22.38%, 1.34%
21123,37.79%, 67.85%, 30.07%, 2.08%
21125,63.58%, 81.00%, 17.43%, 1.57%
21127,44.26%, 71.44%, 27.18%, 1.38%
21129,52.69%, 75.37%, 22.68%, 1.94%
21131,80.88%, 89.62%, 8.74%, 1.64%
21133,58.34%, 77.77%, 19.43%, 2.80%
21135,41.60%, 69.74%, 28.14%, 2.12%
21137,41.89%, 70.10%, 28.21%, 1.68%
21139,38.64%, 68.48%, 29.84%, 1.68%
21141,32.64%, 65.64%, 33.01%, 1.35%
21143,27.06%, 62.83%, 35.76%, 1.41%
21145,32.46%, 65.40%, 32.94%, 1.67%
21147,61.24%, 79.97%, 18.73%, 1.30%
21149,30.31%, 64.40%, 34.10%, 1.50%
21151,28.86%, 63.41%, 34.55%, 2.05%
21153,39.91%, 69.12%, 29.21%, 1.67%
21155,5.22%, 51.93%, 46.71%, 1.37%
21157,34.23%, 66.17%, 31.95%, 1.88%
21159,68.15%, 83.16%, 15.01%, 1.83%
21161,23.33%, 60.99%, 37.67%, 1.34%
21163,22.76%, 60.52%, 37.76%, 1.72%
21165,16.78%, 57.12%, 40.34%, 2.54%
21167,38.78%, 68.62%, 29.84%, 1.54%
21169,29.90%, 63.96%, 34.06%, 1.98%
21171,59.54%, 79.27%, 19.72%, 1.01%
21173,26.32%, 62.43%, 36.11%, 1.45%
21175,36.94%, 67.55%, 30.61%, 1.83%
21177,23.48%, 60.93%, 37.45%, 1.62%
21179,16.52%, 57.59%, 41.07%, 1.34%
21181,24.60%, 61.33%, 36.73%, 1.94%
21183,36.11%, 67.07%, 30.97%, 1.96%
21185,36.60%, 67.52%, 30.92%, 1.56%
21187,32.26%, 65.20%, 32.94%, 1.87%
21189,63.04%, 80.95%, 17.91%, 1.14%
21191,30.66%, 64.26%, 33.59%, 2.15%
21193,58.52%, 78.51%, 19.99%, 1.50%
21195,50.53%, 74.42%, 23.89%, 1.69%
21197,25.57%, 61.73%, 36.15%, 2.12%
21199,60.52%, 79.66%, 19.14%, 1.20%
21201,25.56%, 61.93%, 36.36%, 1.71%
21203,63.24%, 80.89%, 17.65%, 1.46%
21205,7.79%, 52.64%, 44.85%, 2.50%
21207,61.97%, 80.24%, 18.27%, 1.49%
21209,25.02%, 61.63%, 36.61%, 1.76%
21211,27.63%, 63.17%, 35.55%, 1.28%
21213,24.04%, 61.40%, 37.36%, 1.24%
21215,37.68%, 67.92%, 30.23%, 1.85%
21217,38.96%, 68.96%, 30.00%, 1.04%
21219,39.08%, 68.82%, 29.74%, 1.44%
21221,35.67%, 67.04%, 31.37%, 1.59%
21223,21.96%, 60.20%, 38.24%, 1.55%
21225,33.67%, 66.15%, 32.48%, 1.37%
21227,21.82%, 60.10%, 38.28%, 1.63%
21229,34.99%, 66.97%, 31.98%, 1.05%
21231,47.63%, 73.36%, 25.73%, 0.92%
21233,33.67%, 65.94%, 32.27%, 1.79%
21235,57.75%, 78.27%, 20.52%, 1.20%
21237,22.12%, 60.26%, 38.14%, 1.60%
21239,18.94%, 58.54%, 39.60%, 1.87%
22001,49.83%, 74.27%, 24.45%, 1.28%
22003,41.67%, 69.79%, 28.12%, 2.10%
22005,34.28%, 66.29%, 32.01%, 1.70%
22007,12.09%, 55.34%, 43.25%, 1.41%
22009,26.97%, 62.65%, 35.68%, 1.67%
22011,58.24%, 78.12%, 19.88%, 2.00%
22013,2.10%, 50.55%, 48.45%, 1.00%
22015,45.37%, 72.05%, 26.68%, 1.27%
22017,5.00%, 46.94%, 51.93%, 1.13%
22019,28.74%, 63.44%, 34.70%, 1.86%
22021,55.64%, 77.18%, 21.54%, 1.27%
22023,76.18%, 87.07%, 10.90%, 2.03%
22025,31.86%, 65.44%, 33.58%, 0.98%
22027,9.43%, 54.20%, 44.77%, 1.02%
22029,17.24%, 58.10%, 40.86%, 1.03%
22031,13.79%, 56.34%, 42.55%, 1.11%
22033,5.23%, 46.57%, 51.80%, 1.63%
22035,24.20%, 37.62%, 61.83%, 0.55%
22037,7.34%, 52.87%, 45.53%, 1.61%
22039,30.76%, 64.56%, 33.80%, 1.64%
22041,36.13%, 67.42%, 31.29%, 1.30%
