id,margin,coolidge,davis,other,lafollette,hex_color
01001,66.56%, 15.30%, 81.87%,2.83%, 2.31%,2707d0
01003,23.96%, 27.76%, 51.72%,20.53%, 19.82%,463483
01005,86.26%, 5.33%, 91.59%,3.07%, 2.73%,0d07e9
01007,45.41%, 18.27%, 63.68%,18.049999999999997%, 17.47%,2e2ea2
01009,15.23%, 40.92%, 56.15%,2.94%, 2.78%,68078f
01011,97.80%,-, 98.83%,1.17%,-,0002fc
01013,74.21%, 7.54%, 83.33%,9.13%, 9.13%,1317d4
01015,40.48%, 27.17%, 67.65%,5.18%, 4.58%,450dac
01017,84.09%, 6.91%, 91.00%,2.09%, 2.04%,1105e8
01019,23.51%, 37.13%, 60.63%,2.24%,-,5e059a
01021,29.60%, 63.19%, 33.60%,3.21%, 2.97%,a10855
01023,95.98%,-, 97.80%,2.2%,-,0005f9
01025,85.16%, 6.77%, 91.93%,1.3%,-,1103ea
01027,21.75%, 38.13%, 59.88%,1.99%,-,610598
01029,5.44%, 51.18%, 45.74%,3.08%, 2.79%,820774
01031,65.50%, 16.61%, 82.11%,1.29%,-,2a03d1
01033,40.69%, 25.29%, 65.98%,8.74%, 8.30%,4016a8
01035,79.61%, 8.49%, 88.10%,3.41%, 2.86%,1508e0
01037,21.46%, 38.66%, 60.12%,1.22%,-,620399
01039,78.34%, 7.54%, 85.88%,6.57%, 6.38%,1310da
01041,79.65%, 9.41%, 89.06%,1.53%,-,1703e3
01043,4.68%, 45.11%, 49.79%,5.09%, 4.95%,730c7e
01045,56.90%, 20.61%, 77.52%,1.87%,-,3404c5
01047,85.87%, 2.36%, 91.76%,5.89%, 5.89%,060fe9
01049,6.70%, 53.35%, 46.65%,0.0%,-,880076
01051,65.19%, 16.43%, 81.62%,1.95%,-,2904d0
01053,75.00%, 10.70%, 85.70%,3.5900000000000003%, 3.24%,1b09da
01055,28.24%, 33.17%, 61.41%,5.42%, 4.82%,540d9c
01057,16.09%, 41.26%, 57.35%,1.39%,-,690392
01059,92.53%,-, 95.66%,4.33%, 3.13%,000bf3
01061,41.68%, 27.85%, 69.53%,2.63%, 2.28%,4706b1
01063,97.11%,-, 98.31%,1.69%,-,0004fa
01065,94.12%, 2.60%, 96.72%,0.68%,-,0601f6
01067,61.55%, 17.29%, 78.84%,3.86%, 3.57%,2c09c9
01069,72.14%, 11.72%, 83.87%,4.409999999999999%, 4.02%,1d0bd5
01071,35.68%, 30.42%, 66.11%,3.48%, 2.96%,4d08a8
01073,39.76%, 23.88%, 63.64%,12.49%, 11.81%,3c1fa2
01075,60.26%, 19.14%, 79.40%,1.46%,-,3003ca
01077,45.41%, 25.90%, 71.30%,2.8%, 2.52%,4207b5
01079,35.46%, 31.79%, 67.26%,0.95%,-,5102ab
01081,78.39%, 6.52%, 85.77%,7.71%, 7.38%,1013da
01083,78.95%, 8.40%, 87.35%,4.26%, 3.15%,150ade
01085,92.68%,-, 95.86%,4.140000000000001%, 3.18%,000af4
01087,83.19%, 8.15%, 91.34%,0.51%,-,1401e8
01089,69.53%, 14.23%, 83.76%,2.01%,-,2405d5
01091,97.07%,-, 98.42%,1.58%,-,0004fa
01093,98.18%,-, 99.05%,0.95%,-,0002fc
01095,20.55%, 38.75%, 59.31%,1.94%,-,620497
01097,36.37%, 28.54%, 64.91%,6.550000000000001%, 5.98%,4810a5
01099,94.26%,-, 96.09%,3.91%,-,0009f5
01101,80.27%, 4.62%, 87.70%,7.680000000000001%, 7.44%,0b13df
01103,55.05%, 16.53%, 71.58%,11.88%, 11.21%,2a1eb6
01105,93.58%, 2.59%, 96.17%,1.24%,-,0603f5
01107,76.40%, 11.05%, 87.45%,1.51%,-,1c03de
01109,95.75%,-, 97.34%,2.66%,-,0006f8
01111,31.88%, 33.43%, 65.32%,1.25%,-,5503a6
01113,85.36%, 2.70%, 91.33%,5.97%, 5.97%,060fe8
01115,5.34%, 50.64%, 45.30%,4.07%, 3.89%,810a73
01117,3.37%, 45.81%, 49.18%,5.0200000000000005%, 4.86%,740c7d
01119,91.52%, 3.17%, 94.68%,2.15%, 2.15%,0805f1
01121,45.69%, 26.04%, 71.72%,2.24%,-,4205b6
01123,99.42%,-, 99.59%,0.41%,-,0001fd
01125,76.83%, 8.97%, 85.80%,5.23%, 4.65%,160dda
01127,14.74%, 39.85%, 54.59%,5.5600000000000005%, 5.41%,650e8b
01129,81.86%, 8.11%, 89.97%,1.92%,-,1404e5
01131,96.25%,-, 97.81%,2.19%,-,0005f9
01133,24.83%, 61.02%, 36.19%,2.79%, 2.51%,9b075c
02013,0%,-,-,0.0%,-,000000
02016,0%,-,-,0.0%,-,000000
02020,0%,-,-,0.0%,-,000000
02050,0%,-,-,0.0%,-,000000
02060,0%,-,-,0.0%,-,000000
02068,0%,-,-,0.0%,-,000000
02070,0%,-,-,0.0%,-,000000
02090,0%,-,-,0.0%,-,000000
02100,0%,-,-,0.0%,-,000000
02105,0%,-,-,0.0%,-,000000
02110,0%,-,-,0.0%,-,000000
02122,0%,-,-,0.0%,-,000000
02130,0%,-,-,0.0%,-,000000
02150,0%,-,-,0.0%,-,000000
02164,0%,-,-,0.0%,-,000000
02170,0%,-,-,0.0%,-,000000
02180,0%,-,-,0.0%,-,000000
02185,0%,-,-,0.0%,-,000000
02188,0%,-,-,0.0%,-,000000
02195,0%,-,-,0.0%,-,000000
02198,0%,-,-,0.0%,-,000000
02220,0%,-,-,0.0%,-,000000
02230,0%,-,-,0.0%,-,000000
02240,0%,-,-,0.0%,-,000000
02261,0%,-,-,0.0%,-,000000
02270,0%,-,-,0.0%,-,000000
02275,0%,-,-,0.0%,-,000000
02282,0%,-,-,0.0%,-,000000
02290,0%,-,-,0.0%,-,000000
04001,5.63%, 48.51%, 42.88%,8.61%, 8.61%,7b156d
04003,2.23%, 38.27%, 36.04%,25.68%, 25.68%,61415b
04005,14.42%, 45.10%, 30.69%,24.21%, 24.21%,733d4e
04007,0.39%, 34.55%, 34.94%,30.51%, 30.51%,584d59
04009,17.91%, 33.17%, 51.08%,15.75%, 15.75%,542882
04011,27.00%, 29.97%, 56.97%,13.06%, 13.06%,4c2191
04012,0%,-,-,0.0%,-,000000
04013,6.04%, 44.66%, 38.63%,16.71%, 16.71%,712a62
04015,0.46%, 38.00%, 24.46%,37.54%, 37.54%,605f3e
04017,13.48%, 42.90%, 27.68%,29.42%, 29.42%,6d4b46
04019,11.44%, 42.17%, 30.74%,27.09%, 27.09%,6b454e
04021,3.31%, 40.86%, 37.55%,21.59%, 21.59%,68375f
04023,6.48%, 39.93%, 46.41%,13.66%, 13.66%,652276
04025,10.22%, 41.80%, 26.62%,31.58%, 31.58%,6a5043
04027,11.25%, 41.75%, 27.76%,30.5%, 30.50%,6a4d46
05001,21.04%, 36.15%, 57.19%,6.67%, 6.67%,5c1191
05003,32.87%, 30.69%, 63.55%,5.76%, 5.76%,4e0ea2
05005,30.73%, 27.29%, 58.02%,14.69%, 14.69%,452593
05007,13.54%, 37.04%, 50.58%,12.38%, 12.38%,5e1f80
05009,16.53%, 37.49%, 54.02%,8.48%, 8.48%,5f1589
05011,35.31%, 29.13%, 64.44%,6.43%, 6.43%,4a10a4
05013,54.09%, 20.13%, 74.23%,5.64%, 5.64%,330ebd
05015,17.91%, 38.39%, 56.30%,5.31%, 5.31%,610d8f
05017,36.48%, 30.95%, 67.43%,1.62%,-,4e04ab
05019,38.74%, 25.29%, 64.03%,10.68%, 10.68%,401ba3
05021,12.68%, 39.85%, 52.54%,7.61%, 7.61%,651385
05023,36.78%, 26.44%, 63.22%,10.33%, 10.33%,431aa1
05025,53.67%, 21.27%, 74.94%,3.79%, 3.79%,3609bf
05027,57.49%, 19.50%, 76.99%,3.51%, 3.51%,3108c4
05029,24.55%, 33.72%, 58.27%,8.01%, 8.01%,551494
05031,32.18%, 29.06%, 61.24%,9.7%, 9.70%,4a189c
05033,15.43%, 34.23%, 49.66%,16.12%, 16.12%,57297e
05035,80.09%, 8.81%, 88.90%,2.29%, 2.29%,1605e2
05037,47.53%, 21.08%, 68.61%,10.32%, 10.32%,351aae
05039,44.38%, 26.68%, 71.06%,2.26%, 2.26%,4405b5
05041,32.89%, 21.55%, 55.67%,22.78%, 22.78%,363a8d
05043,28.38%, 35.12%, 63.51%,1.37%,-,5903a1
05045,42.21%, 25.14%, 67.35%,7.5%, 7.50%,4013ab
05047,41.84%, 23.05%, 64.88%,12.07%, 12.07%,3a1ea5
05049,38.33%, 29.00%, 67.33%,3.67%, 3.67%,4909ab
05051,15.40%, 37.50%, 52.91%,9.59%, 9.59%,5f1886
05053,57.69%, 15.50%, 73.19%,11.31%, 11.31%,271cba
05055,35.76%, 23.57%, 59.33%,17.11%, 17.11%,3c2b97
05057,31.61%, 30.37%, 61.98%,7.65%, 7.65%,4d139e
05059,29.93%, 29.25%, 59.18%,11.57%, 11.57%,4a1d96
05061,42.13%, 23.12%, 65.25%,11.63%, 11.63%,3a1da6
05063,38.15%, 26.15%, 64.30%,9.55%, 9.55%,4218a3
05065,48.70%, 24.10%, 72.80%,3.1%, 3.10%,3d07b9
05067,43.93%, 25.44%, 69.37%,5.19%, 5.19%,400db0
05069,39.19%, 22.29%, 61.48%,16.24%, 16.24%,38299c
05071,45.67%, 19.78%, 65.46%,14.76%, 14.76%,3225a6
05073,40.33%, 24.53%, 64.86%,10.62%, 10.62%,3e1ba5
05075,38.01%, 23.18%, 61.19%,15.63%, 15.63%,3b279c
05077,29.77%, 35.00%, 64.77%,0.23%,-,5900a5
05079,53.25%, 23.04%, 76.29%,0.68%,-,3a01c2
05081,31.11%, 31.80%, 62.90%,5.3%, 5.30%,510da0
05083,17.79%, 32.06%, 49.85%,18.1%, 18.10%,512e7f
05085,47.66%, 23.87%, 71.52%,4.61%, 4.61%,3c0bb6
05087,2.67%, 46.85%, 49.52%,3.64%, 3.64%,77097e
05089,41.51%, 21.56%, 63.07%,15.37%, 15.37%,3627a0
05091,44.41%, 17.28%, 63.56%,19.16%, 19.16%,2c30a2
05093,47.24%, 24.86%, 72.10%,3.04%, 3.04%,3f07b7
05095,40.03%, 26.00%, 66.04%,7.96%, 7.96%,4214a8
05097,8.05%, 40.82%, 48.87%,10.32%, 10.32%,681a7c
05099,25.79%, 29.90%, 55.69%,14.41%, 14.41%,4c248e
05101,29.66%, 61.23%, 31.57%,7.2%, 7.20%,9c1250
05103,15.83%, 41.18%, 57.01%,1.82%,-,690491
05105,15.95%, 32.91%, 48.86%,18.23%, 18.23%,532e7c
05107,57.62%, 19.65%, 77.27%,3.07%, 3.07%,3207c5
05109,29.90%, 31.93%, 61.82%,6.25%, 6.25%,510f9d
05111,45.79%, 22.81%, 68.60%,8.59%, 8.59%,3a15ae
05113,22.65%, 31.49%, 54.14%,14.37%, 14.37%,50248a
05115,48.85%, 21.23%, 70.08%,8.69%, 8.69%,3616b2
05117,29.13%, 32.68%, 61.81%,5.5%, 5.50%,530e9d
05119,30.94%, 28.36%, 59.30%,12.34%, 12.34%,481f97
05121,31.71%, 32.20%, 63.91%,3.89%, 3.89%,5209a2
05123,36.74%, 29.52%, 66.26%,4.23%, 4.23%,4b0aa8
05125,59.34%, 13.65%, 72.99%,13.36%, 13.36%,2222ba
05127,20.57%, 33.24%, 53.81%,12.94%, 12.94%,542089
05129,28.92%, 60.33%, 31.42%,8.25%, 8.25%,991550
05131,19.41%, 33.13%, 52.54%,14.34%, 14.34%,542485
05133,44.35%, 18.28%, 63.03%,18.69%, 18.69%,2e2fa0
05135,52.16%, 21.11%, 73.27%,5.63%, 5.63%,350eba
05137,27.08%, 32.31%, 59.38%,8.31%, 8.31%,521597
05139,56.75%, 16.84%, 73.59%,9.58%, 9.58%,2a18bb
05141,33.73%, 30.12%, 63.85%,6.02%, 6.02%,4c0fa2
05143,19.96%, 35.90%, 55.87%,8.23%, 8.23%,5b148e
05145,32.99%, 27.69%, 60.69%,11.62%, 11.62%,461d9a
05147,48.52%, 24.26%, 72.78%,2.96%, 2.96%,3d07b9
05149,56.19%, 19.15%, 75.34%,5.5%, 5.50%,300ec0
06001,30.21%, 61.48%, 6.05%,32.46%, 31.27%,9c520f
06003,79.66%, 88.14%, 8.47%,3.39%,-,e00815
06005,3.68%, 38.93%, 17.11%,43.96%, 42.61%,63702b
06007,1.93%, 42.25%, 12.52%,45.23%, 44.18%,6b731f
06009,4.66%, 39.44%, 15.06%,45.5%, 44.10%,647426
06011,9.26%, 43.84%, 19.25%,34.58%, 34.58%,6f5831
06013,17.08%, 54.67%, 6.72%,38.61%, 37.60%,8b6211
06015,20.66%, 52.63%, 12.12%,31.98%, 31.98%,86511e
06017,29.99%, 28.49%, 12.07%,59.449999999999996%, 58.48%,48971e
06019,2.25%, 44.01%, 12.98%,43.019999999999996%, 41.76%,706d21
06021,3.54%, 44.84%, 11.40%,41.3%, 41.30%,72691d
06023,21.99%, 56.82%, 7.09%,36.089999999999996%, 34.83%,905c12
06025,13.18%, 50.28%, 11.04%,38.68000000000001%, 37.09%,80621c
06027,8.55%, 47.52%, 12.81%,39.67%, 38.97%,796520
06029,10.08%, 46.08%, 16.84%,37.09%, 36.00%,755e2a
06031,21.35%, 50.00%, 19.72%,30.29%, 28.65%,7f4d32
06033,7.74%, 44.94%, 14.75%,37.2%, 37.20%,725e25
06035,3.50%, 40.78%, 13.54%,45.69%, 44.28%,677422
06037,39.88%, 65.51%, 7.33%,27.16%, 25.63%,a74512
06039,0.11%, 42.66%, 12.65%,42.55%, 42.55%,6c6c20
06041,14.35%, 53.52%, 6.07%,40.410000000000004%, 39.17%,88670f
06043,1.40%, 40.23%, 19.65%,40.12%, 38.83%,666632
06045,26.32%, 56.46%, 12.04%,31.5%, 30.15%,8f501e
06047,18.85%, 52.94%, 10.52%,34.09%, 34.09%,86561a
06049,11.00%, 43.72%, 22.37%,33.92%, 32.72%,6f5639
06051,21.94%, 53.55%, 14.52%,31.93%, 31.61%,885125
06053,34.87%, 61.07%, 11.41%,27.53%, 26.20%,9b461d
06055,20.80%, 54.82%, 10.19%,34.99%, 34.02%,8b5919
06057,4.72%, 42.23%, 8.57%,46.94%, 46.94%,6b7715
06059,45.43%, 67.35%, 8.68%,21.92%, 21.92%,ab3716
06061,18.35%, 36.63%, 6.52%,56.849999999999994%, 54.98%,5d9010
06063,22.88%, 32.92%, 10.62%,56.45%, 55.81%,538f1b
06065,34.90%, 61.99%, 8.49%,27.09%, 27.09%,9e4515
06067,9.72%, 41.08%, 7.01%,51.91%, 50.80%,688411
06069,21.74%, 53.54%, 13.40%,33.06%, 31.80%,885422
06071,25.85%, 56.93%, 9.39%,31.08%, 31.08%,914f17
06073,5.45%, 48.99%, 6.35%,44.66%, 43.54%,7c7110
06075,3.01%, 47.75%, 6.37%,45.88%, 44.74%,797410
06077,9.60%, 48.91%, 10.60%,40.489999999999995%, 39.30%,7c671b
06079,9.57%, 49.01%, 9.42%,39.44%, 39.44%,7c6418
06081,16.54%, 55.27%, 5.24%,39.48%, 38.73%,8c640d
06083,39.97%, 64.69%, 9.33%,25.99%, 24.72%,a44217
06085,24.83%, 58.02%, 7.41%,34.57%, 33.19%,935812
06087,32.04%, 60.84%, 9.02%,30.14%, 28.80%,9b4c17
06089,2.11%, 41.95%, 12.86%,45.2%, 44.06%,6a7320
06091,10.44%, 38.93%, 10.30%,50.779999999999994%, 49.37%,63811a
06093,6.78%, 40.58%, 9.73%,47.36%, 47.36%,677818
06095,6.62%, 48.00%, 9.61%,42.39%, 41.39%,7a6c18
06097,23.88%, 56.00%, 10.38%,33.629999999999995%, 32.12%,8e551a
06099,25.87%, 56.86%, 9.57%,30.99%, 30.99%,904f18
06101,12.29%, 49.92%, 11.33%,38.75%, 37.64%,7f621c
06103,6.53%, 45.97%, 11.50%,39.44%, 39.44%,75641d
06105,8.47%, 36.48%, 16.72%,46.800000000000004%, 44.95%,5d772a
06107,21.31%, 50.79%, 18.34%,30.869999999999997%, 29.47%,814e2e
06109,1.34%, 43.03%, 11.94%,45.04%, 44.37%,6d721e
06111,41.99%, 65.16%, 10.41%,24.44%, 23.18%,a63e1a
06113,6.85%, 45.35%, 14.63%,40.02%, 38.50%,736625
06115,7.43%, 45.88%, 11.26%,39.64%, 38.45%,74651c
08001,33.10%, 56.33%, 23.24%,20.43%, 19.72%,8f343b
08003,6.76%, 40.59%, 25.14%,34.269999999999996%, 33.83%,675740
08005,46.03%, 64.23%, 18.20%,17.57%, 17.18%,a32c2e
08007,12.91%, 43.12%, 25.72%,31.17%, 30.21%,6d4f41
08009,20.53%, 46.35%, 25.78%,27.87%, 25.82%,764741
08011,25.33%, 54.14%, 28.81%,17.05%, 16.55%,8a2b49
08013,33.43%, 58.75%, 25.32%,15.93%, 15.53%,952840
08014,0%,-,-,0.0%,-,000000
08015,7.15%, 43.40%, 19.88%,36.71%, 36.26%,6e5d32
08017,27.05%, 55.70%, 15.02%,29.28%, 28.64%,8e4a26
08019,37.53%, 61.87%, 24.34%,13.79%, 13.45%,9d233e
08021,18.28%, 56.17%, 37.89%,5.94%, 5.79%,8f0f60
08023,5.77%, 48.37%, 42.60%,9.040000000000001%, 8.14%,7b176c
08025,19.41%, 50.23%, 30.82%,18.950000000000003%, 18.35%,80304e
08027,15.32%, 44.41%, 29.09%,26.509999999999998%, 25.47%,71434a
08029,27.79%, 54.36%, 26.57%,19.08%, 18.31%,8a3043
08031,44.24%, 63.44%, 16.93%,19.64%, 19.20%,a1322b
08033,7.17%, 21.30%, 35.20%,43.5%, 42.38%,366e59
08035,30.98%, 55.34%, 24.36%,20.29%, 19.91%,8d333e
08037,16.18%, 44.43%, 26.52%,29.05%, 28.25%,714a43
08039,30.22%, 54.97%, 19.48%,25.56%, 24.75%,8c4131
08041,33.12%, 55.69%, 22.57%,21.75%, 21.19%,8e3739
08043,39.75%, 61.13%, 21.37%,17.5%, 16.95%,9b2c36
08045,26.96%, 51.27%, 24.31%,24.42%, 23.78%,823e3d
08047,30.35%, 54.78%, 24.43%,20.79%, 20.49%,8b353e
08049,29.74%, 54.31%, 24.56%,21.13%, 20.97%,8a353e
08051,13.67%, 44.70%, 23.82%,31.48%, 31.04%,71503c
08053,21.38%, 50.00%, 28.62%,21.369999999999997%, 20.65%,7f3648
08055,20.08%, 49.08%, 21.49%,29.42%, 29.00%,7d4b36
08057,48.38%, 67.35%, 18.97%,13.67%, 12.82%,ab2230
08059,44.26%, 63.69%, 16.63%,19.680000000000003%, 19.42%,a2322a
08061,20.59%, 47.49%, 25.43%,27.08%, 26.90%,794540
08063,39.65%, 60.21%, 20.57%,19.220000000000002%, 18.42%,993134
08065,13.35%, 43.00%, 26.23%,30.759999999999998%, 29.65%,6d4e42
08067,1.12%, 35.13%, 36.25%,28.630000000000003%, 28.10%,59495c
08069,46.57%, 66.65%, 20.08%,13.270000000000001%, 12.46%,a92133
08071,21.40%, 48.68%, 23.56%,27.77%, 27.28%,7c463c
08073,30.91%, 54.70%, 21.12%,24.18%, 23.78%,8b3d35
08075,29.01%, 55.60%, 16.95%,27.45%, 26.59%,8d452b
08077,18.32%, 45.53%, 26.83%,27.650000000000002%, 27.21%,744644
08079,15.03%, 46.01%, 30.98%,23.0%, 22.39%,753a4e
08081,18.19%, 50.70%, 32.51%,16.779999999999998%, 16.58%,812a52
08083,0.89%, 34.58%, 35.46%,29.96%, 29.27%,584c5a
08085,18.49%, 45.82%, 27.33%,26.84%, 26.16%,744445
08087,54.04%, 69.99%, 15.95%,14.05%, 13.40%,b22328
08089,34.75%, 59.19%, 24.44%,16.37%, 15.46%,96293e
08091,12.72%, 44.28%, 23.42%,32.29%, 31.56%,70523b
08093,29.25%, 56.12%, 26.87%,17.01%, 15.05%,8f2b44
08095,17.89%, 49.61%, 18.30%,32.089999999999996%, 31.72%,7e512e
08097,16.68%, 47.27%, 21.82%,30.91%, 30.59%,784e37
08099,35.15%, 59.21%, 24.06%,16.720000000000002%, 15.80%,962a3d
08101,28.29%, 52.86%, 24.57%,22.56%, 22.02%,86393e
08103,28.51%, 60.84%, 32.33%,6.83%, 6.27%,9b1152
08105,22.12%, 53.51%, 31.38%,15.11%, 14.19%,882650
08107,20.73%, 53.51%, 32.78%,13.719999999999999%, 13.19%,882253
08109,29.72%, 58.33%, 28.61%,13.07%, 12.44%,942148
08111,2.19%, 39.78%, 37.59%,22.63%, 22.63%,65395f
08113,7.09%, 43.62%, 36.53%,19.849999999999998%, 18.56%,6f325d
08115,27.15%, 51.97%, 24.82%,23.21%, 22.48%,843b3f
08117,15.17%, 47.52%, 32.35%,20.139999999999997%, 19.33%,793352
08119,20.68%, 48.78%, 22.51%,28.71%, 28.10%,7c4939
08121,30.17%, 54.27%, 21.11%,24.630000000000003%, 24.10%,8a3e35
08123,41.72%, 62.68%, 20.96%,16.36%, 15.78%,9f2935
08125,34.28%, 57.91%, 17.96%,24.13%, 23.63%,933d2d
09001,44.76%, 66.22%, 21.47%,12.31%, 11.91%,a81f36
09003,33.54%, 61.93%, 28.39%,9.68%, 9.28%,9d1848
09005,35.05%, 61.35%, 26.30%,12.35%, 12.25%,9c1f43
09007,37.36%, 65.22%, 27.87%,6.91%, 6.76%,a61147
09009,27.32%, 57.40%, 30.08%,12.52%, 12.11%,921f4c
09011,32.84%, 62.34%, 29.50%,8.15%, 7.98%,9e144b
09013,35.27%, 62.29%, 27.02%,10.68%, 10.31%,9e1b44
09015,25.23%, 59.64%, 34.42%,5.94%, 5.86%,980f57
10001,0.30%, 49.17%, 49.47%,1.37%,-,7d037e
10003,30.40%, 61.24%, 30.84%,7.92%, 7.89%,9c144e
10005,7.64%, 53.23%, 45.59%,1.18%,-,870374
11001,0%,-,-,0.0%,-,000000
12001,52.51%, 18.90%, 71.40%,9.700000000000001%, 6.23%,3018b6
12003,24.01%, 32.72%, 56.73%,8.45%, 6.60%,531590
12005,41.67%, 25.48%, 67.15%,4.41%, 3.61%,400bab
12007,67.42%, 14.24%, 81.67%,4.1%, 2.58%,240ad0
12009,23.72%, 34.22%, 57.94%,7.84%, 5.85%,571393
12011,1.43%, 41.45%, 42.87%,8.76%, 8.76%,69166d
12013,67.44%, 10.79%, 78.23%,7.52%, 7.13%,1b13c7
12015,28.79%, 31.21%, 60.00%,6.36%, 5.61%,4f1099
12017,74.06%, 5.94%, 83.76%,10.29%, 9.70%,0f1ad5
12019,28.33%, 28.84%, 57.17%,13.99%, 11.97%,492391
12021,73.89%, 8.33%, 82.22%,3.34%, 2.78%,1508d1
12023,72.66%, 8.94%, 81.60%,6.94%, 6.41%,1611d0
12027,44.92%, 25.14%, 70.05%,1.64%,-,4004b2
12029,89.01%, 5.13%, 94.14%,0.73%,-,0d01f0
12031,23.00%, 28.93%, 51.93%,10.64%, 10.64%,491b84
12033,23.40%, 29.34%, 52.74%,15.31%, 14.16%,4a2786
12035,34.14%, 20.16%, 54.30%,17.47%, 17.47%,332c8a
12037,56.51%, 20.00%, 76.51%,3.49%, 2.94%,3308c3
12039,76.81%, 5.86%, 84.91%,9.219999999999999%, 8.10%,0e17d8
12041,0%,-,-,0.0%,-,000000
12043,37.18%, 23.92%, 61.10%,7.2%, 7.20%,3c129b
12045,0%,-,-,0.0%,-,000000
12047,57.91%, 17.40%, 75.30%,7.289999999999999%, 4.01%,2c12c0
12049,45.58%, 22.66%, 68.24%,6.6899999999999995%, 5.75%,3911ae
12051,64.53%, 12.21%, 76.74%,7.5600000000000005%, 6.40%,1f13c3
12053,60.10%, 14.71%, 74.81%,10.48%, 8.98%,251abe
12055,24.18%, 33.38%, 57.56%,9.06%, 7.30%,551792
12057,40.18%, 22.08%, 62.26%,10.65%, 10.65%,381b9e
12059,23.87%, 32.03%, 55.90%,12.059999999999999%, 9.94%,511e8e
12061,0%,-,-,0.0%,-,000000
12063,66.17%, 14.59%, 80.76%,4.65%, 3.74%,250bcd
12065,73.42%, 9.69%, 83.11%,7.1899999999999995%, 6.31%,1812d3
12067,80.05%, 8.13%, 88.18%,3.7%, 2.71%,1409e0
12069,16.65%, 36.46%, 53.12%,6.08%, 6.08%,5c0f87
12071,18.06%, 34.03%, 52.10%,4.93%, 4.93%,560c84
12073,77.03%, 8.29%, 85.32%,6.390000000000001%, 3.96%,1510d9
12075,37.99%, 26.23%, 64.22%,9.56%, 6.74%,4218a3
12077,78.13%, 8.04%, 86.16%,5.8%, 4.46%,140edb
12079,85.67%, 3.88%, 90.73%,5.3999999999999995%, 5.06%,090de7
12081,22.50%, 32.54%, 55.04%,12.41%, 9.36%,521f8c
12083,56.17%, 17.25%, 73.43%,5.67%, 4.52%,2b0ebb
12085,0%,-,-,0.0%,-,000000
12086,2.87%, 26.01%, 32.83%,11.21%, 9.58%,421c53
12087,46.51%, 21.27%, 67.78%,10.96%, 9.17%,361bac
12089,66.80%, 13.86%, 80.65%,5.49%, 4.18%,230dcd
12091,48.16%, 19.20%, 67.37%,9.340000000000002%, 8.71%,3017ab
12093,45.96%, 20.96%, 66.91%,8.09%, 6.99%,3514aa
12095,5.60%, 40.24%, 45.84%,5.26%, 5.26%,660d74
12097,16.75%, 33.45%, 50.20%,3.69%, 3.69%,550980
12099,4.89%, 46.14%, 41.25%,10.02%, 10.02%,751969
12101,21.15%, 32.42%, 53.57%,11.06%, 9.82%,521c88
12103,3.95%, 47.53%, 43.57%,6.39%, 5.00%,79106f
12105,29.08%, 28.89%, 57.97%,9.91%, 8.70%,491993
12107,19.28%, 35.13%, 54.41%,5.45%, 5.45%,590d8a
12109,26.86%, 27.44%, 54.30%,9.93%, 9.93%,45198a
12111,13.96%, 36.95%, 50.92%,12.13%, 10.58%,5e1e81
12113,47.30%, 23.34%, 70.64%,6.01%, 3.87%,3b0fb4
12115,3.68%, 40.48%, 44.16%,11.47%, 10.17%,671d70
12117,36.13%, 23.46%, 59.58%,16.96%, 15.95%,3b2b97
12119,55.01%, 15.93%, 70.94%,13.129999999999999%, 10.77%,2821b4
12121,74.14%, 9.50%, 83.65%,6.8500000000000005%, 5.99%,1811d5
12123,61.84%, 16.45%, 78.29%,2.14%,-,2905c7
12125,87.93%, 4.60%, 92.53%,2.8699999999999997%, 2.01%,0b07eb
12127,10.29%, 40.83%, 51.11%,8.06%, 5.11%,681482
12129,76.61%, 8.74%, 85.35%,5.92%, 3.86%,160fd9
12131,51.62%, 18.77%, 70.39%,4.78%, 4.78%,2f0cb3
12133,42.79%, 24.76%, 67.55%,5.17%, 4.45%,3f0dac
13001,65.37%, 17.12%, 82.49%,0.39%,-,2b00d2
13003,84.63%, 5.73%, 90.37%,3.9%, 3.90%,0e09e6
13005,83.60%, 7.49%, 91.09%,1.42%,-,1303e8
13007,82.05%, 7.69%, 89.74%,2.56%, 2.56%,1306e4
13009,73.07%, 10.87%, 83.94%,5.18%, 5.18%,1b0dd6
13011,52.16%, 21.88%, 74.05%,4.07%, 4.07%,370abc
13013,43.04%, 11.55%, 65.75%,22.7%, 22.70%,1d39a7
13015,26.13%, 34.60%, 60.73%,4.67%, 4.67%,580b9a
13017,37.43%, 17.71%, 59.86%,22.43%, 22.43%,2d3998
13019,91.67%, 3.01%, 94.68%,2.31%, 2.31%,0705f1
13021,72.79%, 10.38%, 83.17%,6.45%, 6.45%,1a10d4
13023,85.43%, 5.19%, 90.62%,4.2%, 4.20%,0d0ae7
13025,73.84%, 3.23%, 85.30%,11.47%, 11.47%,081dd9
13027,79.56%, 9.69%, 89.25%,1.06%,-,1802e3
13029,89.90%, 4.33%, 94.23%,1.44%,-,0b03f0
13031,90.49%, 3.52%, 94.01%,2.47%, 2.47%,0806ef
13033,68.95%, 14.05%, 82.99%,2.96%, 2.96%,2307d3
13035,76.25%, 8.61%, 84.85%,6.54%, 6.54%,1510d8
13037,67.23%, 16.02%, 83.25%,0.73%,-,2801d4
13039,97.14%,-, 98.29%,1.71%,-,0004fa
13043,84.39%, 5.20%, 89.59%,5.2%, 5.20%,0d0de4
13045,49.57%, 20.72%, 70.29%,8.98%, 8.98%,3416b3
13047,44.96%, 25.97%, 70.92%,3.11%, 3.11%,4207b4
13049,73.60%, 11.24%, 84.83%,3.93%, 3.93%,1c0ad8
13051,49.44%, 20.42%, 69.86%,9.72%, 9.72%,3418b2
13053,85.46%, 6.17%, 91.63%,2.2%, 2.20%,0f05e9
13055,58.37%, 19.99%, 78.36%,1.65%,-,3204c7
13057,16.43%, 39.99%, 56.42%,3.59%, 3.59%,65098f
13059,67.90%, 14.35%, 82.26%,3.39%, 3.39%,2408d1
13061,58.91%, 15.41%, 74.32%,10.27%, 10.27%,271abd
13063,50.25%, 11.68%, 69.29%,19.04%, 19.04%,1d30b0
13065,82.26%, 4.91%, 88.68%,6.42%, 6.42%,0c10e2
13067,52.25%, 18.95%, 71.20%,9.84%, 9.84%,3019b5
13069,66.46%, 9.54%, 78.46%,12.0%, 12.00%,181ec8
13071,71.12%, 10.67%, 81.79%,7.54%, 7.54%,1b13d0
13073,55.33%, 15.67%, 71.00%,13.33%, 13.33%,2721b5
13075,78.83%, 7.57%, 86.40%,6.02%, 6.02%,130fdc
13077,84.42%, 6.00%, 90.42%,3.58%, 3.58%,0f09e6
13079,90.11%,-, 94.12%,5.88%, 4.01%,000ef0
13081,87.82%, 4.41%, 92.23%,3.36%, 3.36%,0b08eb
13083,59.92%, 16.06%, 75.98%,7.96%, 7.96%,2814c1
13085,2.75%, 48.35%, 51.10%,0.55%,-,7b0182
13087,52.71%, 16.38%, 69.09%,14.53%, 14.53%,2925b0
13089,52.05%, 18.20%, 70.26%,11.54%, 11.54%,2e1db3
13091,89.11%, 5.19%, 94.30%,0.51%,-,0d01f0
13093,85.56%, 7.06%, 92.62%,0.31%,-,1200ec
13095,68.34%, 12.71%, 81.05%,6.24%, 6.24%,200fce
13097,38.43%, 14.96%, 61.74%,23.3%, 23.30%,263b9d
13099,66.44%, 5.06%, 80.69%,14.25%, 14.25%,0c24cd
13101,95.15%, 2.22%, 97.37%,0.4%,-,0501f8
13103,73.40%, 9.61%, 83.00%,7.39%, 7.39%,1812d3
13105,64.72%, 5.59%, 79.56%,14.84%, 14.84%,0e25ca
13107,86.69%, 5.04%, 91.73%,3.23%, 3.23%,0c08e9
13109,92.87%, 2.54%, 95.41%,2.05%, 2.05%,0605f3
13111,20.90%, 60.40%, 39.49%,0.11%,-,9a0064
13113,66.56%, 7.43%, 79.57%,13.0%, 13.00%,1221ca
13115,55.76%, 18.05%, 73.81%,8.14%, 8.14%,2e14bc
13117,40.49%, 28.93%, 69.42%,1.65%,-,4904b1
13119,59.55%, 12.93%, 73.31%,13.76%, 13.76%,2023ba
13121,36.41%, 25.55%, 61.96%,12.49%, 12.49%,411f9d
13123,8.06%, 54.03%, 45.97%,0.0%,-,890075
13125,20.98%, 12.68%, 54.15%,33.17%, 33.17%,20548a
13127,33.92%, 29.18%, 63.09%,7.73%, 7.73%,4a13a0
13129,35.67%, 29.63%, 65.30%,5.07%, 5.07%,4b0ca6
13131,85.71%, 6.35%, 92.06%,1.59%,-,1004ea
13133,52.75%, 9.86%, 71.45%,18.69%, 18.69%,192fb6
13135,60.27%, 15.52%, 75.79%,8.7%, 8.70%,2716c1
13137,40.77%, 27.01%, 67.79%,5.2%, 5.20%,440dac
13139,59.47%, 15.57%, 75.04%,9.39%, 9.39%,2717bf
13141,81.17%, 7.14%, 88.31%,4.55%, 4.55%,120be1
13143,17.81%, 54.01%, 36.19%,9.8%, 9.80%,89185c
13145,80.66%, 3.87%, 88.39%,7.74%, 7.74%,0913e1
13147,59.27%, 5.82%, 76.72%,17.46%, 17.46%,0e2cc3
13149,79.13%, 9.49%, 88.62%,1.9%,-,1804e1
13151,73.81%, 7.42%, 83.19%,9.38%, 9.38%,1217d4
13153,89.88%, 4.39%, 94.27%,1.35%,-,0b03f0
13155,71.91%, 10.80%, 82.72%,6.48%, 6.48%,1b10d2
13157,70.10%, 11.70%, 81.80%,6.51%, 6.51%,1d10d0
13159,72.38%, 12.95%, 85.33%,1.71%,-,2104d9
13161,49.70%, 23.35%, 73.05%,3.59%, 3.59%,3b09ba
13163,58.50%, 15.10%, 73.61%,11.29%, 11.29%,261cbb
13165,73.33%, 6.67%, 83.33%,10.0%, 10.00%,1119d4
13167,63.16%, 14.18%, 77.34%,8.48%, 8.48%,2415c5
13169,87.58%, 5.87%, 93.45%,0.68%,-,0e01ee
13171,83.73%, 5.72%, 89.46%,4.82%, 4.82%,0e0ce4
13173,76.92%, 11.41%, 88.34%,0.25%,-,1d00e1
13175,77.44%, 9.31%, 86.76%,3.93%, 3.93%,170add
13177,76.73%, 9.39%, 86.12%,4.49%, 4.49%,170bdb
13179,69.95%, 9.38%, 80.29%,10.34%, 10.34%,171acc
13181,43.59%, 9.57%, 67.01%,23.42%, 23.42%,183baa
13183,80.32%, 3.37%, 88.48%,8.16%, 8.16%,0814e1
13185,85.55%, 4.71%, 90.42%,4.87%, 4.87%,0c0ce6
13187,51.46%, 23.22%, 74.69%,2.09%, 2.09%,3b05be
13189,1.96%, 6.61%, 47.68%,45.71%, 45.71%,107479
13191,47.98%, 25.43%, 73.41%,1.16%,-,4002bb
13193,79.60%, 6.93%, 86.53%,6.53%, 6.53%,1110dc
13195,55.83%, 17.64%, 73.47%,8.89%, 8.89%,2c16bb
13197,75.08%, 9.66%, 84.74%,5.61%, 5.61%,180ed8
13199,40.87%, 7.74%, 66.57%,25.69%, 25.69%,1341a9
13201,44.26%, 24.59%, 68.85%,6.56%, 6.56%,3e10af
13205,81.74%, 6.09%, 87.83%,6.09%, 6.09%,0f0fdf
13207,79.27%, 8.34%, 87.61%,4.04%, 4.04%,150adf
13209,58.72%, 19.21%, 77.92%,2.87%, 2.87%,3007c6
13211,61.46%, 16.41%, 77.86%,5.73%, 5.73%,290ec6
13213,11.10%, 42.33%, 53.43%,4.25%, 4.25%,6b0a88
13215,76.56%, 9.03%, 85.59%,5.38%, 5.38%,170dda
13217,60.74%, 14.63%, 75.37%,10.0%, 10.00%,2519c0
13219,56.07%, 11.89%, 72.09%,16.02%, 16.02%,1e28b7
13221,82.39%, 6.56%, 88.96%,4.48%, 4.48%,100be2
13223,4.44%, 40.95%, 45.40%,13.65%, 13.65%,682273
13225,0%,-,-,0.0%,-,000000
13227,20.71%, 60.25%, 39.54%,0.21%,-,990064
13229,62.67%, 16.57%, 79.24%,4.19%, 4.19%,2a0aca
13231,81.65%, 4.07%, 88.79%,7.14%, 7.14%,0a12e2
13233,22.35%, 33.38%, 55.73%,10.9%, 10.90%,551b8e
13235,83.94%, 5.89%, 89.84%,4.27%, 4.27%,0f0ae5
13237,96.15%,-, 97.65%,2.35%,-,0005f9
13239,86.67%, 5.33%, 92.00%,2.67%, 2.67%,0d06ea
13241,56.83%, 19.73%, 76.56%,3.71%, 3.71%,3209c3
13243,65.55%, 13.41%, 78.96%,7.62%, 7.62%,2213c9
13245,22.71%, 33.71%, 56.43%,9.86%, 9.86%,55198f
13247,81.57%, 5.53%, 88.02%,6.45%, 6.45%,0e10e0
13249,90.39%, 4.27%, 94.66%,1.07%,-,0a02f1
13251,46.55%, 25.15%, 71.70%,3.14%, 3.14%,4008b6
13253,72.24%, 9.80%, 82.04%,8.16%, 8.16%,1814d1
13255,82.32%, 5.28%, 88.52%,6.2%, 6.20%,0d0fe1
13257,80.63%, 6.68%, 87.31%,6.01%, 6.01%,110fde
13259,80.65%, 5.16%, 87.74%,7.1%, 7.10%,0d12df
13261,75.31%, 8.48%, 83.79%,7.73%, 7.73%,1513d5
13263,87.07%, 6.27%, 93.35%,0.38%,-,0f00ee
13265,57.00%,-, 77.82%,22.19%, 20.82%,0038c6
13267,72.32%, 5.02%, 83.65%,11.33%, 11.33%,0c1cd5
13269,56.38%, 19.75%, 76.13%,4.12%, 4.12%,320ac2
13271,63.63%, 15.03%, 78.66%,6.32%, 6.32%,2610c8
13273,84.05%, 6.47%, 90.52%,3.02%, 3.02%,1007e6
13275,79.63%, 7.86%, 87.49%,4.65%, 4.65%,140bdf
13277,81.01%, 5.55%, 87.73%,6.72%, 6.72%,0e11df
13279,74.60%, 8.47%, 83.07%,8.47%, 8.47%,1515d3
13281,11.73%, 55.76%, 44.02%,0.22%,-,8e0070
13283,77.38%, 10.71%, 88.10%,1.19%,-,1b03e0
13285,74.64%, 9.80%, 84.44%,5.76%, 5.76%,180ed7
13287,32.09%, 30.97%, 63.06%,5.97%, 5.97%,4e0fa0
13289,77.78%, 8.02%, 85.80%,6.17%, 6.17%,140fda
13291,4.72%, 45.88%, 50.61%,3.51%, 3.51%,740881
13293,72.98%, 6.37%, 83.30%,10.33%, 10.33%,101ad4
13295,32.26%, 32.86%, 65.12%,2.02%, 2.02%,5305a6
13297,76.39%, 8.78%, 85.17%,6.05%, 6.05%,160fd9
13299,60.82%, 10.82%, 75.00%,14.18%, 14.18%,1b24bf
13301,40.05%, 9.30%, 65.37%,25.32%, 25.32%,1740a6
13303,65.08%, 13.47%, 78.55%,7.98%, 7.98%,2214c8
13305,69.18%, 6.56%, 81.31%,12.13%, 12.13%,101ecf
13307,81.25%, 6.25%, 87.50%,6.25%, 6.25%,0f0fdf
13309,77.68%,-, 88.84%,11.16%, 11.16%,001ce2
13311,48.92%, 24.31%, 73.23%,2.46%, 2.46%,3d06ba
13313,28.46%, 33.47%, 61.92%,4.61%, 4.61%,550b9d
13315,80.20%, 4.29%, 87.96%,7.76%, 7.76%,0a13e0
13317,59.63%, 4.09%, 77.77%,18.14%, 18.14%,0a2ec6
13319,64.59%, 15.86%, 80.45%,3.68%, 3.68%,2809cd
13321,74.01%, 5.47%, 84.27%,10.26%, 10.26%,0d1ad6
15001,0%,-,-,0.0%,-,000000
15003,0%,-,-,0.0%,-,000000
15005,0%,-,-,0.0%,-,000000
15007,0%,-,-,0.0%,-,000000
15009,0%,-,-,0.0%,-,000000
16001,25.95%, 54.47%, 17.01%,28.52%, 28.52%,8a482b
16003,5.31%, 42.24%, 20.82%,36.94%, 36.94%,6b5e35
16005,6.03%, 44.99%, 16.05%,38.96%, 38.96%,726328
16007,24.55%, 54.19%, 29.63%,16.18%, 16.18%,8a294b
16009,6.86%, 46.98%, 12.90%,40.12%, 40.12%,776620
16011,20.72%, 53.45%, 13.82%,32.73%, 32.73%,885323
16013,10.74%, 41.59%, 30.85%,27.56%, 27.56%,6a464e
16015,7.98%, 43.02%, 21.95%,35.03%, 35.03%,6d5937
16017,6.89%, 40.19%, 12.73%,47.08%, 47.08%,667820
16019,15.27%, 53.62%, 8.02%,38.35%, 38.35%,886114
16021,7.76%, 46.97%, 13.82%,39.21%, 39.21%,776323
16023,14.06%, 46.01%, 22.05%,31.95%, 31.95%,755138
16025,11.86%, 35.26%, 17.63%,47.11%, 47.11%,59782c
16027,13.50%, 38.40%, 9.70%,51.9%, 51.90%,618418
16029,34.72%, 58.80%, 17.13%,24.07%, 24.07%,953d2b
16031,17.80%, 52.01%, 13.78%,34.21%, 34.21%,845723
16033,44.96%, 69.47%, 6.02%,24.51%, 24.51%,b13e0f
16035,11.09%, 47.47%, 16.16%,36.38%, 36.38%,795c29
16037,15.02%, 45.99%, 30.97%,23.03%, 23.03%,753a4e
16039,5.64%, 38.01%, 18.35%,43.64%, 43.64%,606f2e
16041,24.31%, 51.87%, 20.58%,27.55%, 27.55%,844634
16043,5.04%, 45.30%, 14.45%,40.26%, 40.26%,736624
16045,2.74%, 41.31%, 14.64%,44.05%, 44.05%,697025
16047,8.32%, 45.42%, 17.47%,37.1%, 37.10%,735e2c
16049,1.85%, 38.17%, 21.81%,40.02%, 40.02%,616637
16051,11.11%, 50.07%, 10.96%,38.96%, 38.96%,7f631b
16053,9.25%, 46.76%, 15.74%,37.51%, 37.51%,775f28
16055,0.45%, 44.84%, 10.77%,44.39%, 44.39%,72711b
16057,18.90%, 52.28%, 14.35%,33.37%, 33.37%,855524
16059,30.47%, 54.38%, 23.92%,21.7%, 21.70%,8a373c
16061,5.14%, 32.44%, 29.99%,37.57%, 37.57%,525f4c
16063,20.82%, 54.36%, 12.10%,33.54%, 33.54%,8a551e
16065,30.46%, 53.82%, 22.83%,23.36%, 23.36%,893b3a
16067,12.37%, 39.92%, 7.79%,52.29%, 52.29%,658513
16069,7.69%, 42.42%, 22.85%,34.73%, 34.73%,6c583a
16071,9.36%, 42.81%, 23.73%,33.45%, 33.45%,6d553c
16073,6.93%, 36.53%, 20.01%,43.46%, 43.46%,5d6e33
16075,11.15%, 47.39%, 16.38%,36.23%, 36.23%,785c29
16077,4.16%, 43.13%, 17.89%,38.97%, 38.97%,6d632d
16079,16.08%, 51.02%, 14.04%,34.94%, 34.94%,825923
16081,26.97%, 55.70%, 15.58%,28.73%, 28.73%,8e4927
16083,20.17%, 51.04%, 18.09%,30.87%, 30.87%,824e2e
16085,1.00%, 40.57%, 17.86%,41.57%, 41.57%,676a2d
16087,4.44%, 41.33%, 21.77%,36.9%, 36.90%,695e37
17001,5.56%, 40.92%, 35.35%,23.729999999999997%, 23.33%,683c5a
17003,23.76%, 58.10%, 34.34%,7.56%, 7.46%,941357
17005,23.43%, 56.88%, 33.45%,9.680000000000001%, 9.13%,911855
17007,56.27%, 75.37%, 5.38%,19.25%, 19.11%,c0310d
17009,12.98%, 41.49%, 54.46%,4.05%, 3.52%,690a8a
17011,33.76%, 60.38%, 12.74%,26.89%, 26.62%,994420
17013,0.89%, 48.12%, 47.23%,4.66%, 4.24%,7a0b78
17015,30.18%, 60.93%, 8.06%,31.0%, 30.75%,9b4f14
17017,3.02%, 41.23%, 38.21%,20.56%, 20.32%,693461
17019,39.79%, 62.81%, 23.02%,14.17%, 13.89%,a0243a
17021,9.79%, 46.08%, 36.29%,17.64%, 17.07%,752c5c
17023,5.75%, 51.55%, 45.79%,2.6599999999999997%, 2.30%,830674
17025,6.43%, 49.60%, 43.17%,7.22%, 6.92%,7e126e
17027,19.11%, 29.69%, 21.32%,48.989999999999995%, 48.80%,4b7c36
17029,18.42%, 54.90%, 36.49%,8.610000000000001%, 8.39%,8b155d
17031,41.56%, 61.87%, 20.31%,17.82%, 17.61%,9d2d33
17033,6.44%, 51.25%, 44.81%,3.94%, 3.86%,820a72
17035,5.95%, 51.09%, 45.14%,3.77%, 3.60%,820973
17037,64.36%, 76.40%, 11.20%,12.389999999999999%, 12.03%,c21f1c
17039,27.51%, 58.77%, 31.27%,9.959999999999999%, 9.61%,95194f
17041,23.81%, 55.65%, 31.84%,12.5%, 12.02%,8d1f51
17043,53.97%, 72.81%, 8.15%,19.03%, 18.84%,b93014
17045,8.93%, 52.31%, 43.38%,4.300000000000001%, 4.15%,850a6e
17047,43.09%, 69.59%, 26.49%,3.92%, 3.54%,b10943
17049,8.12%, 39.18%, 47.30%,13.52%, 13.27%,632278
17051,3.31%, 48.43%, 45.13%,6.4399999999999995%, 6.06%,7b1073
17053,54.03%, 70.53%, 16.50%,12.97%, 12.82%,b3212a
17055,5.77%, 39.59%, 33.82%,26.580000000000002%, 25.14%,644356
17057,20.38%, 48.35%, 27.96%,23.7%, 23.16%,7b3c47
17059,12.96%, 39.16%, 52.12%,8.719999999999999%, 8.04%,631684
17061,12.63%, 39.73%, 52.35%,7.92%, 7.74%,651485
17063,39.17%, 63.97%, 10.94%,25.08%, 24.79%,a33f1b
17065,8.43%, 44.02%, 52.44%,3.54%, 3.31%,700985
17067,11.56%, 51.83%, 40.27%,7.8999999999999995%, 7.47%,841466
17069,0.71%, 49.06%, 48.34%,2.6%, 2.49%,7d067b
17071,52.54%, 72.87%, 20.32%,6.8%, 6.50%,b91133
17073,55.73%, 72.39%, 10.69%,16.919999999999998%, 16.65%,b82b1b
17075,44.39%, 64.07%, 19.68%,16.25%, 16.01%,a32932
17077,13.18%, 49.30%, 36.12%,14.57%, 14.16%,7d255c
17079,1.78%, 47.37%, 49.15%,3.48%, 3.14%,78087d
17081,7.02%, 44.57%, 51.59%,3.84%, 3.59%,710983
17083,4.75%, 44.44%, 49.19%,6.38%, 6.05%,71107d
17085,16.41%, 50.36%, 15.29%,34.35%, 33.95%,805726
17087,26.03%, 60.59%, 34.57%,4.84%, 4.62%,9a0c58
17089,61.13%, 76.34%, 8.21%,15.46%, 15.21%,c22714
17091,48.85%, 67.47%, 13.47%,19.06%, 18.61%,ac3022
17093,69.36%, 79.68%, 9.80%,10.52%, 10.32%,cb1a18
17095,45.35%, 65.89%, 13.30%,20.810000000000002%, 20.55%,a83521
17097,60.28%, 75.48%, 8.31%,16.2%, 15.20%,c02915
17099,38.77%, 60.47%, 17.55%,21.98%, 21.70%,9a382c
17101,5.63%, 51.50%, 45.87%,2.63%,-,830674
17103,49.73%, 69.36%, 19.63%,11.01%, 10.69%,b01c32
17105,45.15%, 64.53%, 19.37%,16.1%, 15.89%,a42931
17107,27.15%, 57.16%, 30.01%,12.83%, 12.44%,91204c
17109,28.35%, 60.99%, 32.63%,6.38%, 6.06%,9b1053
17111,45.23%, 67.24%, 10.54%,22.23%, 22.01%,ab381a
17113,32.87%, 55.95%, 23.07%,20.98%, 20.73%,8e353a
17115,35.81%, 60.22%, 24.40%,15.370000000000001%, 15.07%,99273e
17117,7.38%, 39.24%, 28.08%,32.67%, 31.86%,645347
17119,16.88%, 47.61%, 30.74%,21.650000000000002%, 21.42%,79374e
17121,8.38%, 44.01%, 35.63%,20.36%, 19.96%,70335a
17123,30.01%, 58.41%, 28.40%,13.190000000000001%, 12.73%,942148
17125,14.76%, 52.72%, 37.96%,9.309999999999999%, 9.04%,861760
17127,51.07%, 71.44%, 20.37%,8.19%, 7.75%,b61433
17129,18.73%, 56.18%, 37.45%,6.36%, 6.11%,8f105f
17131,47.65%, 68.30%, 20.66%,11.040000000000001%, 10.82%,ae1c34
17133,20.66%, 48.35%, 27.70%,23.95%, 23.73%,7b3d46
17135,14.14%, 47.26%, 33.12%,19.62%, 19.00%,783254
17137,16.86%, 55.40%, 38.54%,6.0600000000000005%, 5.91%,8d0f62
17139,10.58%, 53.10%, 42.52%,4.39%, 3.98%,870b6c
17141,56.97%, 71.61%, 13.48%,14.91%, 14.64%,b62622
17143,32.33%, 58.55%, 14.71%,26.73%, 26.22%,954425
17145,7.39%, 39.76%, 32.37%,27.87%, 27.30%,654752
17147,34.98%, 64.31%, 29.34%,6.3500000000000005%, 5.99%,a3104a
17149,3.98%, 45.59%, 49.57%,4.8500000000000005%, 4.40%,740c7e
17151,36.41%, 66.51%, 30.10%,3.38%, 3.26%,a9084c
17153,30.37%, 61.57%, 31.20%,7.23%, 7.16%,9d124f
17155,35.08%, 61.50%, 11.72%,26.78%, 26.42%,9c441d
17157,7.29%, 41.61%, 34.32%,24.07%, 23.81%,6a3d57
17159,5.41%, 50.07%, 44.66%,5.26%, 4.79%,7f0d71
17161,25.93%, 57.69%, 10.19%,32.13%, 31.76%,935119
17163,16.59%, 45.85%, 29.26%,24.89%, 24.45%,743f4a
17165,15.82%, 47.03%, 31.21%,21.759999999999998%, 21.20%,77374f
17167,23.77%, 51.58%, 27.81%,20.6%, 19.92%,833446
17169,2.22%, 46.21%, 48.43%,5.37%, 5.05%,750d7b
17171,5.28%, 50.49%, 45.21%,4.3100000000000005%, 4.08%,800a73
17173,2.92%, 48.13%, 45.21%,6.67%, 6.16%,7a1173
17175,50.42%, 71.07%, 20.65%,8.28%, 8.17%,b51534
17177,21.89%, 53.27%, 15.12%,31.61%, 31.38%,875026
17179,27.96%, 52.11%, 23.49%,24.41%, 24.15%,843e3b
17181,18.28%, 39.16%, 57.44%,3.4%, 3.28%,630892
17183,29.89%, 54.64%, 19.70%,25.66%, 24.75%,8b4132
17185,2.17%, 45.61%, 43.44%,10.940000000000001%, 10.48%,741b6e
17187,42.10%, 65.07%, 22.97%,11.959999999999999%, 11.53%,a51e3a
17189,28.30%, 56.43%, 28.13%,15.44%, 15.03%,8f2747
17191,7.37%, 52.70%, 45.34%,1.96%,-,860473
17193,7.06%, 44.71%, 51.77%,3.5100000000000002%, 3.29%,720884
17195,60.83%, 74.04%, 12.56%,13.4%, 13.21%,bc2220
17197,41.90%, 64.16%, 13.26%,22.59%, 22.26%,a33921
17199,15.70%, 45.27%, 29.57%,25.16%, 24.72%,73404b
17201,50.44%, 71.32%, 7.23%,21.439999999999998%, 20.88%,b53612
17203,32.98%, 57.48%, 24.49%,18.04%, 17.77%,922e3e
18001,12.04%, 41.34%, 53.38%,5.27%, 4.85%,690d88
18003,17.10%, 54.12%, 37.03%,8.85%, 8.35%,8a165e
18005,15.82%, 56.62%, 40.80%,2.59%, 2.33%,900668
18007,20.50%, 58.14%, 37.64%,4.22%, 3.86%,940a5f
18009,6.60%, 51.10%, 44.50%,4.3999999999999995%, 3.80%,820b71
18011,6.64%, 52.57%, 45.93%,1.5%,-,860375
18013,23.11%, 36.93%, 60.04%,3.03%, 2.30%,5e0799
18015,10.40%, 53.52%, 43.11%,3.37%, 2.99%,88086d
18017,26.22%, 55.89%, 29.67%,14.44%, 13.95%,8e244b
18019,6.31%, 51.70%, 45.38%,2.9200000000000004%, 2.74%,830773
18021,4.97%, 48.86%, 43.88%,7.26%, 6.92%,7c126f
18023,10.09%, 53.88%, 43.79%,2.33%,-,89056f
18025,10.49%, 43.08%, 53.57%,3.34%, 2.76%,6d0888
18027,6.95%, 51.42%, 44.46%,4.12%, 3.90%,830a71
18029,2.71%, 48.11%, 45.41%,6.4799999999999995%, 6.10%,7a1073
18031,8.79%, 52.94%, 44.15%,2.91%, 2.65%,860770
18033,17.57%, 54.63%, 37.05%,8.32%, 7.82%,8b155e
18035,28.20%, 61.74%, 33.55%,4.71%, 3.29%,9d0c55
18037,33.18%, 30.53%, 63.71%,5.76%, 5.68%,4d0ea2
18039,41.21%, 64.50%, 23.29%,12.209999999999999%, 11.54%,a41f3b
18041,27.57%, 62.16%, 34.58%,3.2600000000000002%, 2.87%,9e0858
18043,1.64%, 46.50%, 48.15%,5.359999999999999%, 5.10%,760d7a
18045,5.50%, 51.28%, 45.78%,2.9400000000000004%, 2.66%,820774
18047,8.34%, 44.43%, 52.78%,2.79%, 2.56%,710786
18049,13.92%, 55.53%, 41.61%,2.86%, 2.46%,8d076a
18051,6.65%, 49.62%, 42.98%,7.4%, 6.94%,7e126d
18053,20.16%, 55.10%, 34.95%,9.95%, 9.29%,8c1959
18055,4.85%, 45.93%, 41.09%,12.979999999999999%, 12.62%,752168
18057,31.99%, 64.91%, 32.92%,2.17%,-,a50553
18059,3.50%, 47.27%, 50.77%,1.95%,-,780481
18061,1.35%, 48.31%, 49.67%,2.02%,-,7b057e
18063,24.10%, 61.02%, 36.92%,2.05%,-,9b055e
18065,23.68%, 60.85%, 37.18%,1.97%,-,9b055e
18067,28.69%, 60.05%, 31.36%,8.6%, 7.93%,99154f
18069,13.35%, 51.42%, 38.07%,10.5%, 10.00%,831a61
18071,11.39%, 41.63%, 53.02%,5.3500000000000005%, 5.03%,6a0d87
18073,33.85%, 64.36%, 30.51%,5.13%, 4.92%,a40d4d
18075,8.64%, 52.83%, 44.19%,2.9800000000000004%, 2.47%,860770
18077,13.66%, 55.50%, 41.84%,2.6599999999999997%, 2.36%,8d066a
18079,12.04%, 54.41%, 42.36%,3.23%, 2.86%,8a086c
18081,2.61%, 50.77%, 48.16%,1.07%,-,81027a
18083,0.57%, 44.31%, 44.88%,10.809999999999999%, 10.36%,701b72
18085,20.83%, 58.33%, 37.50%,4.16%, 3.58%,940a5f
18087,31.15%, 63.34%, 32.20%,4.46%, 4.17%,a10b52
18089,41.84%, 64.61%, 22.76%,12.64%, 12.14%,a4203a
18091,33.70%, 61.22%, 27.52%,11.26%, 10.97%,9c1c46
18093,24.68%, 60.70%, 36.02%,3.28%, 3.07%,9a085b
18095,19.95%, 57.64%, 37.69%,4.68%, 4.01%,920b60
18097,22.15%, 59.13%, 36.98%,3.88%, 3.63%,96095e
18099,10.71%, 53.22%, 42.51%,4.27%, 3.75%,870a6c
18101,3.77%, 46.77%, 50.54%,2.69%, 2.54%,770680
18103,13.79%, 51.49%, 37.70%,10.809999999999999%, 10.11%,831b60
18105,13.77%, 55.22%, 41.45%,3.33%, 3.08%,8c0869
18107,18.59%, 58.52%, 39.93%,1.55%,-,950365
18109,13.42%, 55.58%, 42.17%,2.25%,-,8d056b
18111,26.38%, 60.37%, 33.99%,5.65%, 5.36%,990e56
18113,15.68%, 55.72%, 40.04%,4.24%, 3.83%,8e0a66
18115,3.28%, 46.98%, 50.26%,2.76%, 2.09%,770780
18117,14.37%, 56.04%, 41.66%,2.3%,-,8e056a
18119,0.78%, 47.41%, 48.19%,4.3999999999999995%, 4.06%,780b7a
18121,23.99%, 59.12%, 35.13%,5.75%, 5.03%,960e59
18123,8.96%, 44.30%, 53.25%,2.44%, 2.32%,700687
18125,3.53%, 48.78%, 45.25%,5.9799999999999995%, 5.55%,7c0f73
18127,47.96%, 67.76%, 19.80%,12.45%, 12.18%,ac1f32
18129,0.68%, 48.82%, 48.14%,3.0500000000000003%, 2.66%,7c077a
18131,15.59%, 55.03%, 39.44%,5.53%, 5.11%,8c0e64
18133,1.70%, 49.14%, 47.44%,3.42%, 3.25%,7d0878
18135,31.45%, 64.10%, 32.65%,3.24%, 2.27%,a30853
18137,4.56%, 49.02%, 44.45%,6.53%, 6.32%,7d1071
18139,26.71%, 62.58%, 35.87%,1.55%,-,9f035b
18141,21.00%, 57.65%, 36.65%,5.71%, 5.36%,930e5d
18143,8.50%, 44.59%, 53.08%,2.33%,-,710587
18145,5.32%, 51.52%, 46.20%,2.29%,-,830575
18147,0.15%, 48.59%, 48.75%,2.66%, 2.33%,7b067c
18149,17.61%, 53.00%, 35.39%,11.6%, 11.40%,871d5a
18151,41.25%, 68.52%, 27.27%,4.220000000000001%, 3.66%,ae0a45
18153,0.61%, 42.64%, 43.25%,14.11%, 13.36%,6c236e
18155,1.40%, 48.29%, 49.69%,2.02%,-,7b057e
18157,21.81%, 58.40%, 36.59%,5.010000000000001%, 4.69%,940c5d
18159,6.42%, 51.33%, 44.91%,3.7600000000000002%, 3.20%,820972
18161,19.20%, 58.77%, 39.57%,1.66%,-,950464
18163,18.61%, 55.29%, 36.68%,8.03%, 7.77%,8c145d
18165,18.72%, 49.14%, 30.42%,20.43%, 19.70%,7d344d
18167,17.66%, 52.74%, 35.08%,12.19%, 11.66%,861f59
18169,26.77%, 60.44%, 33.67%,5.890000000000001%, 5.07%,9a0f55
18171,43.26%, 69.66%, 26.39%,3.9499999999999997%, 3.65%,b10a43
18173,7.43%, 51.49%, 44.06%,4.44%, 3.98%,830b70
18175,6.17%, 46.37%, 52.55%,1.08%,-,760286
18177,27.44%, 59.75%, 32.31%,7.949999999999999%, 7.52%,981452
18179,6.91%, 44.92%, 51.83%,3.26%, 2.40%,720884
18181,16.84%, 56.36%, 39.52%,4.12%, 3.84%,8f0a64
18183,11.61%, 54.84%, 43.23%,1.94%,-,8b046e
19001,46.07%, 67.29%, 11.45%,21.25%, 21.22%,ab361d
19003,27.71%, 54.28%, 19.12%,26.599999999999998%, 26.58%,8a4330
19005,4.95%, 38.40%, 17.97%,43.63%, 43.34%,616f2d
19007,32.92%, 57.14%, 18.08%,24.779999999999998%, 24.22%,913f2e
19009,28.79%, 53.86%, 21.00%,25.14%, 25.07%,894035
19011,32.65%, 58.13%, 15.96%,25.92%, 25.48%,944228
19013,43.00%, 65.29%, 12.31%,22.400000000000002%, 22.28%,a6391f
19015,0.25%, 45.57%, 6.42%,45.38%, 45.32%,747310
19017,9.21%, 48.32%, 12.46%,39.22%, 39.11%,7b641f
19019,42.53%, 63.10%, 20.58%,16.32%, 16.29%,a02934
19021,14.31%, 52.38%, 9.39%,38.23%, 38.08%,856117
19023,29.64%, 59.57%, 10.39%,30.04%, 29.93%,974c1a
19025,17.66%, 53.21%, 10.77%,36.019999999999996%, 35.55%,875b1b
19027,4.93%, 41.06%, 22.80%,36.14%, 36.13%,685c3a
19029,50.83%, 68.70%, 13.20%,18.11%, 17.87%,af2e21
19031,40.91%, 60.74%, 19.41%,19.86%, 19.83%,9a3231
19033,27.26%, 58.85%, 9.41%,31.74%, 31.59%,965017
19035,19.56%, 52.29%, 14.59%,33.12%, 32.73%,855425
19037,16.71%, 46.50%, 23.63%,29.880000000000003%, 29.78%,764c3c
19039,20.36%, 52.48%, 15.27%,32.25%, 32.11%,855226
