id,margin,willkie,roosevelt,other,hex_color
01001,87.94%, 5.69%, 93.62%, 0.69%,0e01ee
01003,58.95%, 17.62%, 76.58%, 0.91%,2c02c3
01005,92.17%, 3.71%, 95.88%, 0.41%,0901f4
01007,81.91%, 8.60%, 90.51%, 0.89%,1502e6
01009,52.46%, 23.25%, 75.71%, 1.03%,3b02c1
01011,97.27%,-, 98.64%, 1.36%,0003fb
01013,96.13%,-, 97.99%, 2.01%,0005f9
01015,74.21%, 12.72%, 86.93%, 0.35%,2000dd
01017,94.58%, 2.58%, 97.16%, 0.26%,0600f7
01019,74.29%, 12.66%, 86.94%, 0.40%,2001dd
01021,15.81%, 41.99%, 57.80%, 0.21%,6b0093
01023,93.03%, 3.48%, 96.52%,-,0800f6
01025,97.45%,-, 98.71%, 1.29%,0003fb
01027,42.97%, 28.25%, 71.22%, 0.53%,4801b5
01029,51.71%, 24.00%, 75.72%, 0.28%,3d00c1
01031,87.77%, 6.12%, 93.88%,-,0f00ef
01033,83.12%, 8.35%, 91.47%, 0.18%,1500e9
01035,95.63%, 2.08%, 97.71%, 0.21%,0500f9
01037,61.42%, 18.90%, 80.32%, 0.78%,3001cc
01039,92.23%, 3.86%, 96.08%, 0.06%,0900f5
01041,93.62%, 3.03%, 96.65%, 0.32%,0700f6
01043,29.31%, 35.19%, 64.51%, 0.30%,5900a4
01045,74.23%, 12.80%, 87.03%, 0.17%,2000dd
01047,90.29%, 4.81%, 95.10%, 0.09%,0c00f2
01049,31.75%, 34.02%, 65.77%, 0.21%,5600a7
01051,93.28%, 3.26%, 96.54%, 0.20%,0800f6
01053,90.33%, 4.70%, 95.03%, 0.27%,0b00f2
01055,69.06%, 15.27%, 84.33%, 0.40%,2601d7
01057,47.54%, 25.88%, 73.42%, 0.70%,4101bb
01059,27.72%, 35.95%, 63.67%, 0.38%,5b00a2
01061,74.81%, 12.37%, 87.19%, 0.44%,1f01de
01063,84.14%, 7.93%, 92.07%,-,1400ea
01065,96.29%,-, 98.14%, 1.86%,0004fa
01067,93.11%, 3.40%, 96.50%, 0.10%,0800f6
01069,77.90%, 10.88%, 88.78%, 0.34%,1b00e2
01071,60.21%, 19.80%, 80.01%, 0.19%,3200cc
01073,69.08%, 15.26%, 84.34%, 0.40%,2601d7
01075,80.96%, 9.32%, 90.28%, 0.41%,1701e6
01077,81.31%, 9.04%, 90.35%, 0.61%,1701e6
01079,64.90%, 17.33%, 82.23%, 0.43%,2c01d1
01081,92.11%, 3.85%, 95.96%, 0.19%,0900f4
01083,93.46%, 3.12%, 96.58%, 0.30%,0700f6
01085,97.82%,-, 98.86%, 1.14%,0002fc
01087,93.62%, 3.15%, 96.77%, 0.08%,0800f6
01089,81.16%, 9.28%, 90.44%, 0.28%,1700e6
01091,93.97%, 2.97%, 96.94%, 0.08%,0700f7
01093,41.28%, 28.37%, 69.64%, 1.99%,4805b1
01095,63.58%, 17.98%, 81.55%, 0.47%,2d01cf
01097,71.10%, 13.99%, 85.08%, 0.93%,2302d8
01099,96.84%,-, 98.17%, 1.83%,0004fa
01101,95.75%,-, 97.74%, 2.26%,0005f9
01103,82.43%, 8.51%, 90.93%, 0.56%,1501e7
01105,94.66%, 2.51%, 97.17%, 0.32%,0600f7
01107,84.49%, 7.51%, 92.00%, 0.48%,1301ea
01109,92.13%, 3.81%, 95.94%, 0.25%,0900f4
01111,56.23%, 21.69%, 77.92%, 0.39%,3700c6
01113,96.02%,-, 97.95%, 2.05%,0005f9
01115,22.91%, 38.27%, 61.18%, 0.55%,61019c
01117,49.41%, 25.20%, 74.61%, 0.19%,4000be
01119,93.59%, 3.17%, 96.76%, 0.07%,0800f6
01121,76.04%, 11.84%, 87.88%, 0.29%,1e00e0
01123,93.54%, 3.11%, 96.65%, 0.25%,0700f6
01125,87.02%, 6.33%, 93.35%, 0.33%,1000ee
01127,49.34%, 25.18%, 74.52%, 0.30%,4000be
01129,91.61%, 4.04%, 95.65%, 0.30%,0a00f3
01131,97.43%,-, 98.71%, 1.29%,0003fb
01133,9.45%, 54.55%, 45.10%, 0.36%,8b0073
02013,0%,-,-,-,000000
02016,0%,-,-,-,000000
02020,0%,-,-,-,000000
02050,0%,-,-,-,000000
02060,0%,-,-,-,000000
02068,0%,-,-,-,000000
02070,0%,-,-,-,000000
02090,0%,-,-,-,000000
02100,0%,-,-,-,000000
02105,0%,-,-,-,000000
02110,0%,-,-,-,000000
02122,0%,-,-,-,000000
02130,0%,-,-,-,000000
02150,0%,-,-,-,000000
02164,0%,-,-,-,000000
02170,0%,-,-,-,000000
02180,0%,-,-,-,000000
02185,0%,-,-,-,000000
02188,0%,-,-,-,000000
02195,0%,-,-,-,000000
02198,0%,-,-,-,000000
02220,0%,-,-,-,000000
02230,0%,-,-,-,000000
02240,0%,-,-,-,000000
02261,0%,-,-,-,000000
02270,0%,-,-,-,000000
02275,0%,-,-,-,000000
02282,0%,-,-,-,000000
02290,0%,-,-,-,000000
04001,35.99%, 31.95%, 67.94%, 0.10%,5100ad
04003,46.68%, 26.53%, 73.21%, 0.27%,4300ba
04005,22.46%, 38.64%, 61.10%, 0.26%,62009b
04007,37.21%, 31.21%, 68.42%, 0.37%,4f00ae
04009,45.68%, 26.94%, 72.62%, 0.44%,4401b9
04011,55.51%, 22.08%, 77.60%, 0.32%,3800c5
04012,0%,-,-,-,000000
04013,21.43%, 38.93%, 60.36%, 0.71%,630199
04015,25.62%, 37.16%, 62.78%, 0.06%,5e00a0
04017,33.04%, 33.35%, 66.39%, 0.26%,5500a9
04019,19.48%, 40.09%, 59.57%, 0.35%,660097
04021,37.56%, 31.05%, 68.61%, 0.34%,4f00ae
04023,22.18%, 38.87%, 61.05%, 0.08%,63009b
04025,21.69%, 38.78%, 60.46%, 0.76%,62019a
04027,37.61%, 31.01%, 68.61%, 0.38%,4f00ae
05001,51.18%, 23.69%, 74.87%, 1.44%,3c03be
05003,81.61%, 9.10%, 90.71%, 0.20%,1700e7
05005,27.31%, 36.09%, 63.39%, 0.52%,5c01a1
05007,10.73%, 43.86%, 54.59%, 1.54%,6f038b
05009,44.20%, 27.40%, 71.59%, 1.01%,4502b6
05011,87.90%, 5.95%, 93.85%, 0.19%,0f00ef
05013,89.79%, 5.10%, 94.90%,-,0d00f1
05015,19.46%, 40.23%, 59.69%, 0.07%,660098
05017,81.54%, 9.17%, 90.71%, 0.11%,1700e7
05019,72.93%, 13.36%, 86.29%, 0.34%,2200dc
05021,23.28%, 37.03%, 60.31%,-,5e0099
05023,37.77%, 30.71%, 68.47%, 0.82%,4e02ae
05025,88.84%, 5.53%, 94.37%, 0.10%,0e00f0
05027,87.57%, 6.15%, 93.72%, 0.12%,0f00ee
05029,76.71%, 11.62%, 88.33%, 0.04%,1d00e1
05031,55.49%, 21.94%, 77.43%, 0.63%,3701c5
05033,38.40%, 29.81%, 68.21%, 1.98%,4c05ad
05035,92.84%, 3.53%, 96.37%, 0.10%,0900f5
05037,71.79%, 14.00%, 85.80%, 0.20%,2300da
05039,80.23%, 8.04%, 88.28%,-,1400e1
05041,80.21%, 9.57%, 89.78%, 0.66%,1801e4
05043,77.90%, 10.06%, 87.95%, 1.99%,1905e0
05045,65.75%, 16.93%, 82.68%, 0.39%,2b00d2
05047,66.70%, 16.60%, 83.30%, 0.10%,2a00d4
05049,42.69%, 28.15%, 70.84%, 1.01%,4702b4
05051,40.05%, 29.84%, 69.89%, 0.27%,4c00b2
05053,73.40%, 13.30%, 86.70%,-,2100dd
05055,62.52%, 18.65%, 81.17%, 0.18%,2f00ce
05057,74.30%, 12.85%, 87.15%,-,2000de
05059,56.29%, 21.74%, 78.03%, 0.23%,3700c6
05061,56.82%, 21.24%, 78.05%, 0.71%,3601c7
05063,41.86%, 28.82%, 70.68%, 0.50%,4901b4
05065,48.53%, 25.67%, 74.19%, 0.14%,4100bd
05067,70.05%, 14.54%, 84.59%, 0.88%,2502d7
05069,73.20%, 13.25%, 86.45%, 0.29%,2100dc
05071,63.27%, 18.11%, 81.38%, 0.51%,2e01cf
05073,77.67%, 10.35%, 88.02%, 1.63%,1a04e0
05075,48.57%, 25.36%, 73.93%, 0.71%,4001bc
05077,81.77%, 8.99%, 90.76%, 0.25%,1600e7
05079,79.71%, 9.66%, 89.37%, 0.98%,1802e3
05081,59.48%, 19.83%, 79.31%, 0.86%,3202ca
05083,45.33%, 27.34%, 72.66%,-,4500b9
05085,70.83%, 14.52%, 85.35%, 0.13%,2500d9
05087,2.07%, 48.91%, 50.97%, 0.12%,7c0081
05089,45.30%, 26.64%, 71.94%, 1.42%,4303b7
05091,68.24%, 15.64%, 83.88%, 0.47%,2701d5
05093,78.78%, 10.46%, 89.24%, 0.31%,1a00e3
05095,84.11%, 7.88%, 92.00%, 0.12%,1400ea
05097,43.19%, 28.23%, 71.42%, 0.35%,4700b6
05099,72.09%, 13.74%, 85.83%, 0.43%,2301da
05101,7.26%, 53.17%, 45.91%, 0.92%,870275
05103,82.31%, 8.77%, 91.08%, 0.15%,1600e8
05105,58.28%, 20.81%, 79.09%, 0.10%,3500c9
05107,80.24%, 9.88%, 90.12%,-,1900e5
05109,39.03%, 30.09%, 69.13%, 0.78%,4c01b0
05111,72.00%, 13.91%, 85.90%, 0.19%,2300db
05113,36.06%, 31.49%, 67.55%, 0.97%,5002ac
05115,65.67%, 16.88%, 82.55%, 0.57%,2b01d2
05117,52.06%, 23.86%, 75.92%, 0.21%,3c00c1
05119,65.37%, 17.15%, 82.52%, 0.33%,2b00d2
05121,55.67%, 21.75%, 77.42%, 0.83%,3702c5
05123,78.09%, 10.14%, 88.23%, 1.64%,1904e0
05125,75.03%, 12.17%, 87.21%, 0.62%,1f01de
05127,47.23%, 26.09%, 73.32%, 0.59%,4201ba
05129,13.61%, 56.72%, 43.11%, 0.18%,90006d
05131,45.28%, 27.16%, 72.44%, 0.40%,4501b8
05133,64.54%, 17.49%, 82.03%, 0.48%,2c01d1
05135,43.33%, 28.17%, 71.50%, 0.33%,4700b6
05137,22.52%, 38.41%, 60.93%, 0.66%,61019b
05139,81.44%, 9.15%, 90.59%, 0.26%,1700e7
05141,45.31%, 27.35%, 72.65%,-,4500b9
05143,22.19%, 38.29%, 60.48%, 1.22%,61039a
05145,58.16%, 20.64%, 78.80%, 0.57%,3401c8
05147,73.40%, 13.03%, 86.43%, 0.54%,2101dc
05149,81.56%, 9.08%, 90.64%, 0.28%,1700e7
06001,11.64%, 43.56%, 55.21%, 1.23%,6f038c
06003,33.51%, 66.49%, 32.98%, 0.53%,a90154
06005,33.29%, 32.85%, 66.14%, 1.01%,5302a8
06007,17.70%, 40.46%, 58.15%, 1.39%,670394
06009,18.52%, 40.39%, 58.90%, 0.71%,660196
06011,19.74%, 39.74%, 59.48%, 0.78%,650197
06013,24.53%, 37.22%, 61.75%, 1.03%,5e029d
06015,8.64%, 53.56%, 44.92%, 1.52%,880372
06017,34.07%, 32.37%, 66.44%, 1.19%,5203a9
06019,39.27%, 29.79%, 69.07%, 1.14%,4b02b0
06021,11.05%, 43.92%, 54.96%, 1.12%,6f028c
06023,12.98%, 43.00%, 55.98%, 1.02%,6d028e
06025,5.94%, 46.59%, 52.53%, 0.88%,760285
06027,10.12%, 44.53%, 54.65%, 0.81%,71028b
06029,24.47%, 37.30%, 61.78%, 0.92%,5f029d
06031,35.68%, 31.75%, 67.43%, 0.83%,5002ab
06033,7.66%, 53.36%, 45.70%, 0.94%,880274
06035,39.05%, 30.13%, 69.17%, 0.70%,4c01b0
06037,17.56%, 40.58%, 58.13%, 1.29%,670394
06039,36.41%, 31.20%, 67.61%, 1.19%,4f03ac
06041,1.73%, 48.47%, 50.20%, 1.33%,7b0380
06043,29.97%, 34.47%, 64.44%, 1.10%,5702a4
06045,13.60%, 42.53%, 56.13%, 1.34%,6c038f
06047,26.22%, 36.35%, 62.57%, 1.08%,5c029f
06049,23.72%, 37.77%, 61.49%, 0.74%,60019c
06051,6.43%, 46.13%, 52.56%, 1.31%,750386
06053,10.99%, 44.01%, 55.00%, 0.99%,70028c
06055,6.59%, 46.09%, 52.68%, 1.23%,750386
06057,33.33%, 32.69%, 66.01%, 1.30%,5303a8
06059,12.05%, 55.49%, 43.44%, 1.06%,8d026e
06061,36.31%, 31.26%, 67.56%, 1.18%,4f03ac
06063,45.32%, 26.79%, 72.11%, 1.10%,4402b7
06065,4.19%, 51.39%, 47.20%, 1.41%,830378
06067,37.33%, 30.76%, 68.09%, 1.15%,4e02ad
06069,0.70%, 49.29%, 49.99%, 0.72%,7d017f
06071,10.18%, 44.30%, 54.47%, 1.23%,70038a
06073,12.30%, 43.27%, 55.57%, 1.16%,6e028d
06075,20.25%, 39.26%, 59.51%, 1.23%,640397
06077,6.20%, 46.34%, 52.55%, 1.11%,760286
06079,8.13%, 45.25%, 53.39%, 1.36%,730388
06081,5.78%, 46.60%, 52.38%, 1.02%,760285
06083,9.88%, 44.53%, 54.41%, 1.05%,71028a
06085,0.43%, 49.20%, 49.63%, 1.16%,7d027e
06087,3.42%, 50.93%, 47.51%, 1.56%,810379
06089,37.33%, 30.70%, 68.03%, 1.27%,4e03ad
06091,34.60%, 32.38%, 66.98%, 0.63%,5201aa
06093,27.24%, 35.92%, 63.17%, 0.91%,5b02a1
06095,42.07%, 28.51%, 70.58%, 0.90%,4802b3
06097,4.91%, 51.94%, 47.04%, 1.02%,840277
06099,5.33%, 46.63%, 51.96%, 1.41%,760384
06101,15.06%, 42.06%, 57.11%, 0.83%,6b0291
06103,10.64%, 43.95%, 54.59%, 1.46%,70038b
06105,29.04%, 34.79%, 63.83%, 1.38%,5803a2
06107,13.11%, 42.85%, 55.96%, 1.19%,6d038e
06109,27.33%, 35.63%, 62.96%, 1.40%,5a03a0
06111,14.86%, 42.15%, 57.00%, 0.85%,6b0291
06113,18.49%, 40.29%, 58.78%, 0.93%,660295
06115,30.33%, 34.24%, 64.57%, 1.19%,5703a4
08001,0.98%, 50.16%, 49.18%, 0.65%,7f017d
08003,4.73%, 47.39%, 52.12%, 0.49%,780184
08005,2.66%, 50.89%, 48.24%, 0.87%,81027b
08007,7.73%, 53.71%, 45.98%, 0.31%,880075
08009,14.43%, 56.53%, 42.10%, 1.37%,90036b
08011,3.81%, 51.67%, 47.86%, 0.46%,83017a
08013,7.51%, 53.22%, 45.71%, 1.07%,870274
08014,0%,-,-,-,000000
08015,5.34%, 46.91%, 52.24%, 0.85%,770285
08017,9.34%, 54.43%, 45.09%, 0.48%,8a0172
08019,11.41%, 44.15%, 55.55%, 0.30%,70008d
08021,10.01%, 44.81%, 54.82%, 0.38%,72008b
08023,20.28%, 39.40%, 59.68%, 0.91%,640298
08025,24.95%, 62.21%, 37.26%, 0.53%,9e015f
08027,15.91%, 57.37%, 41.46%, 1.17%,920269
08029,15.46%, 57.07%, 41.61%, 1.31%,91036a
08031,5.54%, 46.91%, 52.45%, 0.64%,770185
08033,11.34%, 54.75%, 43.41%, 1.83%,8b046e
08035,23.58%, 61.57%, 38.00%, 0.43%,9d0160
08037,15.48%, 42.00%, 57.49%, 0.51%,6b0192
08039,30.44%, 65.04%, 34.59%, 0.37%,a50058
08041,11.37%, 55.31%, 43.94%, 0.76%,8d0170
08043,10.26%, 54.82%, 44.56%, 0.62%,8b0171
08045,14.88%, 57.18%, 42.30%, 0.51%,91016b
08047,2.12%, 48.65%, 50.77%, 0.59%,7c0181
08049,10.84%, 55.19%, 44.35%, 0.46%,8c0171
08051,6.42%, 46.43%, 52.85%, 0.72%,760186
08053,18.43%, 58.82%, 40.39%, 0.78%,950166
08055,18.35%, 40.65%, 59.00%, 0.36%,670096
08057,19.03%, 59.23%, 40.20%, 0.56%,970166
08059,6.23%, 52.81%, 46.59%, 0.60%,860176
08061,24.34%, 61.86%, 37.52%, 0.63%,9d015f
08063,38.23%, 68.69%, 30.45%, 0.86%,af024d
08065,18.96%, 40.30%, 59.26%, 0.43%,660197
08067,15.36%, 57.39%, 42.03%, 0.58%,92016b
08069,25.03%, 62.15%, 37.12%, 0.73%,9e015e
08071,28.57%, 35.53%, 64.10%, 0.37%,5a00a3
08073,19.91%, 59.57%, 39.66%, 0.77%,970165
08075,23.87%, 61.38%, 37.51%, 1.10%,9c025f
08077,4.33%, 47.27%, 51.60%, 1.13%,780283
08079,8.66%, 45.08%, 53.74%, 1.18%,720389
08081,19.03%, 59.23%, 40.20%, 0.57%,970166
08083,18.95%, 59.25%, 40.29%, 0.46%,970166
08085,10.66%, 54.62%, 43.95%, 1.43%,8b0370
08087,29.39%, 64.30%, 34.91%, 0.79%,a30259
08089,8.84%, 54.11%, 45.27%, 0.61%,890173
08091,1.42%, 49.12%, 50.54%, 0.33%,7d0080
08093,6.29%, 52.98%, 46.70%, 0.32%,870077
08095,11.58%, 54.30%, 42.72%, 2.98%,8a076c
08097,1.90%, 48.50%, 50.40%, 1.10%,7b0280
08099,14.72%, 56.87%, 42.16%, 0.97%,91026b
08101,13.95%, 42.84%, 56.79%, 0.38%,6d0090
08103,31.49%, 65.49%, 34.00%, 0.51%,a60156
08105,15.55%, 57.40%, 41.85%, 0.75%,92016a
08107,11.22%, 44.07%, 55.29%, 0.64%,70018c
08109,12.16%, 55.57%, 43.41%, 1.03%,8d026e
08111,8.87%, 54.20%, 45.32%, 0.48%,8a0173
08113,7.69%, 45.94%, 53.62%, 0.44%,750188
08115,20.21%, 59.86%, 39.64%, 0.50%,980165
08117,5.96%, 46.78%, 52.73%, 0.49%,770186
08119,24.20%, 37.60%, 61.80%, 0.59%,5f019d
08121,25.86%, 62.63%, 36.77%, 0.60%,9f015d
08123,20.27%, 59.72%, 39.44%, 0.84%,980264
08125,29.30%, 64.11%, 34.80%, 1.09%,a30258
09001,1.35%, 49.10%, 50.45%, 0.45%,7d0180
09003,12.90%, 43.44%, 56.34%, 0.23%,6e008f
09005,8.04%, 53.96%, 45.92%, 0.12%,890075
09007,1.52%, 50.69%, 49.17%, 0.15%,81007d
09009,10.00%, 44.89%, 54.89%, 0.23%,72008b
09011,9.46%, 45.18%, 54.63%, 0.19%,73008b
09013,1.09%, 49.37%, 50.46%, 0.16%,7d0080
09015,10.73%, 44.55%, 55.29%, 0.16%,71008c
10001,6.63%, 46.69%, 53.31%,-,770087
10003,11.38%, 44.31%, 55.69%,-,70008e
10005,5.40%, 47.30%, 52.70%,-,780086
11001,0%,-,-,-,000000
12001,66.06%, 16.97%, 83.03%,-,2b00d3
12003,84.45%, 7.78%, 92.22%,-,1300eb
12005,76.56%, 11.72%, 88.28%,-,1d00e1
12007,71.77%, 14.12%, 85.88%,-,2400da
12009,20.31%, 39.85%, 60.15%,-,650099
12011,23.38%, 38.31%, 61.69%,-,61009d
12013,81.93%, 9.03%, 90.97%,-,1700e7
12015,38.19%, 30.90%, 69.10%,-,4e00b0
12017,77.89%, 11.05%, 88.95%,-,1c00e2
12019,49.85%, 25.08%, 74.92%,-,3f00bf
12021,67.67%, 16.17%, 83.83%,-,2900d5
12023,73.40%, 13.30%, 86.70%,-,2100dd
12027,56.42%, 21.79%, 78.21%,-,3700c7
12029,88.83%, 5.59%, 94.41%,-,0e00f0
12031,63.42%, 18.29%, 81.71%,-,2e00d0
12033,75.62%, 12.19%, 87.81%,-,1f00df
12035,60.52%, 19.74%, 80.26%,-,3200cc
12037,86.42%, 6.79%, 93.21%,-,1100ed
12039,77.06%, 11.47%, 88.53%,-,1d00e1
12041,83.99%, 8.01%, 91.99%,-,1400ea
12043,44.10%, 27.95%, 72.05%,-,4700b7
12045,87.98%, 6.01%, 93.99%,-,0f00ef
12047,77.00%, 11.50%, 88.50%,-,1d00e1
12049,57.33%, 21.33%, 78.67%,-,3600c8
12051,53.28%, 23.36%, 76.64%,-,3b00c3
12053,50.26%, 24.87%, 75.13%,-,3f00bf
12055,43.23%, 28.39%, 71.61%,-,4800b6
12057,59.50%, 20.25%, 79.75%,-,3300cb
12059,50.32%, 24.84%, 75.16%,-,3f00bf
12061,24.38%, 37.81%, 62.19%,-,60009e
12063,73.24%, 13.38%, 86.62%,-,2200dc
12065,73.57%, 13.21%, 86.79%,-,2100dd
12067,79.87%, 10.07%, 89.93%,-,1900e5
12069,33.37%, 33.32%, 66.68%,-,5400aa
12071,37.05%, 31.48%, 68.52%,-,5000ae
12073,80.70%, 9.65%, 90.35%,-,1800e6
12075,80.95%, 9.52%, 90.48%,-,1800e6
12077,77.67%, 11.16%, 88.84%,-,1c00e2
12079,69.24%, 15.38%, 84.62%,-,2700d7
12081,44.25%, 27.87%, 72.13%,-,4700b7
12083,65.06%, 17.47%, 82.53%,-,2c00d2
12085,26.15%, 36.93%, 63.07%,-,5e00a0
12086,34.61%, 32.70%, 67.30%,-,5300ab
12087,79.72%, 10.14%, 89.86%,-,1900e5
12089,63.53%, 18.23%, 81.77%,-,2e00d0
12091,62.63%, 18.68%, 81.32%,-,2f00cf
12093,74.15%, 12.92%, 87.08%,-,2000de
12095,21.99%, 39.00%, 61.00%,-,63009b
12097,17.05%, 41.48%, 58.52%,-,690095
12099,23.44%, 38.28%, 61.72%,-,61009d
12101,38.83%, 30.59%, 69.41%,-,4e00b0
12103,17.40%, 41.30%, 58.70%,-,690095
12105,52.15%, 23.93%, 76.07%,-,3d00c1
12107,55.05%, 22.47%, 77.53%,-,3900c5
12109,51.96%, 24.02%, 75.98%,-,3d00c1
12111,38.55%, 30.73%, 69.27%,-,4e00b0
12113,63.21%, 18.40%, 81.60%,-,2e00d0
12115,38.59%, 30.71%, 69.29%,-,4e00b0
12117,39.41%, 30.29%, 69.71%,-,4d00b1
12119,80.80%, 9.60%, 90.40%,-,1800e6
12121,75.45%, 12.27%, 87.73%,-,1f00df
12123,85.32%, 7.34%, 92.66%,-,1200ec
12125,83.02%, 8.49%, 91.51%,-,1500e9
12127,21.26%, 39.37%, 60.63%,-,64009a
12129,90.04%, 4.98%, 95.02%,-,0c00f2
12131,64.51%, 17.74%, 82.26%,-,2d00d1
12133,49.73%, 25.14%, 74.86%,-,4000be
13001,65.26%, 16.94%, 82.19%, 0.87%,2b02d1
13003,82.73%, 8.57%, 91.30%, 0.13%,1500e8
13005,78.44%, 10.51%, 88.95%, 0.54%,1a01e2
13007,89.63%, 5.10%, 94.73%, 0.17%,0d00f1
13009,73.03%, 13.36%, 86.38%, 0.26%,2200dc
13011,60.14%, 19.57%, 79.71%, 0.72%,3101cb
13013,75.91%, 11.91%, 87.82%, 0.27%,1e00df
13015,68.74%, 15.44%, 84.17%, 0.39%,2700d6
13017,73.64%, 13.00%, 86.64%, 0.36%,2100dc
13019,96.02%,-, 97.97%, 2.03%,0005f9
13021,65.85%, 16.85%, 82.70%, 0.45%,2a01d2
13023,77.14%, 11.26%, 88.40%, 0.34%,1c00e1
13025,86.70%, 6.50%, 93.20%, 0.29%,1000ed
13027,67.91%, 16.01%, 83.93%, 0.06%,2800d6
13029,89.19%, 5.30%, 94.49%, 0.22%,0d00f0
13031,86.97%, 6.38%, 93.35%, 0.27%,1000ee
13033,91.64%, 3.90%, 95.54%, 0.56%,0901f3
13035,84.01%, 7.90%, 91.92%, 0.18%,1400ea
13037,89.74%, 5.13%, 94.87%,-,0d00f1
13039,80.64%, 9.60%, 90.24%, 0.16%,1800e6
13043,84.26%, 7.75%, 92.00%, 0.25%,1300ea
13045,72.02%, 13.90%, 85.92%, 0.18%,2300db
13047,70.52%, 14.74%, 85.26%,-,2500d9
13049,80.71%, 9.65%, 90.35%,-,1800e6
13051,66.90%, 16.47%, 83.37%, 0.16%,2900d4
13053,82.14%, 8.93%, 91.07%,-,1600e8
13055,79.35%, 10.12%, 89.47%, 0.41%,1901e4
13057,20.72%, 39.39%, 60.11%, 0.50%,640199
13059,84.06%, 7.81%, 91.87%, 0.32%,1300ea
13061,87.00%, 6.31%, 93.31%, 0.38%,1000ed
13063,79.03%, 10.42%, 89.45%, 0.13%,1a00e4
13065,88.67%, 5.67%, 94.33%,-,0e00f0
13067,63.42%, 18.21%, 81.63%, 0.17%,2e00d0
13069,84.59%, 7.56%, 92.15%, 0.30%,1300ea
13071,54.81%, 22.24%, 77.04%, 0.72%,3801c4
13073,85.82%, 6.79%, 92.61%, 0.59%,1101ec
13075,73.62%, 13.19%, 86.81%,-,2100dd
13077,92.76%, 3.48%, 96.25%, 0.27%,0800f5
13079,65.90%, 16.93%, 82.84%, 0.23%,2b00d3
13081,77.83%, 10.91%, 88.75%, 0.34%,1b00e2
13083,73.35%, 13.33%, 86.67%,-,2100dd
13085,27.26%, 36.17%, 63.43%, 0.39%,5c00a1
13087,78.20%, 10.85%, 89.05%, 0.10%,1b00e3
13089,61.71%, 18.94%, 80.65%, 0.41%,3001cd
13091,76.17%, 11.74%, 87.91%, 0.34%,1d00e0
13093,81.15%, 9.27%, 90.43%, 0.30%,1700e6
13095,84.68%, 7.64%, 92.32%, 0.04%,1300eb
13097,61.76%, 18.88%, 80.64%, 0.48%,3001cd
13099,88.69%, 5.60%, 94.29%, 0.11%,0e00f0
13101,91.96%, 3.91%, 95.87%, 0.22%,0900f4
13103,47.21%, 26.40%, 73.60%,-,4300bb
13105,69.78%, 14.70%, 84.48%, 0.82%,2502d7
13107,89.15%, 5.36%, 94.51%, 0.13%,0d00f1
13109,84.67%, 7.37%, 92.04%, 0.59%,1201ea
13111,12.04%, 56.02%, 43.98%,-,8e0070
13113,85.83%, 7.09%, 92.91%,-,1200ec
13115,71.44%, 14.12%, 85.56%, 0.33%,2400da
13117,36.98%, 31.51%, 68.49%,-,5000ae
13119,74.48%, 12.18%, 86.66%, 1.15%,1f02dc
13121,67.47%, 16.10%, 83.57%, 0.33%,2900d5
13123,13.94%, 42.93%, 56.87%, 0.20%,6d0091
13125,62.44%, 18.54%, 80.98%, 0.49%,2f01ce
13127,75.82%, 11.94%, 87.76%, 0.31%,1e00df
13129,50.76%, 24.41%, 75.17%, 0.42%,3e01bf
13131,72.89%, 13.20%, 86.09%, 0.71%,2101db
13133,81.36%, 8.93%, 90.29%, 0.78%,1601e6
13135,69.06%, 15.26%, 84.32%, 0.42%,2601d7
13137,62.51%, 18.55%, 81.06%, 0.40%,2f01ce
13139,69.79%, 14.73%, 84.52%, 0.75%,2501d7
13141,53.13%, 23.36%, 76.49%, 0.15%,3b00c3
13143,50.59%, 24.60%, 75.19%, 0.22%,3e00bf
13145,84.89%, 7.15%, 92.04%, 0.81%,1202ea
13147,85.43%, 6.73%, 92.16%, 1.11%,1102eb
13149,48.97%, 25.40%, 74.37%, 0.23%,4000bd
13151,87.67%, 6.11%, 93.77%, 0.12%,0f00ef
13153,61.27%, 19.30%, 80.57%, 0.13%,3100cd
13155,65.83%, 16.95%, 82.79%, 0.26%,2b00d3
13157,80.91%, 9.37%, 90.29%, 0.34%,1700e6
13159,80.87%, 9.44%, 90.30%, 0.26%,1800e6
13161,74.47%, 12.64%, 87.11%, 0.25%,2000de
13163,71.99%, 13.72%, 85.71%, 0.56%,2201da
13165,86.15%, 6.82%, 92.98%, 0.20%,1100ed
13167,76.92%, 11.32%, 88.24%, 0.44%,1c01e1
13169,71.61%, 14.13%, 85.73%, 0.14%,2400da
13171,81.75%, 8.86%, 90.62%, 0.52%,1601e7
13173,94.56%, 2.56%, 97.12%, 0.32%,0600f7
13175,68.28%, 15.79%, 84.07%, 0.15%,2800d6
13177,91.72%, 3.91%, 95.63%, 0.46%,0901f3
13179,59.80%, 20.00%, 79.80%, 0.20%,3300cb
13181,74.16%, 12.45%, 86.62%, 0.93%,1f02dc
13183,61.21%, 19.14%, 80.35%, 0.50%,3001cc
13185,81.18%, 9.21%, 90.40%, 0.39%,1700e6
13187,68.79%, 15.46%, 84.25%, 0.28%,2700d6
13189,84.92%, 7.20%, 92.12%, 0.67%,1201ea
13191,63.07%, 18.47%, 81.53%,-,2f00cf
13193,84.05%, 7.76%, 91.81%, 0.43%,1301ea
13195,71.74%, 13.61%, 85.36%, 1.03%,2202d9
13197,77.31%, 11.27%, 88.58%, 0.15%,1c00e1
13199,87.76%, 5.98%, 93.74%, 0.28%,0f00ef
13201,87.88%, 6.06%, 93.94%,-,0f00ef
13205,86.44%, 6.78%, 93.22%,-,1100ed
13207,90.27%, 4.58%, 94.86%, 0.56%,0b01f1
13209,79.66%, 9.78%, 89.44%, 0.78%,1801e4
13211,90.55%, 4.72%, 95.28%,-,0c00f2
13213,43.88%, 28.01%, 71.89%, 0.10%,4700b7
13215,76.87%, 11.51%, 88.38%, 0.11%,1d00e1
13217,87.96%, 5.90%, 93.85%, 0.25%,0f00ef
13219,56.06%, 21.66%, 77.72%, 0.61%,3701c6
13221,72.32%, 13.79%, 86.11%, 0.11%,2300db
13223,36.26%, 31.62%, 67.89%, 0.49%,5001ad
13225,64.85%, 17.24%, 82.09%, 0.67%,2b01d1
13227,11.88%, 43.76%, 55.64%, 0.59%,6f018d
13229,83.40%, 8.16%, 91.55%, 0.29%,1400e9
13231,59.73%, 20.13%, 79.87%,-,3300cb
13233,73.84%, 12.92%, 86.76%, 0.32%,2000dd
13235,84.62%, 7.31%, 91.92%, 0.77%,1201ea
13237,84.47%, 7.70%, 92.17%, 0.13%,1300eb
13239,88.92%, 5.54%, 94.46%,-,0e00f0
13241,83.99%, 7.86%, 91.85%, 0.29%,1400ea
13243,80.04%, 9.91%, 89.95%, 0.14%,1900e5
13245,80.12%, 9.85%, 89.97%, 0.18%,1900e5
13247,87.32%, 6.23%, 93.55%, 0.22%,0f00ee
13249,74.17%, 12.73%, 86.90%, 0.37%,2000dd
13251,83.97%, 7.82%, 91.79%, 0.39%,1300ea
13253,87.32%, 6.13%, 93.45%, 0.42%,0f01ee
13255,87.65%, 6.11%, 93.76%, 0.12%,0f00ef
13257,84.09%, 7.61%, 91.71%, 0.68%,1301e9
13259,84.05%, 7.98%, 92.02%,-,1400ea
13261,85.28%, 6.97%, 92.26%, 0.77%,1101eb
13263,85.98%, 6.94%, 92.92%, 0.14%,1100ec
13265,92.78%, 3.61%, 96.39%,-,0900f5
13267,49.28%, 25.15%, 74.43%, 0.42%,4001bd
13269,57.67%, 21.07%, 78.73%, 0.20%,3500c8
13271,85.34%, 6.90%, 92.24%, 0.86%,1102eb
13273,100.00%,-, 100.00%,-,0000fe
13275,69.49%, 15.16%, 84.64%, 0.20%,2600d7
13277,72.30%, 13.21%, 85.51%, 1.29%,2103da
13279,77.57%, 11.21%, 88.79%,-,1c00e2
13281,3.71%, 48.14%, 51.86%,-,7a0084
13283,93.78%, 3.11%, 96.89%,-,0700f7
13285,83.06%, 8.28%, 91.34%, 0.37%,1500e8
13287,38.36%, 30.60%, 68.96%, 0.44%,4e01af
13289,77.64%, 11.18%, 88.82%,-,1c00e2
13291,26.04%, 36.91%, 62.96%, 0.13%,5e00a0
13293,86.72%, 6.64%, 93.36%,-,1000ee
13295,67.20%, 16.30%, 83.50%, 0.20%,2900d4
13297,90.69%, 4.55%, 95.24%, 0.22%,0b00f2
13299,79.17%, 10.31%, 89.48%, 0.20%,1a00e4
13301,72.69%, 13.51%, 86.20%, 0.28%,2200db
13303,62.52%, 18.41%, 80.93%, 0.66%,2e01ce
13305,79.01%, 10.38%, 89.39%, 0.23%,1a00e3
13307,69.70%, 15.15%, 84.85%,-,2600d8
13309,61.46%, 19.02%, 80.49%, 0.49%,3001cd
13311,74.34%, 12.83%, 87.17%,-,2000de
13313,52.20%, 23.83%, 76.03%, 0.14%,3c00c1
13315,75.91%, 11.60%, 87.51%, 0.88%,1d02df
13317,78.04%, 10.68%, 88.72%, 0.61%,1b01e2
13319,72.01%, 13.95%, 85.96%, 0.09%,2300db
13321,66.08%, 16.83%, 82.91%, 0.27%,2a00d3
15001,0%,-,-,-,000000
15003,0%,-,-,-,000000
15005,0%,-,-,-,000000
15007,0%,-,-,-,000000
15009,0%,-,-,-,000000
16001,1.90%, 50.85%, 48.95%, 0.20%,81007c
16003,8.77%, 45.53%, 54.30%, 0.18%,74008a
16005,31.89%, 34.05%, 65.94%, 0.01%,5600a8
16007,7.00%, 46.50%, 53.50%,-,760088
16009,19.08%, 40.12%, 59.20%, 0.68%,660196
16011,2.04%, 48.90%, 50.95%, 0.15%,7c0081
16013,16.19%, 41.83%, 58.02%, 0.15%,6a0093
16015,16.11%, 41.90%, 58.01%, 0.09%,6a0093
16017,10.98%, 44.27%, 55.24%, 0.49%,70018c
16019,19.11%, 40.39%, 59.51%, 0.10%,660097
16021,6.41%, 45.49%, 51.90%, 0.11%,730084
16023,2.87%, 48.56%, 51.44%,-,7b0083
16025,1.87%, 49.06%, 50.94%,-,7d0081
16027,0.78%, 50.21%, 49.43%, 0.36%,80007e
16029,25.55%, 37.18%, 62.73%, 0.10%,5e009f
16031,3.20%, 48.30%, 51.50%, 0.19%,7b0083
16033,30.61%, 65.30%, 34.70%,-,a60058
16035,33.71%, 32.90%, 66.61%, 0.50%,5301a9
16037,8.08%, 45.81%, 53.89%, 0.30%,740089
16039,20.46%, 39.70%, 60.15%, 0.15%,650099
16041,2.11%, 48.95%, 51.05%,-,7c0082
16043,12.30%, 43.83%, 56.13%, 0.04%,6f008f
16045,29.14%, 35.38%, 64.52%, 0.10%,5a00a4
16047,10.13%, 55.02%, 44.89%, 0.09%,8c0072
16049,4.45%, 47.63%, 52.08%, 0.29%,790084
16051,20.94%, 39.34%, 60.29%, 0.37%,640099
16053,14.50%, 57.17%, 42.67%, 0.16%,91006c
16055,15.91%, 41.42%, 57.32%, 1.26%,690392
16057,6.15%, 46.72%, 52.87%, 0.41%,770186
16059,8.19%, 45.89%, 54.08%, 0.03%,750089
16061,33.35%, 33.17%, 66.52%, 0.32%,5400a9
16063,6.47%, 53.05%, 46.58%, 0.37%,870076
16065,15.22%, 42.38%, 57.60%, 0.03%,6c0092
16067,0.08%, 49.80%, 49.87%, 0.33%,7e007f
16069,27.13%, 36.22%, 63.35%, 0.44%,5c01a1
16071,11.61%, 44.12%, 55.73%, 0.15%,70008e
16073,5.85%, 46.76%, 52.61%, 0.63%,770186
16075,17.51%, 58.52%, 41.02%, 0.46%,950168
16077,1.06%, 50.45%, 49.39%, 0.16%,80007d
16079,29.89%, 34.65%, 64.54%, 0.81%,5802a4
16081,11.71%, 44.14%, 55.86%,-,70008e
16083,10.67%, 55.23%, 44.56%, 0.21%,8c0071
16085,20.79%, 39.17%, 59.96%, 0.87%,630298
16087,9.35%, 45.27%, 54.61%, 0.12%,73008b
17001,3.08%, 50.86%, 47.78%, 1.35%,810379
17003,2.55%, 48.20%, 50.75%, 1.05%,7a0281
17005,16.63%, 57.38%, 40.75%, 1.87%,920467
17007,46.95%, 73.33%, 26.38%, 0.29%,ba0043
17009,8.11%, 45.20%, 53.31%, 1.48%,730387
17011,23.07%, 61.36%, 38.29%, 0.35%,9c0061
17013,21.43%, 60.51%, 39.08%, 0.41%,9a0163
17015,28.02%, 63.90%, 35.87%, 0.23%,a2005b
17017,3.87%, 47.68%, 51.55%, 0.76%,790183
17019,7.21%, 53.26%, 46.04%, 0.70%,870175
17021,5.50%, 46.91%, 52.41%, 0.69%,770185
17023,10.79%, 55.15%, 44.36%, 0.49%,8c0171
17025,2.46%, 50.72%, 48.27%, 1.01%,81027b
17027,24.73%, 62.00%, 37.27%, 0.74%,9e015f
17029,4.00%, 47.82%, 51.83%, 0.35%,790084
17031,10.86%, 44.38%, 55.24%, 0.39%,71008c
17033,10.41%, 54.95%, 44.54%, 0.52%,8c0171
17035,3.70%, 51.62%, 47.92%, 0.47%,83017a
17037,28.41%, 63.95%, 35.53%, 0.52%,a3015a
17039,4.02%, 51.80%, 47.78%, 0.43%,840179
17041,9.35%, 54.34%, 44.99%, 0.67%,8a0172
17043,36.34%, 67.85%, 31.51%, 0.63%,ad0150
17045,8.61%, 54.03%, 45.42%, 0.55%,890173
17047,30.70%, 64.86%, 34.16%, 0.98%,a50257
17049,0.39%, 49.48%, 49.88%, 0.64%,7e017f
17051,1.34%, 50.19%, 48.85%, 0.96%,7f027c
17053,30.56%, 65.11%, 34.55%, 0.34%,a60058
17055,9.03%, 45.14%, 54.16%, 0.70%,73018a
17057,2.45%, 50.80%, 48.35%, 0.85%,81027b
17059,11.89%, 43.65%, 55.54%, 0.81%,6f028d
17061,10.76%, 44.30%, 55.06%, 0.64%,70018c
17063,23.16%, 61.38%, 38.22%, 0.40%,9c0161
17065,4.05%, 51.69%, 47.64%, 0.67%,830179
17067,15.16%, 57.06%, 41.90%, 1.03%,91026a
17069,8.29%, 53.84%, 45.56%, 0.60%,890174
17071,24.37%, 61.81%, 37.44%, 0.76%,9d015f
17073,17.51%, 58.37%, 40.86%, 0.76%,940168
17075,22.05%, 60.73%, 38.68%, 0.59%,9a0162
17077,10.96%, 55.19%, 44.22%, 0.59%,8c0170
17079,5.03%, 52.23%, 47.20%, 0.56%,850178
17081,11.13%, 44.09%, 55.22%, 0.69%,70018c
17083,3.46%, 51.44%, 47.99%, 0.57%,83017a
17085,30.57%, 65.09%, 34.52%, 0.38%,a50058
17087,25.81%, 62.80%, 36.99%, 0.21%,a0005e
17089,23.96%, 61.77%, 37.81%, 0.43%,9d0160
17091,7.65%, 53.62%, 45.97%, 0.42%,880175
17093,35.86%, 67.79%, 31.92%, 0.29%,ac0051
17095,16.09%, 57.77%, 41.68%, 0.56%,93016a
17097,20.92%, 60.26%, 39.34%, 0.40%,990164
17099,7.96%, 45.66%, 53.62%, 0.72%,740188
17101,3.68%, 51.22%, 47.54%, 1.24%,820379
17103,30.22%, 64.96%, 34.74%, 0.30%,a50058
17105,28.53%, 64.14%, 35.61%, 0.25%,a3005a
17107,13.84%, 56.78%, 42.94%, 0.27%,90006d
17109,28.01%, 63.67%, 35.66%, 0.67%,a2015a
17111,45.23%, 72.30%, 27.07%, 0.64%,b80145
17113,9.56%, 54.44%, 44.87%, 0.69%,8a0172
17115,15.86%, 41.78%, 57.64%, 0.58%,6a0192
17117,4.91%, 47.08%, 52.00%, 0.92%,780284
17119,18.91%, 40.10%, 59.01%, 0.90%,660296
17121,13.67%, 42.74%, 56.41%, 0.85%,6c028f
17123,14.97%, 57.23%, 42.26%, 0.51%,91016b
17125,1.39%, 50.47%, 49.08%, 0.46%,80017d
17127,25.20%, 62.34%, 37.14%, 0.51%,9e015e
17129,9.86%, 54.68%, 44.81%, 0.51%,8b0172
17131,24.56%, 62.09%, 37.53%, 0.37%,9e005f
17133,25.36%, 62.54%, 37.17%, 0.29%,9f005e
17135,4.15%, 51.65%, 47.50%, 0.86%,830279
17137,5.47%, 52.57%, 47.10%, 0.33%,860078
17139,0.81%, 49.32%, 50.13%, 0.56%,7d017f
17141,41.84%, 70.71%, 28.87%, 0.42%,b40149
17143,9.19%, 45.21%, 54.40%, 0.39%,73008a
17145,5.09%, 52.35%, 47.26%, 0.40%,850178
17147,12.26%, 55.94%, 43.68%, 0.38%,8e006f
17149,7.32%, 45.83%, 53.15%, 1.01%,740287
17151,31.94%, 65.78%, 33.84%, 0.38%,a70056
17153,14.01%, 56.76%, 42.75%, 0.49%,90016d
17155,19.53%, 59.56%, 40.03%, 0.40%,970166
17157,8.89%, 54.21%, 45.32%, 0.46%,8a0173
17159,7.27%, 53.17%, 45.89%, 0.94%,870275
17161,15.73%, 41.95%, 57.67%, 0.38%,6a0093
17163,19.45%, 40.05%, 59.50%, 0.46%,660197
17165,0.58%, 49.43%, 50.02%, 0.55%,7e017f
17167,5.21%, 52.44%, 47.23%, 0.33%,850078
17169,1.26%, 48.77%, 50.04%, 1.19%,7c037f
17171,1.82%, 50.70%, 48.87%, 0.43%,81017c
17173,2.99%, 47.71%, 50.69%, 1.60%,790481
17175,30.14%, 64.94%, 34.79%, 0.27%,a50058
17177,22.26%, 60.92%, 38.67%, 0.41%,9b0162
17179,17.26%, 41.18%, 58.44%, 0.38%,690095
17181,8.23%, 45.51%, 53.74%, 0.75%,740189
17183,0.36%, 49.87%, 49.50%, 0.63%,7f017e
17185,6.63%, 45.94%, 52.57%, 1.49%,750386
17187,22.87%, 61.17%, 38.30%, 0.53%,9b0161
17189,24.09%, 61.82%, 37.73%, 0.46%,9d0160
17191,8.10%, 53.77%, 45.68%, 0.55%,890174
17193,3.92%, 47.50%, 51.41%, 1.09%,790283
17195,36.12%, 67.77%, 31.65%, 0.58%,ac0150
17197,4.60%, 52.13%, 47.53%, 0.34%,840079
17199,0.73%, 49.40%, 50.12%, 0.48%,7d017f
17201,4.43%, 51.89%, 47.46%, 0.65%,840179
17203,20.66%, 60.09%, 39.43%, 0.48%,990164
18001,8.89%, 53.93%, 45.04%, 1.04%,890272
18003,14.80%, 57.18%, 42.38%, 0.44%,91016c
18005,1.79%, 48.84%, 50.63%, 0.53%,7c0181
18007,15.44%, 57.57%, 42.12%, 0.31%,92006b
18009,9.87%, 44.52%, 54.38%, 1.10%,71028a
18011,6.89%, 53.26%, 46.37%, 0.37%,870076
18013,5.85%, 46.74%, 52.59%, 0.66%,770186
18015,8.61%, 54.05%, 45.44%, 0.51%,890173
18017,1.04%, 49.33%, 50.37%, 0.30%,7d0080
18019,19.67%, 40.02%, 59.69%, 0.30%,660098
18021,3.39%, 51.40%, 48.00%, 0.60%,83017a
18023,5.34%, 52.36%, 47.02%, 0.62%,850177
18025,3.33%, 47.97%, 51.29%, 0.74%,7a0182
18027,8.63%, 54.10%, 45.48%, 0.42%,890173
18029,1.08%, 49.29%, 50.37%, 0.34%,7d0080
18031,15.83%, 57.71%, 41.88%, 0.41%,93016a
18033,14.79%, 57.17%, 42.38%, 0.45%,91016c
18035,8.32%, 45.53%, 53.85%, 0.62%,740189
18037,11.75%, 44.01%, 55.77%, 0.22%,70008e
18039,18.14%, 58.53%, 40.40%, 1.07%,950267
18041,0.22%, 49.94%, 49.72%, 0.34%,7f007e
18043,14.48%, 42.53%, 57.00%, 0.47%,6c0191
18045,9.35%, 54.59%, 45.24%, 0.17%,8b0073
18047,16.43%, 58.11%, 41.68%, 0.21%,94006a
18049,17.45%, 58.40%, 40.95%, 0.64%,940168
18051,2.22%, 48.34%, 50.57%, 1.09%,7b0280
18053,6.71%, 52.77%, 46.06%, 1.16%,860275
18055,1.97%, 50.71%, 48.73%, 0.56%,81017c
18057,30.01%, 64.73%, 34.72%, 0.54%,a50158
18059,1.24%, 48.98%, 50.23%, 0.79%,7c0280
18061,0.79%, 49.26%, 50.06%, 0.68%,7d017f
18063,16.22%, 57.92%, 41.70%, 0.38%,93006a
18065,6.85%, 52.98%, 46.14%, 0.88%,870275
18067,3.23%, 47.82%, 51.04%, 1.14%,790282
18069,11.46%, 55.22%, 43.77%, 1.01%,8c026f
18071,9.17%, 45.13%, 54.30%, 0.57%,73018a
18073,23.63%, 61.62%, 37.99%, 0.39%,9d0060
18075,0.58%, 49.27%, 49.84%, 0.89%,7d027f
18077,11.89%, 55.80%, 43.91%, 0.29%,8e006f
18079,13.43%, 56.51%, 43.08%, 0.42%,90016d
18081,0.79%, 50.18%, 49.39%, 0.44%,7f017d
18083,4.47%, 47.52%, 51.99%, 0.48%,790184
18085,26.09%, 62.68%, 36.60%, 0.72%,9f015d
18087,27.32%, 63.43%, 36.11%, 0.46%,a1015c
18089,22.05%, 38.79%, 60.83%, 0.38%,62009b
18091,6.89%, 53.29%, 46.40%, 0.30%,870076
18093,24.06%, 61.92%, 37.86%, 0.22%,9d0060
18095,7.65%, 45.91%, 53.56%, 0.54%,750188
18097,1.19%, 50.43%, 49.25%, 0.32%,80007d
18099,13.64%, 56.41%, 42.77%, 0.81%,8f026d
18101,4.76%, 52.28%, 47.52%, 0.20%,850079
18103,6.20%, 52.76%, 46.56%, 0.68%,860176
18105,11.86%, 55.74%, 43.88%, 0.38%,8e006f
18107,9.99%, 54.78%, 44.79%, 0.44%,8b0172
18109,14.88%, 57.29%, 42.40%, 0.31%,92006c
18111,25.03%, 62.32%, 37.29%, 0.39%,9e005f
18113,19.41%, 59.46%, 40.06%, 0.48%,970166
18115,1.00%, 49.33%, 50.33%, 0.33%,7d0080
18117,15.87%, 57.77%, 41.90%, 0.32%,93006a
18119,8.56%, 54.00%, 45.44%, 0.55%,890173
18121,8.86%, 54.14%, 45.28%, 0.59%,8a0173
18123,0.16%, 50.00%, 49.84%, 0.16%,7f007f
18125,2.43%, 50.91%, 48.48%, 0.61%,81017b
18127,17.16%, 58.40%, 41.24%, 0.36%,940069
18129,5.30%, 47.06%, 52.35%, 0.59%,780185
18131,6.85%, 52.70%, 45.86%, 1.44%,860374
18133,1.58%, 49.00%, 50.58%, 0.41%,7c0180
18135,15.99%, 57.19%, 41.20%, 1.61%,910469
18137,11.22%, 55.44%, 44.21%, 0.35%,8d0070
18139,20.39%, 60.02%, 39.62%, 0.36%,990065
18141,11.51%, 44.02%, 55.53%, 0.46%,70018d
18143,7.70%, 45.96%, 53.66%, 0.38%,750088
18145,5.21%, 47.02%, 52.22%, 0.76%,770185
18147,15.04%, 57.31%, 42.27%, 0.42%,92016b
18149,8.67%, 54.16%, 45.49%, 0.34%,8a0073
18151,33.23%, 66.35%, 33.12%, 0.52%,a90154
18153,14.36%, 42.32%, 56.69%, 0.99%,6b0290
18155,7.53%, 46.01%, 53.54%, 0.44%,750188
18157,14.18%, 56.96%, 42.78%, 0.26%,91006d
18159,6.42%, 52.90%, 46.48%, 0.62%,860176
18161,17.25%, 58.35%, 41.10%, 0.55%,940168
18163,15.09%, 42.25%, 57.33%, 0.42%,6b0192
18165,3.83%, 47.74%, 51.57%, 0.69%,790183
18167,11.64%, 43.99%, 55.63%, 0.38%,70008d
18169,23.20%, 61.11%, 37.91%, 0.98%,9b0260
18171,21.70%, 60.71%, 39.01%, 0.28%,9a0063
18173,4.16%, 51.88%, 47.72%, 0.40%,840179
18175,2.93%, 48.37%, 51.30%, 0.33%,7b0082
18177,3.13%, 51.27%, 48.14%, 0.59%,82017a
18179,3.30%, 47.75%, 51.05%, 1.20%,790382
18181,10.77%, 55.15%, 44.38%, 0.47%,8c0171
18183,7.28%, 53.34%, 46.06%, 0.60%,880175
19001,17.64%, 58.77%, 41.13%, 0.11%,950068
19003,20.67%, 60.13%, 39.46%, 0.42%,990164
19005,28.31%, 64.02%, 35.72%, 0.26%,a3005b
19007,0.30%, 49.43%, 49.74%, 0.83%,7e027e
19009,10.28%, 44.80%, 55.08%, 0.12%,72008c
19011,0.61%, 49.55%, 50.15%, 0.30%,7e007f
19013,0.50%, 49.61%, 50.11%, 0.28%,7e007f
19015,15.57%, 41.92%, 57.49%, 0.59%,6a0192
19017,26.73%, 63.26%, 36.53%, 0.21%,a1005d
19019,9.52%, 54.61%, 45.10%, 0.29%,8b0073
19021,2.21%, 48.69%, 50.90%, 0.41%,7c0181
19023,27.37%, 63.56%, 36.18%, 0.26%,a2005c
19025,6.76%, 46.46%, 53.23%, 0.31%,760087
19027,1.37%, 49.22%, 50.59%, 0.19%,7d0081
19029,25.70%, 62.69%, 36.99%, 0.31%,9f005e
19031,25.20%, 62.45%, 37.25%, 0.29%,9f005e
19033,5.39%, 47.20%, 52.59%, 0.22%,780086
19035,7.24%, 53.50%, 46.27%, 0.23%,880075
19037,5.45%, 52.71%, 47.26%, 0.02%,860078
19039,8.15%, 53.76%, 45.61%, 0.64%,890174
19041,8.16%, 45.77%, 53.93%, 0.30%,740089
19043,19.86%, 59.86%, 40.00%, 0.14%,980066
19045,8.57%, 54.17%, 45.60%, 0.22%,8a0074
19047,12.21%, 55.92%, 43.71%, 0.37%,8e006f
19049,0.48%, 49.24%, 49.72%, 1.04%,7d027e
19051,6.26%, 46.65%, 52.91%, 0.44%,760186
19053,5.96%, 46.91%, 52.87%, 0.21%,770086
19055,34.76%, 67.30%, 32.53%, 0.17%,ab0052
19057,25.02%, 62.34%, 37.32%, 0.33%,9e005f
19059,4.34%, 47.65%, 51.99%, 0.37%,790084
19061,2.76%, 51.30%, 48.54%, 0.16%,82007b
19063,0.71%, 49.27%, 49.98%, 0.76%,7d017f
19065,15.14%, 57.43%, 42.30%, 0.27%,92006b
19067,16.57%, 58.11%, 41.54%, 0.35%,940069
19069,1.14%, 49.56%, 48.43%, 2.01%,7e057b
19071,1.15%, 49.27%, 50.41%, 0.32%,7d0080
19073,4.72%, 52.22%, 47.51%, 0.27%,850079
19075,17.43%, 58.56%, 41.13%, 0.31%,950068
19077,15.07%, 57.33%, 42.27%, 0.40%,92016b
19079,11.54%, 44.03%, 55.56%, 0.41%,70018d
19081,1.65%, 50.63%, 48.99%, 0.38%,81007c
19083,8.85%, 54.26%, 45.41%, 0.33%,8a0073
19085,6.80%, 53.33%, 46.53%, 0.15%,870076
19087,34.93%, 67.36%, 32.43%, 0.22%,ab0052
19089,0.53%, 50.16%, 49.63%, 0.22%,7f007e
19091,6.76%, 46.44%, 53.20%, 0.36%,760087
19093,15.67%, 57.70%, 42.03%, 0.27%,93006b
19095,12.34%, 55.33%, 42.99%, 1.68%,8d046d
19097,12.41%, 56.07%, 43.66%, 0.27%,8e006f
19099,5.76%, 46.95%, 52.71%, 0.34%,770086
19101,17.86%, 58.67%, 40.81%, 0.52%,950168
19103,11.13%, 44.27%, 55.39%, 0.34%,70008d
19105,13.67%, 56.70%, 43.04%, 0.26%,90006d
19107,8.43%, 54.00%, 45.57%, 0.42%,890174
19109,7.09%, 46.35%, 53.45%, 0.20%,760088
19111,7.58%, 53.71%, 46.12%, 0.17%,880075
19113,9.37%, 54.54%, 45.17%, 0.28%,8b0073
19115,19.25%, 59.18%, 39.93%, 0.89%,960265
19117,7.71%, 53.24%, 45.53%, 1.23%,870374
19119,18.84%, 59.33%, 40.49%, 0.18%,970067
19121,18.20%, 58.91%, 40.71%, 0.38%,960067
19123,3.06%, 51.12%, 48.07%, 0.81%,82027a
19125,9.03%, 45.19%, 54.22%, 0.59%,73018a
19127,13.32%, 56.44%, 43.13%, 0.43%,8f016d
19129,14.98%, 57.39%, 42.41%, 0.21%,92006c
19131,13.20%, 56.49%, 43.29%, 0.21%,90006e
19133,6.57%, 46.63%, 53.20%, 0.17%,760087
19135,9.87%, 44.57%, 54.44%, 0.98%,71028a
19137,18.44%, 58.98%, 40.54%, 0.49%,960167
19139,18.85%, 59.24%, 40.39%, 0.37%,970066
19141,7.02%, 53.30%, 46.28%, 0.43%,870176
19143,2.89%, 51.14%, 48.25%, 0.61%,82017b
19145,28.58%, 64.04%, 35.47%, 0.49%,a3015a
19147,14.83%, 42.47%, 57.30%, 0.23%,6c0092
19149,33.63%, 66.72%, 33.09%, 0.20%,aa0054
19151,15.91%, 41.92%, 57.83%, 0.25%,6a0093
19153,11.16%, 44.26%, 55.42%, 0.32%,70008d
19155,2.27%, 51.07%, 48.80%, 0.12%,82007c
19157,0.22%, 49.66%, 49.88%, 0.46%,7e017f
19159,19.22%, 59.50%, 40.28%, 0.22%,970066
19161,7.44%, 53.66%, 46.23%, 0.11%,880075
19163,6.29%, 46.69%, 52.98%, 0.33%,770087
19165,9.48%, 54.53%, 45.05%, 0.43%,8b0172
19167,29.29%, 64.55%, 35.27%, 0.18%,a40059
19169,4.65%, 52.11%, 47.46%, 0.43%,840179
19171,1.10%, 49.31%, 50.42%, 0.27%,7d0080
19173,19.46%, 59.56%, 40.10%, 0.34%,970066
19175,25.29%, 62.54%, 37.25%, 0.21%,9f005e
19177,25.83%, 62.72%, 36.89%, 0.40%,9f015e
19179,13.52%, 43.03%, 56.56%, 0.41%,6d0190
19181,13.00%, 56.21%, 43.21%, 0.57%,8f016e
19183,16.65%, 58.11%, 41.46%, 0.43%,940169
19185,1.66%, 50.64%, 48.98%, 0.38%,81007c
19187,17.14%, 41.29%, 58.43%, 0.28%,690094
19189,4.02%, 51.78%, 47.76%, 0.45%,840179
19191,6.90%, 53.35%, 46.45%, 0.21%,880076
19193,3.43%, 48.19%, 51.62%, 0.19%,7a0083
19195,10.50%, 44.62%, 55.12%, 0.26%,71008c
19197,4.58%, 47.52%, 52.10%, 0.39%,790084
20001,33.31%, 66.42%, 33.10%, 0.48%,a90154
20003,29.37%, 64.41%, 35.04%, 0.55%,a40159
20005,12.92%, 56.07%, 43.15%, 0.78%,8e016e
20007,6.97%, 52.84%, 45.87%, 1.28%,860374
20009,9.32%, 54.43%, 45.11%, 0.45%,8a0173
20011,7.95%, 53.61%, 45.66%, 0.73%,880174
20013,38.86%, 69.18%, 30.32%, 0.50%,b0014d
20015,0.03%, 49.60%, 49.58%, 0.82%,7e027e
20017,16.28%, 57.78%, 41.51%, 0.71%,930169
20019,26.25%, 62.70%, 36.45%, 0.85%,9f025c
20021,0.52%, 49.27%, 49.79%, 0.94%,7d027e
20023,28.75%, 64.14%, 35.39%, 0.47%,a3015a
20025,0.32%, 49.47%, 49.79%, 0.74%,7e017e
20027,38.50%, 68.74%, 30.24%, 1.02%,af024d
20029,22.32%, 60.44%, 38.12%, 1.44%,9a0361
20031,29.20%, 64.26%, 35.06%, 0.68%,a30159
20033,19.89%, 59.50%, 39.60%, 0.90%,970264
20035,8.75%, 53.99%, 45.25%, 0.76%,890173
20037,4.04%, 47.68%, 51.71%, 0.61%,790183
20039,13.14%, 56.16%, 43.03%, 0.81%,8f026d
20041,27.14%, 63.25%, 36.11%, 0.64%,a1015c
20043,35.72%, 67.70%, 31.98%, 0.32%,ac0051
20045,41.64%, 70.28%, 28.64%, 1.08%,b30249
20047,21.27%, 60.14%, 38.87%, 0.99%,990263
20049,30.26%, 64.77%, 34.51%, 0.72%,a50158
20051,4.65%, 52.15%, 47.49%, 0.36%,840079
20053,8.57%, 54.13%, 45.56%, 0.31%,8a0074
20055,7.32%, 53.39%, 46.07%, 0.55%,880175
20057,4.80%, 51.97%, 47.17%, 0.86%,840278
20059,28.45%, 63.80%, 35.35%, 0.85%,a2025a
20061,6.23%, 52.65%, 46.42%, 0.93%,860276
20063,33.99%, 66.31%, 32.32%, 1.37%,a90352
20065,22.61%, 60.97%, 38.36%, 0.68%,9b0161
20067,23.06%, 61.03%, 37.97%, 0.99%,9b0260
20069,4.62%, 51.87%, 47.25%, 0.88%,840278
20071,29.74%, 64.55%, 34.81%, 0.65%,a40158
20073,21.37%, 60.34%, 38.97%, 0.69%,990163
20075,16.63%, 57.95%, 41.32%, 0.73%,930169
20077,12.64%, 55.73%, 43.09%, 1.18%,8e036d
20079,14.88%, 56.76%, 41.88%, 1.36%,90036a
20081,17.53%, 58.48%, 40.94%, 0.58%,950168
20083,22.41%, 60.87%, 38.46%, 0.67%,9b0162
20085,28.34%, 63.92%, 35.58%, 0.50%,a2015a
20087,32.19%, 65.81%, 33.62%, 0.58%,a70155
20089,44.77%, 71.57%, 26.80%, 1.64%,b60444
20091,28.22%, 63.97%, 35.75%, 0.28%,a3005b
20093,16.25%, 58.00%, 41.75%, 0.24%,93006a
20095,9.57%, 54.35%, 44.78%, 0.87%,8a0272
20097,29.66%, 64.10%, 34.43%, 1.47%,a30357
20099,8.91%, 54.17%, 45.26%, 0.57%,8a0173
20101,22.66%, 60.78%, 38.12%, 1.10%,9a0261
20103,16.78%, 58.25%, 41.46%, 0.29%,940069
20105,36.48%, 67.69%, 31.21%, 1.10%,ac024f
20107,32.63%, 66.04%, 33.41%, 0.55%,a80155
20109,34.34%, 66.83%, 32.50%, 0.67%,aa0152
20111,5.66%, 52.33%, 46.68%, 0.99%,850277
20113,22.30%, 60.24%, 37.94%, 1.83%,990460
20115,35.57%, 67.44%, 31.87%, 0.69%,ab0151
20117,33.83%, 66.65%, 32.82%, 0.52%,a90153
20119,24.48%, 61.13%, 36.65%, 0.23%,9b005d
20121,14.01%, 56.77%, 42.76%, 0.47%,90016d
20123,27.99%, 63.55%, 35.57%, 0.88%,a2025a
20125,15.83%, 57.68%, 41.85%, 0.48%,93016a
20127,24.16%, 61.64%, 37.48%, 0.88%,9d025f
20129,12.13%, 55.72%, 43.59%, 0.69%,8e016f
20131,31.68%, 65.64%, 33.96%, 0.41%,a70156
20133,19.37%, 59.43%, 40.06%, 0.51%,970166
20135,19.15%, 58.68%, 39.52%, 1.80%,950464
20137,41.92%, 70.28%, 28.36%, 1.36%,b30348
20139,21.89%, 60.52%, 38.63%, 0.85%,9a0262
20141,38.76%, 68.55%, 29.79%, 1.66%,ae044b
20143,15.13%, 57.06%, 41.93%, 1.02%,91026a
20145,2.46%, 50.77%, 48.31%, 0.92%,81027b
20147,39.94%, 69.49%, 29.55%, 0.96%,b1024b
20149,38.62%, 69.12%, 30.50%, 0.38%,b0004d
20151,1.02%, 49.94%, 48.92%, 1.14%,7f027c
20153,16.86%, 58.02%, 41.16%, 0.83%,930268
20155,8.21%, 53.64%, 45.43%, 0.94%,880273
20157,27.69%, 63.54%, 35.86%, 0.60%,a2015b
20159,13.64%, 56.49%, 42.85%, 0.66%,90016d
20161,38.15%, 68.59%, 30.44%, 0.97%,ae024d
20163,22.00%, 60.61%, 38.61%, 0.77%,9a0162
