state,county_name,margin,id
1,Autauga,-25,1001
1,Baldwin,-30.3,1003
1,Barbour,3.5,1005
1,Bibb,-3.3,1007
1,Blount,-20.9,1009
1,Bullock,41.7,1011
1,Butler,6.2,1013
1,Calhoun,-9.8,1015
1,Chambers,2,1017
1,Cherokee,18.7,1019
1,Chilton,-22,1021
1,Choctaw,11.5,1023
1,Clarke,-4,1025
1,Clay,-13.7,1027
1,Cleburne,-5.4,1029
1,Coffee,-11.7,1031
1,Colbert,18.4,1033
1,Conecuh,10.9,1035
1,Coosa,7.5,1037
1,Covington,-13.2,1039
1,Crenshaw,1.2,1041
1,Cullman,-13.6,1043
1,Dale,-19.2,1045
1,Dallas,18.7,1047
1,DeKalb,-10.5,1049
1,Elmore,-25.2,1051
1,Escambia,-8.9,1053
1,Etowah,7.3,1055
1,Fayette,2.6,1057
1,Franklin,9.8,1059
1,Geneva,-12.4,1061
1,Greene,62.7,1063
1,Hale,24.6,1065
1,Henry,-2.6,1067
1,Houston,-28.5,1069
1,Jackson,26,1071
1,Jefferson,-8,1073
1,Lamar,-6,1075
1,Lauderdale,6.5,1077
1,Lawrence,24,1079
1,Lee,-8.8,1081
1,Limestone,-8.3,1083
1,Lowndes,42.2,1085
1,Macon,69.9,1087
1,Madison,-11.6,1089
1,Marengo,10.3,1091
1,Marion,3.6,1093
1,Marshall,-6.8,1095
1,Mobile,-12.5,1097
1,Monroe,-10.8,1099
1,Montgomery,-4,1101
1,Morgan,-13.6,1103
1,Perry,32.4,1105
1,Pickens,1.9,1107
1,Pike,-6.5,1109
1,Randolph,-6.1,1111
1,Russell,19.5,1113
1,St. Clair,-27.5,1115
1,Shelby,-46.6,1117
1,Sumter,42.8,1119
1,Talladega,-7.5,1121
1,Tallapoosa,-15.8,1123
1,Tuscaloosa,-6.8,1125
1,Walker,11.9,1127
1,Washington,9.5,1129
1,Wilcox,33.3,1131
1,Winston,-21.2,1133
4,Apache,36.3,4001
4,Cochise,1.5,4003
4,Coconino,12,4005
4,Gila,9.7,4007
4,Graham,-8,4009
4,Greenlee,6.1,4011
4,La Paz,4.2,4012
4,Maricopa,-8.5,4013
4,Mohave,-1.1,4015
4,Navajo,11.8,4017
4,Pima,11.2,4019
4,Pinal,10.3,4021
4,Santa Cruz,6.1,4023
4,Yavapai,-8.7,4025
4,Yuma,-4.5,4027
5,Arkansas,26.5,5001
5,Ashley,33.3,5003
5,Baxter,8.5,5005
5,Benton,-12.4,5007
5,Boone,0.2,5009
5,Bradley,30.5,5011
5,Calhoun,12.7,5013
5,Carroll,2.7,5015
5,Chicot,44.3,5017
5,Clark,37.7,5019
5,Clay,45.2,5021
5,Cleburne,15.1,5023
5,Cleveland,22.6,5025
5,Columbia,10.6,5027
5,Conway,25.7,5029
5,Craighead,18.8,5031
5,Crawford,-1.4,5033
5,Crittenden,22.1,5035
5,Cross,25.1,5037
5,Dallas,16.6,5039
5,Desha,45.1,5041
5,Drew,28.7,5043
5,Faulkner,14,5045
5,Franklin,10.8,5047
5,Fulton,33.1,5049
5,Garland,16.5,5051
5,Grant,14.8,5053
5,Greene,32.7,5055
5,Hempstead,34.6,5057
5,Hot Spring,30.8,5059
5,Howard,20.9,5061
5,Independence,22.2,5063
5,Izard,33.8,5065
5,Jackson,40.9,5067
5,Jefferson,45.1,5069
5,Johnson,18.3,5071
5,Lafayette,27.2,5073
5,Lawrence,29.1,5075
5,Lee,42.3,5077
5,Lincoln,38.2,5079
5,Little River,32.3,5081
5,Logan,6.8,5083
5,Lonoke,10.8,5085
5,Madison,3.4,5087
5,Marion,11.7,5089
5,Miller,12.1,5091
5,Mississippi,33.5,5093
5,Monroe,29.3,5095
5,Montgomery,18.8,5097
5,Nevada,26,5099
5,Newton,0.9,5101
5,Ouachita,29.8,5103
5,Perry,21.2,5105
5,Phillips,38.2,5107
5,Pike,13.9,5109
5,Poinsett,34,5111
5,Polk,5.6,5113
5,Pope,-2,5115
5,Prairie,30.6,5117
5,Pulaski,23.1,5119
5,Randolph,34.1,5121
5,St. Francis,30.7,5123
5,Saline,10,5125
5,Scott,11.6,5127
5,Searcy,-2.4,5129
5,Sebastian,-0.6,5131
5,Sevier,19.2,5133
5,Sharp,17.8,5135
5,Stone,18.8,5137
5,Union,8,5139
5,Van Buren,16.4,5141
5,Washington,3.6,5143
5,White,9.1,5145
5,Woodruff,54.8,5147
5,Yell,21.7,5149
6,Alameda,42.4,6001
6,Alpine,-1.1,6003
6,Amador,-1.3,6005
6,Butte,1,6007
6,Calaveras,-0.1,6009
6,Colusa,-14,6011
6,Contra Costa,21.4,6013
6,Del Norte,5.9,6015
6,El Dorado,-7.5,6017
6,Fresno,1.5,6019
6,Glenn,-13,6021
6,Humboldt,17.6,6023
6,Imperial,5.4,6025
6,Inyo,-11.8,6027
6,Kern,-11.3,6029
6,Kings,-2.7,6031
6,Lake,16.6,6033
6,Lassen,-4.3,6035
6,Los Angeles,23.5,6037
6,Madera,-7.3,6039
6,Marin,35,6041
6,Mariposa,0.5,6043
6,Mendocino,28.4,6045
6,Merced,4.4,6047
6,Modoc,-6.8,6049
6,Mono,-1.9,6051
6,Monterey,15.8,6053
6,Napa,16,6055
6,Nevada,-4.3,6057
6,Orange,-12.3,6059
6,Placer,-8.2,6061
6,Plumas,1.4,6063
6,Riverside,1.5,6065
6,Sacramento,8.2,6067
6,San Benito,9.7,6069
6,San Bernardino,1.5,6071
6,San Diego,1.5,6073
6,San Joaquin,3.5,6077
6,San Luis Obispo,3.6,6079
6,San Mateo,26.8,6081
6,Santa Barbara,7.2,6083
6,Santa Clara,20.8,6085
6,Santa Cruz,36.2,6087
6,Shasta,-9.6,6089
6,Sierra,-2.1,6091
6,Siskiyou,7.7,6093
6,Solano,19.3,6095
6,Sonoma,28.7,6097
6,Stanislaus,4,6099
6,Sutter,-19.6,6101
6,Tehama,0.4,6103
6,Trinity,1.3,6105
6,Tulare,-10.5,6107
6,Tuolumne,2.8,6109
6,Ventura,1.5,6111
6,Yolo,25.2,6113
6,Yuba,-9.2,6115
8,Adams,14.1,8001
8,Alamosa,7.8,8003
8,Arapahoe,-3.1,8005
8,Archuleta,-15,8007
8,Baca,-19.6,8009
8,Bent,10,8011
8,Boulder,24.4,8013
8,Chaffee,-2.1,8015
8,Cheyenne,-25.9,8017
8,Clear Creek,8.7,8019
8,Conejos,15.7,8021
8,Costilla,46.4,8023
8,Crowley,-2.2,8025
8,Custer,-22.4,8027
8,Delta,-8.9,8029
8,Dolores,-8.6,8033
8,Douglas,-21.5,8035
8,Eagle,7.1,8037
8,Elbert,-19.2,8039
8,El Paso,-24.1,8041
8,Fremont,-4,8043
8,Garfield,4.9,8045
8,Gilpin,15,8047
8,Grand,-1.7,8049
8,Gunnison,12.6,8051
8,Hinsdale,-7.8,8053
8,Huerfano,23.3,8055
8,Jackson,-21.3,8057
8,Jefferson,-0.9,8059
8,Kiowa,-17.6,8061
8,Kit Carson,-23.9,8063
8,Lake,28.1,8065
8,La Plata,2.5,8067
8,Larimer,2.3,8069
8,Las Animas,32.1,8071
8,Lincoln,-19,8073
8,Logan,-8.4,8075
8,Mesa,-6.8,8077
8,Mineral,2.7,8079
8,Moffat,-8.3,8081
8,Montezuma,-11.2,8083
8,Montrose,-9.6,8085
8,Morgan,-8.3,8087
8,Otero,4.4,8089
8,Ouray,-12.2,8091
8,Park,-5.2,8093
8,Phillips,-16.7,8095
8,Pitkin,28.5,8097
8,Prowers,-11.2,8099
8,Pueblo,25,8101
8,Rio Blanco,-15.9,8103
8,Rio Grande,-8.5,8105
8,Routt,10.2,8107
8,Saguache,15.5,8109
8,San Juan,6.5,8111
8,San Miguel,28.2,8113
8,Sedgwick,-4.4,8115
8,Summit,13,8117
8,Teller,-17,8119
8,Washington,-23.2,8121
8,Weld,-3.1,8123
8,Yuma,-16.6,8125
10,Kent,-0.5,10001
10,New Castle,12.8,10003
10,Sussex,-2.4,10005
12,Alachua,19.7,12001
12,Baker,-21.4,12003
12,Bay,-21.9,12005
12,Bradford,-7.5,12007
12,Brevard,-12,12009
12,Broward,20.9,12011
12,Calhoun,-1.2,12013
12,Charlotte,-2.3,12015
12,Citrus,-1.1,12017
12,Clay,-34.7,12019
12,Collier,-27.3,12021
12,Columbia,-6.4,12023
12,Dixie,10.4,12029
12,Escambia,-19.7,12033
12,Flagler,2.7,12035
12,Franklin,-3,12037
12,Gadsden,31.4,12039
12,Gilchrist,2.9,12041
12,Glades,3.6,12043
12,Gulf,-12.2,12045
12,Hamilton,5.9,12047
12,Hardee,-13.7,12049
12,Hendry,-7.3,12051
12,Hernando,2.6,12053
12,Highlands,-10.1,12055
12,Hillsborough,-5,12057
12,Holmes,-20.2,12059
12,Indian River,-15.4,12061
12,Jackson,-8.4,12063
12,Jefferson,16.3,12065
12,Lafayette,-6.8,12067
12,Lake,-11,12069
12,Lee,-11.9,12071
12,Leon,16.2,12073
12,Levy,4.9,12075
12,Liberty,-11.9,12077
12,Madison,11,12079
12,Manatee,-8.8,12081
12,Marion,-5.3,12083
12,Martin,-18.8,12085
12,Monroe,1.9,12087
12,Nassau,-21.2,12089
12,Okaloosa,-33.6,12091
12,Okeechobee,1.3,12093
12,Orange,-11,12095
12,Osceola,-9.1,12097
12,Palm Beach,11.8,12099
12,Pasco,4,12101
12,Pinellas,0.4,12103
12,Polk,-9.9,12105
12,Putnam,7,12107
12,St. Johns,-19.8,12109
12,St. Lucie,-0.8,12111
12,Santa Rosa,-32.9,12113
12,Sarasota,-7.9,12115
12,Seminole,-18.3,12117
12,Sumter,5.4,12119
12,Suwannee,-5.1,12121
12,Taylor,-1.7,12123
12,Union,-8.4,12125
12,Volusia,3.8,12127
12,Wakulla,-3.9,12129
12,Walton,-13.5,12131
12,Washington,-14.6,12133
13,Appling,-1,13001
13,Atkinson,12.6,13003
13,Bacon,3.7,13005
13,Baker,32.3,13007
13,Baldwin,13.1,13009
13,Banks,-0.6,13011
13,Barrow,-3.4,13013
13,Bartow,-6.3,13015
13,Ben Hill,19.5,13017
13,Berrien,10.3,13019
13,Bibb,15.2,13021
13,Bleckley,3.5,13023
13,Brantley,8,13025
13,Brooks,2.7,13027
13,Bryan,-12.7,13029
13,Bulloch,-6.2,13031
13,Burke,18.4,13033
13,Butts,14.1,13035
13,Calhoun,41.5,13037
13,Camden,-7.4,13039
13,Candler,6.5,13043
13,Carroll,-10.4,13045
13,Catoosa,-18.9,13047
13,Charlton,-7.1,13049
13,Chatham,-0.5,13051
13,Chattooga,8.4,13055
13,Cherokee,-27.2,13057
13,Clay,42.9,13061
13,Clayton,3.3,13063
13,Clinch,-1.7,13065
13,Cobb,-20.2,13067
13,Coffee,-6,13069
13,Colquitt,-7.6,13071
13,Columbia,-33.9,13073
13,Cook,11.4,13075
13,Coweta,-13.2,13077
13,Crawford,21.2,13079
13,Crisp,6.2,13081
13,Dade,-8.5,13083
13,Dawson,-7.7,13085
13,Decatur,0.7,13087
13,DeKalb,25.2,13089
13,Dodge,11.4,13091
13,Dooly,28.3,13093
13,Dougherty,9,13095
13,Douglas,-16.8,13097
13,Early,12.4,13099
13,Echols,-5.4,13101
13,Effingham,-14.1,13103
13,Elbert,10.6,13105
13,Emanuel,4.5,13107
13,Evans,-0.4,13109
13,Fannin,-4.9,13111
13,Fayette,-28.9,13113
13,Floyd,-2.7,13115
13,Forsyth,-21.7,13117
13,Franklin,1.9,13119
13,Fulton,24.1,13121
13,Gilmer,-6,13123
13,Glascock,-19.7,13125
13,Glynn,-11.6,13127
13,Gordon,-10.4,13129
13,Grady,2.5,13131
13,Greene,23.5,13133
13,Gwinnett,-24.9,13135
13,Habersham,-16.1,13137
13,Hall,-15.1,13139
13,Hancock,62,13141
13,Haralson,1.9,13143
13,Harris,-9.1,13145
13,Hart,13.2,13147
13,Heard,8.1,13149
13,Henry,-19.8,13151
13,Houston,-5.6,13153
13,Irwin,13.9,13155
13,Jackson,-2,13157
13,Jasper,11,13159
13,Jeff Davis,1.7,13161
13,Jefferson,19.1,13163
13,Jenkins,17.3,13165
13,Johnson,4.8,13167
13,Jones,7.8,13169
13,Lamar,8.1,13171
13,Lanier,12.3,13173
13,Laurens,0.3,13175
13,Lee,-21.1,13177
13,Liberty,12.9,13179
13,Lincoln,6.1,13181
13,Long,8,13183
13,Lowndes,-5.7,13185
13,Lumpkin,0.7,13187
13,McDuffie,-4.9,13189
13,McIntosh,25.5,13191
13,Macon,40.6,13193
13,Madison,-13.9,13195
13,Marion,21.1,13197
13,Meriwether,22.4,13199
13,Miller,4.8,13201
13,Mitchell,19.6,13205
13,Monroe,5.7,13207
13,Montgomery,6.7,13209
13,Morgan,5.9,13211
13,Murray,-6.8,13213
13,Newton,0,13217
13,Oconee,-17.1,13219
13,Oglethorpe,-2.6,13221
13,Paulding,-13.1,13223
13,Peach,19.3,13225
13,Pickens,0.4,13227
13,Pierce,-1.1,13229
13,Pike,-4.2,13231
13,Polk,6.7,13233
13,Pulaski,19.7,13235
13,Putnam,8.4,13237
13,Rabun,-0.6,13241
13,Randolph,29.3,13243
13,Rockdale,-21.7,13247
13,Schley,7,13249
13,Screven,5.3,13251
13,Seminole,13.7,13253
13,Spalding,-5.6,13255
13,Stephens,-12.7,13257
13,Stewart,12.1,13259
13,Sumter,9.6,13261
13,Talbot,40.9,13263
13,Taliaferro,44,13265
13,Tattnall,-3.5,13267
13,Taylor,15,13269
13,Telfair,21.8,13271
13,Terrell,23,13273
13,Thomas,-5.5,13275
13,Tift,-5.8,13277
13,Toombs,-12.8,13279
13,Towns,-5.1,13281
13,Treutlen,9.3,13283
13,Troup,-10,13285
13,Turner,24.2,13287
13,Twiggs,36.7,13289
13,Union,-4.1,13291
13,Upson,-3.4,13293
13,Walker,-12.9,13295
13,Walton,-6.4,13297
13,Ware,0,13299
13,Warren,22.5,13301
13,Washington,16.8,13303
13,Wayne,-4.4,13305
13,Wheeler,16.4,13309
13,White,-13.8,13311
13,Whitfield,-21,13313
13,Wilcox,16.5,13315
13,Wilkes,10.6,13317
13,Wilkinson,25.8,13319
13,Worth,4,13321
15,Hawaii,20.1,15001
15,Honolulu,7.5,15003
15,Kauai,23.2,15007
15,Maui,21.1,15009
16,Ada,-15.5,16001
16,Adams,-15.3,16003
16,Bannock,-2.9,16005
16,Bear Lake,-30,16007
16,Benewah,1.3,16009
16,Bingham,-23.6,16011
16,Blaine,7.7,16013
16,Boise,-12.4,16015
16,Bonner,7.6,16017
16,Bonneville,-27,16019
16,Boundary,-10.2,16021
16,Butte,-11.3,16023
16,Camas,-14,16025
16,Canyon,-26.8,16027
16,Caribou,-24.3,16029
16,Cassia,-35.5,16031
16,Clark,-23.6,16033
16,Clearwater,7.5,16035
16,Custer,-12.2,16037
16,Elmore,-17.8,16039
16,Franklin,-39.3,16041
16,Fremont,-28.9,16043
16,Gem,-14.8,16045
16,Gooding,-11.6,16047
16,Idaho,-10.9,16049
16,Jefferson,-35.1,16051
16,Jerome,-18.3,16053
16,Kootenai,-4.2,16055
16,Latah,11.5,16057
16,Lemhi,-14.2,16059
16,Lewis,4.5,16061
16,Lincoln,-8.3,16063
16,Madison,-49.6,16065
16,Minidoka,-20,16067
16,Nez Perce,9.6,16069
16,Oneida,-19.4,16071
16,Owyhee,-25.5,16073
16,Payette,-18.3,16075
16,Power,-17.3,16077
16,Shoshone,26.6,16079
16,Teton,-15.1,16081
16,Twin Falls,-15.9,16083
16,Valley,-7,16085
16,Washington,-15.9,16087
17,Adams,-5.6,17001
17,Alexander,29,17003
17,Bond,9.4,17005
17,Boone,-3.5,17007
17,Brown,4.3,17009
17,Bureau,4,17011
17,Calhoun,27.6,17013
17,Carroll,-5.7,17015
17,Cass,16.1,17017
17,Champaign,10.4,17019
17,Christian,22.5,17021
17,Clark,2,17023
17,Clay,7.4,17025
17,Clinton,5.8,17027
17,Coles,5.9,17029
17,Cook,30,17031
17,Crawford,3.7,17033
17,Cumberland,4.8,17035
17,DeKalb,3.1,17037
17,De Witt,-2,17039
17,Douglas,0.4,17041
17,DuPage,-17.2,17043
17,Edgar,2.3,17045
17,Edwards,-8.5,17047
17,Effingham,-7.3,17049
17,Fayette,13.1,17051
17,Ford,-13.4,17053
17,Franklin,33.7,17055
17,Fulton,26.3,17057
17,Gallatin,35,17059
17,Greene,11,17061
17,Grundy,-1.4,17063
17,Hamilton,21.3,17065
17,Hancock,4.9,17067
17,Hardin,21.5,17069
17,Henderson,17.3,17071
17,Henry,8.6,17073
17,Iroquois,-17.2,17075
17,Jackson,26.5,17077
17,Jasper,5.3,17079
17,Jefferson,18,17081
17,Jersey,18,17083
17,Jo Daviess,-1.9,17085
17,Johnson,3.2,17087
17,Kane,-8.7,17089
17,Kankakee,4.5,17091
17,Kendall,-16.8,17093
17,Knox,16.6,17095
17,Lake,-7.7,17097
17,LaSalle,14.4,17099
17,Lawrence,7.9,17101
17,Lee,-7.2,17103
17,Livingston,-11.7,17105
17,Logan,-9.9,17107
17,McDonough,3.8,17109
17,McHenry,-18.7,17111
17,McLean,-4.5,17113
17,Macon,15.8,17115
17,Macoupin,23.4,17117
17,Madison,23.1,17119
17,Marion,20.7,17121
17,Marshall,5.1,17123
17,Mason,19.4,17125
17,Massac,8.4,17127
17,Menard,-9.1,17129
17,Mercer,11.8,17131
17,Monroe,0.7,17133
17,Montgomery,20.3,17135
17,Morgan,-1.3,17137
17,Moultrie,15.4,17139
17,Ogle,-12.4,17141
17,Peoria,9,17143
17,Perry,26.2,17145
17,Piatt,5.3,17147
17,Pike,7.4,17149
17,Pope,4.7,17151
17,Pulaski,23.1,17153
17,Putnam,18.3,17155
17,Randolph,21.9,17157
17,Richland,2.9,17159
17,Rock Island,19.7,17161
17,St. Clair,23.9,17163
17,Saline,27.1,17165
17,Sangamon,0.5,17167
17,Schuyler,3.5,17169
17,Scott,-2.7,17171
17,Shelby,13.1,17173
17,Stark,-1.4,17175
17,Stephenson,-5.1,17177
17,Tazewell,5,17179
17,Union,18.4,17181
17,Vermilion,17.4,17183
17,Wabash,-0.8,17185
17,Warren,3.9,17187
17,Washington,-0.2,17189
17,Wayne,-5.3,17191
17,White,14.2,17193
17,Whiteside,8,17195
17,Will,0.9,17197
17,Williamson,17,17199
17,Winnebago,5.4,17201
17,Woodford,-15.6,17203
18,Adams,-18.6,18001
18,Allen,-12.6,18003
18,Bartholomew,-17.7,18005
18,Benton,-18.8,18007
18,Blackford,-4.5,18009
18,Boone,-31.7,18011
18,Brown,-9.5,18013
18,Carroll,-14.5,18015
18,Cass,-16.4,18017
18,Clark,11.3,18019
18,Clay,-13.7,18021
18,Clinton,-21.6,18023
18,Crawford,7.2,18025
18,Daviess,-22.7,18027
18,Dearborn,-11.9,18029
18,Decatur,-23.5,18031
18,DeKalb,-13.5,18033
18,Delaware,-1.8,18035
18,Dubois,-5.6,18037
18,Elkhart,-25.4,18039
18,Fayette,-3.8,18041
18,Floyd,4.2,18043
18,Fountain,-6.7,18045
18,Franklin,-16.8,18047
18,Fulton,-16.8,18049
18,Gibson,11.8,18051
18,Grant,-15.9,18053
18,Greene,0.1,18055
18,Hamilton,-44.1,18057
18,Hancock,-30.6,18059
18,Harrison,2.7,18061
18,Hendricks,-34.1,18063
18,Henry,-9.6,18065
18,Howard,-14.6,18067
18,Huntington,-32.7,18069
18,Jackson,-9.8,18071
18,Jasper,-17.9,18073
18,Jay,-4.5,18075
18,Jefferson,4.4,18077
18,Jennings,-9,18079
18,Johnson,-31.1,18081
18,Knox,0.2,18083
18,Kosciusko,-35.9,18085
18,LaGrange,-20,18087
18,Lake,26.3,18089
18,LaPorte,6.5,18091
18,Lawrence,-12.9,18093
18,Madison,-2.1,18095
18,Marshall,-19,18099
18,Martin,-9.3,18101
18,Miami,-17.6,18103
18,Monroe,7,18105
18,Montgomery,-29.1,18107
18,Morgan,-29.6,18109
18,Newton,-10,18111
18,Noble,-10.7,18113
18,Ohio,-1.5,18115
18,Orange,-9.8,18117
18,Owen,-8.3,18119
18,Parke,-7.4,18121
18,Perry,19.8,18123
18,Pike,12.7,18125
18,Porter,-2.9,18127
18,Posey,1.7,18129
18,Pulaski,-12.8,18131
18,Putnam,-15.4,18133
18,Randolph,-9.1,18135
18,Ripley,-14.2,18137
18,Rush,-21.3,18139
18,St. Joseph,6.9,18141
18,Scott,18.3,18143
18,Shelby,-21.7,18145
18,Spencer,5.3,18147
18,Starke,6.8,18149
18,Steuben,-10.7,18151
18,Sullivan,12.6,18153
18,Switzerland,9.6,18155
18,Tippecanoe,-11.3,18157
18,Tipton,-22.5,18159
18,Union,-16.7,18161
18,Vanderburgh,4.6,18163
18,Vermillion,16.5,18165
18,Vigo,5.2,18167
18,Wabash,-16.9,18169
18,Warren,-5.9,18171
18,Warrick,2.6,18173
18,Washington,0.5,18175
18,Wayne,-8.3,18177
18,Wells,-20.9,18179
18,White,-16,18181
18,Whitley,-13.7,18183
19,Adair,-1.3,19001
19,Adams,6.6,19003
19,Allamakee,-3.9,19005
19,Appanoose,7.3,19007
19,Audubon,5.5,19009
19,Benton,9.6,19011
19,Black Hawk,13.3,19013
19,Boone,14.5,19015
19,Bremer,2.5,19017
19,Buchanan,8.9,19019
19,Buena Vista,-5.3,19021
19,Butler,-9.3,19023
19,Calhoun,-0.5,19025
19,Carroll,3.8,19027
19,Cass,-13.4,19029
19,Cedar,4,19031
19,Cerro Gordo,13,19033
19,Cherokee,-2.6,19035
19,Chickasaw,11.8,19037
19,Clarke,11.8,19039
19,Clay,4,19041
19,Clayton,7.6,19043
19,Clinton,11.8,19045
19,Crawford,4.1,19047
19,Dallas,6.5,19049
19,Davis,15.3,19051
19,Decatur,13.8,19053
19,Delaware,-1.2,19055
19,Des Moines,23.3,19057
19,Dickinson,-1.1,19059
19,Dubuque,15.2,19061
19,Emmet,9.7,19063
19,Fayette,4.9,19065
19,Floyd,16.6,19067
19,Franklin,-1.7,19069
19,Fremont,-0.9,19071
19,Greene,8.7,19073
19,Grundy,-20.5,19075
19,Guthrie,5,19077
19,Hamilton,3,19079
19,Hancock,-4.3,19081
19,Hardin,2.2,19083
19,Harrison,-6,19085
19,Henry,1.3,19087
19,Howard,12,19089
19,Humboldt,-10.3,19091
19,Ida,-6.2,19093
19,Iowa,-1.3,19095
19,Jackson,18.8,19097
19,Jasper,7,19099
19,Jefferson,0.2,19101
19,Johnson,28.2,19103
19,Jones,4.9,19105
19,Keokuk,6.3,19107
19,Kossuth,2.2,19109
19,Lee,26.7,19111
19,Linn,9.4,19113
19,Louisa,8.3,19115
19,Lucas,7.2,19117
19,Lyon,-33.9,19119
19,Madison,1.7,19121
19,Mahaska,-12.1,19123
19,Marion,-3.9,19125
19,Marshall,8.3,19127
19,Mills,-14.6,19129
19,Mitchell,4.5,19131
19,Monona,5.8,19133
19,Monroe,13.4,19135
19,Montgomery,-15,19137
19,Muscatine,5.9,19139
19,O'Brien,-23.1,19141
19,Osceola,-21.3,19143
19,Page,-23.5,19145
19,Palo Alto,10.8,19147
19,Plymouth,-19.4,19149
19,Pocahontas,3.8,19151
19,Polk,8.9,19153
19,Pottawattamie,-6.6,19155
19,Poweshiek,8.9,19157
19,Ringgold,13,19159
19,Sac,-4.6,19161
19,Scott,6.6,19163
19,Shelby,-10.9,19165
19,Sioux,-57.1,19167
19,Story,12.1,19169
19,Tama,7.5,19171
19,Taylor,6.5,19173
19,Union,5.6,19175
19,Van Buren,1.3,19177
19,Wapello,23.7,19179
19,Warren,7.2,19181
19,Washington,-2.2,19183
19,Wayne,9.3,19185
19,Webster,8.3,19187
19,Winnebago,-1.4,19189
19,Winneshiek,4.8,19191
19,Woodbury,-1.7,19193
19,Worth,14.1,19195
19,Wright,1.1,19197
20,Allen,-0.6,20001
20,Anderson,-1,20003
20,Atchison,5.8,20005
20,Barber,-16.2,20007
20,Barton,-9.3,20009
20,Bourbon,-5.2,20011
20,Brown,-13.7,20013
20,Butler,-9.1,20015
20,Chase,-8.3,20017
20,Chautauqua,-12.3,20019
20,Cherokee,5,20021
20,Cheyenne,-26,20023
20,Clark,-29.2,20025
20,Clay,-27.3,20027
20,Cloud,-7.5,20029
20,Coffey,-18.6,20031
20,Comanche,-24.2,20033
20,Cowley,-0.2,20035
20,Crawford,11.4,20037
20,Decatur,-17.4,20039
20,Dickinson,-14.5,20041
20,Doniphan,-10.1,20043
20,Douglas,15.4,20045
20,Edwards,-10.4,20047
20,Elk,-15.1,20049
20,Ellis,4.5,20051
20,Ellsworth,-5.8,20053
20,Finney,-24.4,20055
20,Ford,-16.5,20057
20,Franklin,-7.4,20059
20,Geary,-4.9,20061
20,Gove,-24.2,20063
20,Graham,-10.3,20065
20,Grant,-31.2,20067
20,Gray,-27.4,20069
20,Greeley,-35.8,20071
20,Greenwood,-3.8,20073
20,Hamilton,-24,20075
20,Harper,-15.6,20077
20,Harvey,-8.1,20079
20,Haskell,-37.6,20081
20,Hodgeman,-29.9,20083
20,Jackson,-6,20085
20,Jefferson,-0.4,20087
20,Jewell,-22,20089
20,Johnson,-13.2,20091
20,Kearny,-32.7,20093
20,Kingman,-14,20095
20,Kiowa,-37.1,20097
20,Labette,8.1,20099
20,Lane,-31.5,20101
20,Leavenworth,1.5,20103
20,Lincoln,-12.9,20105
20,Linn,-1.4,20107
20,Logan,-32.2,20109
20,Lyon,-1.9,20111
20,McPherson,-16.1,20113
20,Marion,-23.9,20115
20,Marshall,-0.2,20117
20,Meade,-32.5,20119
20,Miami,2.8,20121
20,Mitchell,-18.2,20123
20,Montgomery,-8.7,20125
20,Morris,-3.6,20127
20,Morton,-31,20129
20,Nemaha,-11.4,20131
20,Neosho,-1.6,20133
20,Ness,-18.1,20135
20,Norton,-22.5,20137
20,Osage,-3.5,20139
20,Osborne,-8.6,20141
20,Ottawa,-18.4,20143
20,Pawnee,-6.7,20145
20,Phillips,-21.7,20147
20,Pottawatomie,-12.6,20149
20,Pratt,-6.6,20151
20,Rawlins,-32.6,20153
20,Reno,-7.5,20155
20,Republic,-21.7,20157
20,Rice,-11.4,20159
20,Riley,-2.1,20161
20,Rooks,-15.4,20163
20,Rush,-3.1,20165
20,Russell,-6.4,20167
20,Saline,-2.9,20169
20,Scott,-37.4,20171
20,Sedgwick,-6.9,20173
20,Seward,-29.2,20175
20,Shawnee,3.2,20177
20,Sheridan,-24,20179
20,Sherman,-25,20181
20,Smith,-15.6,20183
20,Stafford,-10.4,20185
20,Stanton,-33.3,20187
20,Stevens,-41.1,20189
20,Sumner,-4.5,20191
20,Thomas,-23.3,20193
20,Trego,-6.2,20195
20,Wabaunsee,-12,20197
20,Wallace,-48.3,20199
20,Washington,-22.9,20201
20,Wichita,-35.8,20203
20,Wilson,-12.8,20205
20,Woodson,-3.9,20207
21,Adair,-26.4,21001
21,Allen,-13,21003
21,Anderson,-3.7,21005
21,Ballard,29.9,21007
21,Barren,1.7,21009
21,Bath,23.1,21011
21,Bell,10.7,21013
21,Boone,-24.6,21015
21,Bourbon,2.7,21017
21,Boyd,14.7,21019
21,Boyle,-1.3,21021
21,Bracken,3.3,21023
21,Breathitt,41.1,21025
21,Breckinridge,2.5,21027
21,Bullitt,0.5,21029
21,Butler,-26.3,21031
21,Caldwell,18.3,21033
21,Calloway,12,21035
21,Campbell,-17.4,21037
21,Carlisle,21.1,21039
21,Carroll,28.7,21041
21,Carter,10.7,21043
21,Casey,-36,21045
21,Christian,-6.3,21047
21,Clark,2.3,21049
21,Clay,-36.8,21051
21,Clinton,-35.8,21053
21,Crittenden,4.2,21055
21,Cumberland,-31,21057
21,Daviess,4.5,21059
21,Edmonson,-18.1,21061
21,Elliott,53.5,21063
21,Estill,-12.2,21065
21,Fleming,4.2,21069
21,Floyd,52.5,21071
21,Franklin,11,21073
21,Fulton,23.1,21075
21,Gallatin,20.3,21077
21,Garrard,-13.1,21079
21,Grant,-0.5,21081
21,Graves,17.6,21083
21,Grayson,-19.1,21085
21,Green,-19,21087
21,Greenup,15.5,21089
21,Hancock,12.5,21091
21,Hardin,-11.1,21093
21,Harlan,23.2,21095
21,Harrison,10.5,21097
21,Hart,7.7,21099
21,Henderson,19.5,21101
21,Henry,23,21103
21,Hickman,17.7,21105
21,Hopkins,16.3,21107
21,Jackson,-57.9,21109
21,Jessamine,-22,21113
21,Johnson,0.7,21115
21,Kenton,-20.5,21117
21,Knott,58.1,21119
21,Knox,-12.5,21121
21,Larue,0.7,21123
21,Laurel,-26.7,21125
21,Lawrence,6.3,21127
21,Lee,-14.2,21129
21,Leslie,-26.1,21131
21,Letcher,27.9,21133
21,Lewis,-15.9,21135
21,Lincoln,-1.5,21137
21,Livingston,24.2,21139
21,Logan,4,21141
21,Lyon,28.3,21143
21,McCracken,9.9,21145
21,McCreary,-26.7,21147
21,McLean,21,21149
21,Madison,-3.6,21151
21,Magoffin,22.2,21153
21,Marion,20.7,21155
21,Marshall,17.3,21157
21,Martin,-6,21159
21,Mason,3.8,21161
21,Meade,10.1,21163
21,Menifee,35.1,21165
21,Mercer,-2.7,21167
21,Metcalfe,0.6,21169
21,Monroe,-39,21171
21,Montgomery,14.4,21173
21,Morgan,32.1,21175
21,Muhlenberg,33.1,21177
21,Nelson,8.1,21179
21,Nicholas,16,21181
21,Ohio,7.2,21183
21,Oldham,-16.9,21185
21,Owen,20.3,21187
21,Owsley,-32.5,21189
21,Pendleton,-1.5,21191
21,Perry,20.6,21193
21,Pike,32.6,21195
21,Powell,10.2,21197
21,Pulaski,-30.7,21199
21,Robertson,11.7,21201
21,Rockcastle,-43.7,21203
21,Rowan,15,21205
21,Russell,-36.9,21207
21,Scott,-1.9,21209
21,Shelby,-1.5,21211
21,Simpson,9.5,21213
21,Spencer,2.5,21215
21,Taylor,-9,21217
21,Todd,4,21219
21,Trigg,12.7,21221
21,Trimble,23.7,21223
21,Union,29.9,21225
21,Warren,-10.7,21227
21,Washington,-1.9,21229
21,Wayne,-13.7,21231
21,Webster,34.8,21233
21,Whitley,-11.5,21235
21,Wolfe,36.4,21237
21,Woodford,-9.6,21239
23,Androscoggin,14.6,23001
23,Aroostook,8.4,23003
23,Cumberland,10.6,23005
23,Franklin,12.9,23007
23,Hancock,5.1,23009
23,Kennebec,12.5,23011
23,Knox,6.5,23013
23,Lincoln,1.7,23015
23,Oxford,10.3,23017
23,Penobscot,6.6,23019
23,Piscataquis,3.5,23021
23,Sagadahoc,4.9,23023
23,Somerset,9.4,23025
23,Waldo,6.6,23027
23,Washington,4.5,23029
23,York,3.4,23031
24,Allegany,-7.7,24001
24,Anne Arundel,-6.9,24003
24,Baltimore,5.2,24005
24,Calvert,-6,24009
24,Caroline,-12.2,24011
24,Carroll,-23.6,24013
24,Cecil,-2,24015
24,Charles,-7.3,24017
24,Dorchester,-9.1,24019
24,Frederick,-14.6,24021
24,Garrett,-27,24023
24,Harford,-11.4,24025
24,Howard,6.2,24027
24,Kent,-0.1,24029
24,Montgomery,22.1,24031
24,Prince George's,41.2,24033
24,Queen Anne's,-14.9,24035
24,St. Mary's,-10.2,24037
24,Somerset,-3.1,24039
24,Talbot,-15.5,24041
24,Washington,-11.9,24043
24,Wicomico,-6.9,24045
24,Worcester,-7.2,24047
25,Barnstable,11.7,25001
25,Bristol,23.7,25005
25,Dukes,31.2,25007
25,Norfolk,14.6,25021
25,Plymouth,4.6,25023
26,Alcona,2.3,26001
26,Alger,14.7,26003
26,Allegan,-15.3,26005
26,Alpena,13.3,26007
26,Antrim,-5.6,26009
26,Arenac,12.7,26011
26,Baraga,14.7,26013
26,Barry,-3.4,26015
26,Bay,18.6,26017
26,Benzie,4,26019
26,Berrien,-4.9,26021
26,Branch,-0.7,26023
26,Calhoun,9.8,26025
26,Cass,3.3,26027
26,Charlevoix,0.4,26029
26,Cheboygan,5.4,26031
26,Chippewa,-0.2,26033
26,Clare,11.8,26035
26,Clinton,-7,26037
26,Crawford,1,26039
26,Delta,13.1,26041
26,Dickinson,10.9,26043
26,Eaton,-4,26045
26,Emmet,-8,26047
26,Genesee,28.7,26049
26,Gladwin,7.8,26051
26,Gogebic,21.1,26053
26,Grand Traverse,-7.2,26055
26,Gratiot,-3.7,26057
26,Hillsdale,-13.1,26059
26,Houghton,6.5,26061
26,Huron,-2.8,26063
26,Ingham,13.2,26065
26,Ionia,-3.2,26067
26,Iosco,3.4,26069
26,Iron,23.9,26071
26,Isabella,4.9,26073
26,Jackson,-2.7,26075
26,Kalamazoo,5.3,26077
26,Kalkaska,1.9,26079
26,Kent,-13.6,26081
26,Keweenaw,17.4,26083
26,Lake,25.4,26085
26,Lapeer,-0.9,26087
26,Leelanau,-5.4,26089
26,Lenawee,2.8,26091
26,Livingston,-15.7,26093
26,Luce,0.5,26095
26,Mackinac,0.3,26097
26,Macomb,-4.9,26099
26,Manistee,14.6,26101
26,Marquette,20.1,26103
26,Mason,-2.1,26105
26,Mecosta,0.3,26107
26,Menominee,5.1,26109
26,Midland,-7.2,26111
26,Missaukee,-15.5,26113
26,Monroe,8,26115
26,Montcalm,1.3,26117
26,Montmorency,2.3,26119
26,Muskegon,12.2,26121
26,Newaygo,-4.9,26123
26,Oakland,-5,26125
26,Oceana,-1,26127
26,Ogemaw,11.8,26129
26,Ontonagon,20.9,26131
26,Osceola,-0.9,26133
26,Oscoda,-2.9,26135
26,Otsego,-2.9,26137
26,Ottawa,-36,26139
26,Presque Isle,12.4,26141
26,Roscommon,9,26143
26,Saginaw,12.1,26145
26,St. Clair,-1.7,26147
26,St. Joseph,-8.4,26149
26,Sanilac,-10.8,26151
26,Schoolcraft,21.5,26153
26,Shiawassee,5.2,26155
26,Tuscola,2,26157
26,Van Buren,6.9,26159
26,Washtenaw,23.2,26161
26,Wayne,33.4,26163
26,Wexford,1.6,26165
27,Aitkin,16.5,27001
27,Anoka,11.7,27003
27,Becker,-3.4,27005
27,Beltrami,12.5,27007
27,Benton,0.7,27009
27,Big Stone,16.3,27011
27,Blue Earth,9.8,27013
27,Brown,-8.2,27015
27,Carlton,25.9,27017
27,Carver,-6.9,27019
27,Cass,5.1,27021
27,Chippewa,11.9,27023
27,Chisago,13.2,27025
27,Clay,0.7,27027
27,Clearwater,7.2,27029
27,Cook,4.9,27031
27,Cottonwood,-1.5,27033
27,Crow Wing,-0.8,27035
27,Dakota,7.2,27037
27,Dodge,-5.3,27039
27,Douglas,-7,27041
27,Faribault,-1.1,27043
27,Fillmore,3.7,27045
27,Freeborn,15,27047
27,Goodhue,2.8,27049
27,Grant,9.8,27051
27,Hennepin,16.9,27053
27,Houston,-1.1,27055
27,Hubbard,1.5,27057
27,Isanti,10.5,27059
27,Itasca,17.6,27061
27,Jackson,10.5,27063
27,Kanabec,10.5,27065
27,Kandiyohi,5.8,27067
27,Kittson,7,27069
27,Koochiching,20.3,27071
27,Lake,30.7,27075
27,Lake of the Woods,1.4,27077
27,Le Sueur,6.7,27079
27,Lincoln,13,27081
27,Lyon,-0.9,27083
27,McLeod,-3.2,27085
27,Mahnomen,7.6,27087
27,Marshall,3,27089
27,Martin,-3.6,27091
27,Meeker,3.4,27093
27,Mille Lacs,9.2,27095
27,Morrison,3.8,27097
27,Mower,23.7,27099
27,Murray,7.3,27101
27,Nicollet,6.4,27103
27,Nobles,2.1,27105
27,Norman,5.9,27107
27,Olmsted,-7.7,27109
27,Otter Tail,-7.1,27111
27,Pennington,6.6,27113
27,Pine,19.3,27115
27,Pipestone,-3.5,27117
27,Polk,0.2,27119
27,Pope,12.3,27121
27,Ramsey,24.9,27123
27,Red Lake,14.9,27125
27,Redwood,-7.5,27127
27,Renville,6.3,27129
27,Rice,16.1,27131
27,Rock,-1.1,27133
27,Roseau,-6,27135
27,St. Louis,34.2,27137
27,Scott,0.9,27139
27,Sherburne,2.3,27141
27,Sibley,1.5,27143
27,Stearns,-1.8,27145
27,Steele,-5.2,27147
27,Stevens,4.1,27149
27,Swift,22.9,27151
27,Todd,0.7,27153
27,Traverse,8.5,27155
27,Wabasha,3.4,27157
27,Wadena,-2.3,27159
27,Waseca,0.3,27161
27,Washington,10.8,27163
27,Watonwan,4.1,27165
27,Wilkin,-14.3,27167
27,Winona,4.6,27169
27,Wright,2.4,27171
27,Yellow Medicine,11.1,27173
28,Adams,15.3,28001
28,Alcorn,0.9,28003
28,Amite,0.8,28005
28,Attala,-7.2,28007
28,Benton,29,28009
28,Bolivar,28.5,28011
28,Calhoun,-11.7,28013
28,Carroll,-16.7,28015
28,Chickasaw,1,28017
28,Choctaw,-15.7,28019
28,Claiborne,53.6,28021
28,Clarke,-28.1,28023
28,Clay,15.5,28025
28,Coahoma,20.4,28027
28,Copiah,-2.2,28029
28,Covington,-10.7,28031
28,DeSoto,-26.4,28033
28,Forrest,-18,28035
28,Franklin,-9,28037
28,George,-15.6,28039
28,Greene,-16,28041
28,Grenada,-5.4,28043
28,Hancock,-13.2,28045
28,Harrison,-20.6,28047
28,Hinds,-1.7,28049
28,Holmes,39.8,28051
28,Humphreys,20.9,28053
28,Issaquena,25.5,28055
28,Itawamba,-5.8,28057
28,Jackson,-27.4,28059
28,Jasper,4.2,28061
28,Jefferson,63.4,28063
28,Jefferson Davis,13.5,28065
28,Jones,-23.7,28067
28,Kemper,9.4,28069
28,Lafayette,-0.3,28071
28,Lamar,-38.8,28073
28,Lauderdale,-31.4,28075
28,Lawrence,-1.7,28077
28,Leake,-7.8,28079
28,Lee,-20.1,28081
28,Leflore,8.6,28083
28,Lincoln,-17.6,28085
28,Lowndes,-21,28087
28,Madison,-14.4,28089
28,Marion,-9.6,28091
28,Marshall,32.5,28093
28,Monroe,-8.6,28095
28,Montgomery,-5.2,28097
28,Neshoba,-30.3,28099
28,Newton,-38.2,28101
28,Noxubee,31.1,28103
28,Oktibbeha,-5,28105
28,Panola,12.4,28107
28,Pearl River,-20.6,28109
28,Perry,-23.3,28111
28,Pike,2,28113
28,Pontotoc,-19.5,28115
28,Prentiss,-10.9,28117
28,Quitman,23.7,28119
28,Rankin,-45.3,28121
28,Scott,-20.6,28123
28,Sharkey,18.9,28125
28,Simpson,-23,28127
28,Smith,-31.5,28129
28,Stone,-20.1,28131
28,Sunflower,14.1,28133
28,Tallahatchie,12.5,28135
28,Tate,-8.1,28137
28,Tippah,-11.1,28139
28,Tishomingo,6.4,28141
28,Tunica,33.8,28143
28,Union,-15,28145
28,Walthall,-4.2,28147
28,Warren,-9.9,28149
28,Washington,15.2,28151
28,Wayne,-10.4,28153
28,Webster,-21,28155
28,Wilkinson,36.6,28157
28,Winston,-4,28159
28,Yalobusha,8.4,28161
28,Yazoo,-2.2,28163
29,Adair,0.9,29001
29,Andrew,0.3,29003
29,Atchison,2.2,29005
29,Audrain,8.8,29007
29,Barry,-6,29009
29,Barton,-25.8,29011
29,Bates,6.4,29013
29,Benton,9.4,29015
29,Bollinger,-2.6,29017
29,Boone,11.7,29019
29,Buchanan,14.1,29021
29,Butler,1,29023
29,Caldwell,4,29025
29,Callaway,6.6,29027
29,Camden,-2.9,29029
29,Cape Girardeau,-13.6,29031
29,Carroll,6,29033
29,Carter,2.5,29035
29,Cass,-0.3,29037
29,Cedar,-0.4,29039
29,Chariton,16.5,29041
29,Christian,-6.9,29043
29,Clark,21.6,29045
29,Clay,8.9,29047
29,Clinton,12.2,29049
29,Cole,-16.2,29051
29,Cooper,-2.2,29053
29,Crawford,8.1,29055
29,Dade,-6.5,29057
29,Dallas,6.9,29059
29,Daviess,9.9,29061
29,DeKalb,7.5,29063
29,Dent,9.6,29065
29,Douglas,-7.7,29067
29,Dunklin,19.6,29069
29,Franklin,5.4,29071
29,Gasconade,-11.7,29073
29,Gentry,6.6,29075
29,Greene,-5,29077
29,Grundy,4.3,29079
29,Harrison,0.7,29081
29,Henry,15.9,29083
29,Hickory,16.5,29085
29,Holt,-5,29087
29,Howard,18.7,29089
29,Howell,1,29091
29,Iron,26.6,29093
29,Jackson,23.1,29095
29,Jasper,-16.3,29097
29,Jefferson,16.2,29099
29,Johnson,3.4,29101
29,Knox,12.7,29103
29,Laclede,-8.1,29105
29,Lafayette,4.2,29107
29,Lawrence,-7.3,29109
29,Lewis,16.1,29111
29,Lincoln,13.6,29113
29,Linn,14.7,29115
29,Livingston,2,29117
29,McDonald,-10.6,29119
29,Macon,13.1,29121
29,Madison,16.3,29123
29,Maries,9.3,29125
29,Marion,3.4,29127
29,Mercer,11.7,29129
29,Miller,-13.4,29131
29,Mississippi,27.2,29133
29,Moniteau,-9,29135
29,Monroe,21.7,29137
29,Montgomery,1.7,29139
29,Morgan,1.1,29141
29,New Madrid,29.6,29143
29,Newton,-15.2,29145
29,Nodaway,6.2,29147
29,Oregon,20.2,29149
29,Osage,-15.2,29151
29,Ozark,-4.5,29153
29,Pemiscot,26.1,29155
29,Perry,-9.4,29157
29,Pettis,-9.1,29159
29,Phelps,4.8,29161
29,Pike,18.5,29163
29,Platte,5.2,29165
29,Polk,-1.7,29167
29,Pulaski,3.2,29169
29,Putnam,-12.2,29171
29,Ralls,18.4,29173
29,Randolph,18.9,29175
29,Ray,19.7,29177
29,Reynolds,37.3,29179
29,Ripley,10,29181
29,St. Charles,-1.3,29183
29,St. Clair,8.9,29185
29,Ste. Genevieve,28.3,29186
29,St. Francois,18.3,29187
29,St. Louis,8.9,29189
29,Saline,19.3,29195
29,Schuyler,8.9,29197
29,Scotland,10.9,29199
29,Scott,7.1,29201
29,Shannon,23,29203
29,Shelby,7.9,29205
29,Stoddard,9.1,29207
29,Stone,-8.5,29209
29,Sullivan,5.3,29211
29,Taney,-10.6,29213
29,Texas,11.3,29215
29,Vernon,8.4,29217
29,Warren,3,29219
29,Washington,25.7,29221
29,Wayne,16.2,29223
29,Webster,-2,29225
29,Worth,8.2,29227
29,Wright,-8,29229
30,Beaverhead,-15.6,30001
30,Big Horn,17.7,30003
30,Blaine,12.6,30005
30,Broadwater,-18.4,30007
30,Carbon,-0.3,30009
30,Carter,-39.3,30011
30,Cascade,6,30013
30,Chouteau,-13,30015
30,Custer,-2.4,30017
30,Daniels,-2.9,30019
30,Dawson,2.2,30021
30,Fallon,-17.8,30025
30,Fergus,-17.3,30027
30,Flathead,-6.2,30029
30,Gallatin,-5.5,30031
30,Garfield,-33.9,30033
30,Glacier,19.7,30035
30,Golden Valley,-10.1,30037
30,Granite,-15,30039
30,Hill,15,30041
30,Jefferson,-3,30043
30,Judith Basin,-13.9,30045
30,Lake,3.2,30047
30,Lewis and Clark,6.8,30049
30,Liberty,-15.8,30051
30,Lincoln,-0.4,30053
30,McCone,-7.7,30055
30,Madison,-19.3,30057
30,Meagher,-16.2,30059
30,Mineral,16,30061
30,Missoula,17.2,30063
30,Musselshell,-10.2,30065
30,Park,-7.8,30067
30,Petroleum,-25,30069
30,Phillips,-14.9,30071
30,Pondera,-6.6,30073
30,Powder River,-25,30075
30,Powell,-2.3,30077
30,Prairie,-17.7,30079
30,Ravalli,-5,30081
30,Richland,-6.8,30083
30,Roosevelt,14.7,30085
30,Rosebud,13.8,30087
30,Sanders,7.3,30089
30,Sheridan,10.5,30091
30,Stillwater,-5.8,30095
30,Sweet Grass,-27,30097
30,Teton,-9.5,30099
30,Toole,-3.3,30101
30,Treasure,-9,30103
30,Valley,4.7,30105
30,Wheatland,-8.2,30107
30,Wibaux,-6.5,30109
30,Yellowstone,-4.7,30111
31,Adams,-22.1,31001
31,Antelope,-35.2,31003
31,Arthur,-49.3,31005
31,Banner,-45,31007
31,Blaine,-42.4,31009
31,Boone,-31.1,31011
31,Box Butte,-4.6,31013
31,Boyd,-24.9,31015
31,Brown,-37.3,31017
31,Buffalo,-33.9,31019
31,Burt,-11.3,31021
31,Butler,-19.2,31023
31,Cass,-13.6,31025
31,Cedar,-21.5,31027
31,Chase,-28.9,31029
31,Cherry,-38,31031
31,Cheyenne,-29,31033
31,Clay,-28.4,31035
31,Colfax,-21.8,31037
31,Cuming,-39.5,31039
31,Custer,-35.3,31041
31,Dakota,-7.1,31043
31,Dawes,-23.9,31045
31,Dawson,-33.8,31047
31,Deuel,-29.1,31049
31,Dixon,-21.4,31051
31,Dodge,-15.9,31053
31,Douglas,-13.2,31055
31,Dundy,-33.4,31057
31,Fillmore,-14.6,31059
31,Franklin,-24.8,31061
31,Frontier,-30.8,31063
31,Furnas,-26.4,31065
31,Gage,-6.8,31067
31,Garden,-37.2,31069
31,Garfield,-34.4,31071
31,Gosper,-22.7,31073
31,Grant,-38.3,31075
31,Greeley,-10.7,31077
31,Hall,-18.1,31079
31,Hamilton,-30.2,31081
31,Harlan,-23.8,31083
31,Hayes,-42.4,31085
31,Hitchcock,-26.9,31087
31,Holt,-40.3,31089
31,Hooker,-46.8,31091
31,Howard,-12.6,31093
31,Jefferson,-6.2,31095
31,Johnson,-2.7,31097
31,Kearney,-34,31099
31,Keith,-33.1,31101
31,Keya Paha,-41.7,31103
31,Kimball,-29.2,31105
31,Knox,-26.9,31107
31,Lancaster,-0.2,31109
31,Lincoln,-12.1,31111
31,Logan,-42.4,31113
31,Loup,-44.6,31115
31,McPherson,-51.1,31117
31,Madison,-40,31119
31,Merrick,-25.9,31121
31,Morrill,-24.1,31123
31,Nance,-14.7,31125
31,Nemaha,-15.2,31127
31,Nuckolls,-15,31129
31,Otoe,-13.5,31131
31,Pawnee,-5.8,31133
31,Perkins,-32.5,31135
31,Phelps,-39.2,31137
31,Pierce,-34.8,31139
31,Platte,-38.2,31141
31,Polk,-26.5,31143
31,Red Willow,-25,31145
31,Richardson,-10.9,31147
31,Rock,-43.2,31149
31,Saline,11.9,31151
31,Sarpy,-24,31153
31,Saunders,-16.7,31155
31,Scotts Bluff,-20.3,31157
31,Seward,-13.5,31159
31,Sheridan,-38.8,31161
31,Sherman,-8.8,31163
31,Sioux,-37,31165
31,Stanton,-30.3,31167
31,Thayer,-13.7,31169
31,Thomas,-45.4,31171
31,Thurston,-1.5,31173
31,Valley,-17.7,31175
31,Washington,-23.1,31177
31,Wayne,-29.2,31179
31,Webster,-15.4,31181
31,Wheeler,-34,31183
31,York,-34.2,31185
32,Churchill,-26.3,32001
32,Clark,8.9,32003
32,Douglas,-14.9,32005
32,Elko,-20.4,32007
32,Esmeralda,-17.6,32009
32,Eureka,-29.1,32011
32,Humboldt,-19.7,32013
32,Lander,-23.2,32015
32,Lincoln,-20.4,32017
32,Lyon,-7.9,32019
32,Mineral,-0.4,32021
32,Nye,-2.3,32023
32,Pershing,-11.3,32027
32,Storey,1.9,32029
32,Washoe,-2.8,32031
32,White Pine,4,32033
33,Belknap,-8.7,33001
33,Carroll,-6.8,33003
33,Cheshire,12.3,33005
33,Coos,8.1,33007
33,Grafton,5.3,33009
33,Hillsborough,-2,33011
33,Merrimack,3.9,33013
33,Rockingham,-2.4,33015
33,Strafford,11,33017
33,Sullivan,9,33019
34,Atlantic,5.9,34001
34,Bergen,-1.8,34003
34,Burlington,5.2,34005
34,Camden,17.8,34007
34,Cape May,-8.5,34009
34,Cumberland,5.7,34011
34,Essex,24.9,34013
34,Gloucester,4.9,34015
34,Hudson,18,34017
34,Hunterdon,-18,34019
34,Mercer,14.4,34021
34,Middlesex,7.1,34023
34,Monmouth,-6,34025
34,Morris,-19.5,34027
34,Ocean,-9.5,34029
34,Passaic,-0.6,34031
34,Salem,-1.1,34033
34,Somerset,-10.9,34035
34,Sussex,-25.8,34037
34,Union,4.2,34039
34,Warren,-13.2,34041
35,Bernalillo,6.8,35001
35,Catron,-19.7,35003
35,Chaves,-13.2,35005
35,Cibola,20.5,35006
35,Colfax,16.8,35007
35,Curry,-24.8,35009
35,De Baca,-6.3,35011
35,Eddy,0.5,35015
35,Grant,26.1,35017
35,Guadalupe,25.4,35019
35,Harding,-6.5,35021
35,Hidalgo,5.4,35023
35,Lea,-17.7,35025
35,Lincoln,-16.1,35027
35,Los Alamos,-4,35028
35,Luna,7.5,35029
35,McKinley,30.2,35031
35,Mora,36.6,35033
35,Otero,-13,35035
35,Quay,0,35037
35,Rio Arriba,44.7,35039
35,Roosevelt,-16.1,35041
35,Sandoval,10.5,35043
35,San Juan,-7,35045
35,San Miguel,42.6,35047
35,Santa Fe,40.8,35049
35,Sierra,4.7,35051
35,Socorro,11.9,35053
35,Taos,44.8,35055
35,Torrance,-0.1,35057
35,Union,-24.6,35059
35,Valencia,7.1,35061
36,Albany,20.1,36001
36,Allegany,-22.1,36003
36,Broome,8.8,36007
36,Cattaraugus,-10.8,36009
36,Cayuga,2.9,36011
36,Chautauqua,2.3,36013
36,Chemung,-2.5,36015
36,Chenango,-0.4,36017
36,Clinton,-1.8,36019
36,Columbia,-0.7,36021
36,Cortland,0.2,36023
36,Delaware,-8.2,36025
36,Dutchess,-4.4,36027
36,Erie,14.8,36029
36,Essex,-8.2,36031
36,Franklin,5.6,36033
36,Fulton,-3.2,36035
36,Genesee,-13.7,36037
36,Greene,-11.6,36039
36,Hamilton,-28.2,36041
36,Herkimer,-4,36043
36,Jefferson,-2.2,36045
36,Lewis,-3.9,36049
36,Livingston,-12.9,36051
36,Madison,-4.1,36053
36,Monroe,2.2,36055
36,Montgomery,3.1,36057
36,Nassau,5.9,36059
36,Niagara,5.4,36063
36,Oneida,-2.6,36065
36,Onondaga,6.1,36067
36,Ontario,-6.5,36069
36,Orange,-6.2,36071
36,Orleans,-15.2,36073
36,Oswego,-3,36075
36,Otsego,1.3,36077
36,Putnam,-11.9,36079
36,Rensselaer,1.1,36083
36,Rockland,5.9,36087
36,St. Lawrence,10.2,36089
36,Saratoga,-4.3,36091
36,Schenectady,8.3,36093
36,Schoharie,-4.8,36095
36,Schuyler,-4.4,36097
36,Seneca,2.5,36099
36,Steuben,-18.6,36101
36,Suffolk,-1.5,36103
36,Sullivan,7.4,36105
36,Tioga,-6.5,36107
36,Tompkins,28,36109
36,Ulster,4.5,36111
36,Warren,-8.5,36113
36,Washington,-7.5,36115
36,Wayne,-15.6,36117
36,Westchester,8.5,36119
36,Wyoming,-20,36121
36,Yates,-11.2,36123
37,Alamance,-12,37001
37,Alexander,-14,37003
37,Alleghany,8.8,37005
37,Anson,34.4,37007
37,Ashe,-5.2,37009
37,Avery,-31.5,37011
37,Beaufort,-5.6,37013
37,Bertie,39,37015
37,Bladen,24.4,37017
37,Brunswick,6,37019
37,Buncombe,2.8,37021
37,Burke,-2.8,37023
37,Cabarrus,-18.8,37025
37,Caldwell,-13.7,37027
37,Camden,4.3,37029
37,Carteret,-10.6,37031
37,Caswell,23.1,37033
37,Catawba,-18.4,37035
37,Chatham,15.8,37037
37,Cherokee,-3.8,37039
37,Chowan,10.5,37041
37,Clay,-7.3,37043
37,Cleveland,-2,37045
37,Columbus,31.7,37047
37,Craven,-6.3,37049
37,Cumberland,4.9,37051
37,Currituck,-4.8,37053
37,Dare,-4,37055
37,Davidson,-16.9,37057
37,Davie,-25.2,37059
37,Duplin,11.1,37061
37,Durham,23.8,37063
37,Edgecombe,24.9,37065
37,Forsyth,-3.3,37067
37,Franklin,13.9,37069
37,Gaston,-25.4,37071
37,Gates,27.3,37073
37,Graham,-9.5,37075
37,Granville,13.5,37077
37,Greene,10.3,37079
37,Guilford,4.2,37081
37,Halifax,23.5,37083
37,Harnett,-6.1,37085
37,Haywood,14.7,37087
37,Henderson,-18.9,37089
37,Hertford,31.3,37091
37,Hoke,31.9,37093
37,Hyde,20.4,37095
37,Iredell,-15.8,37097
37,Jackson,12.8,37099
37,Johnston,-13.1,37101
37,Jones,13.6,37103
37,Lee,-5.5,37105
37,Lenoir,-0.7,37107
37,Lincoln,-12.8,37109
37,McDowell,-5.9,37111
37,Macon,-1.5,37113
37,Madison,10.7,37115
37,Martin,13.9,37117
37,Mecklenburg,-1.1,37119
37,Mitchell,-38.2,37121
37,Montgomery,9.6,37123
37,Moore,-10.5,37125
37,Nash,-12.1,37127
37,New Hanover,-7.8,37129
37,Northampton,42,37131
37,Onslow,-15.6,37133
37,Orange,33,37135
37,Pamlico,6,37137
37,Pasquotank,13.4,37139
37,Pender,7.8,37141
37,Perquimans,10.1,37143
37,Person,-1.3,37145
37,Pitt,3.4,37147
37,Polk,-6.8,37149
37,Randolph,-24.2,37151
37,Richmond,30.9,37153
37,Robeson,38.1,37155
37,Rockingham,3.9,37157
37,Rowan,-16.3,37159
37,Rutherford,-9.4,37161
37,Sampson,3.7,37163
37,Scotland,23.5,37165
37,Stanly,-15.2,37167
37,Stokes,-9.1,37169
37,Surry,-6.3,37171
37,Swain,11,37173
37,Transylvania,-6.6,37175
37,Tyrrell,22.4,37177
37,Union,-18,37179
37,Vance,14.4,37181
37,Wake,1.1,37183
37,Warren,40.5,37185
37,Washington,21.3,37187
37,Watauga,1.9,37189
37,Wayne,-14.9,37191
37,Wilkes,-19.1,37193
37,Wilson,-0.3,37195
37,Yadkin,-26.1,37197
37,Yancey,3.1,37199
38,Adams,-11,38001
38,Barnes,-9.4,38003
38,Benson,9.6,38005
38,Billings,-23.1,38007
38,Bottineau,-12.7,38009
38,Bowman,-10.8,38011
38,Burke,-6.1,38013
38,Burleigh,-23.3,38015
38,Cass,-13.7,38017
38,Cavalier,-21.1,38019
38,Dickey,-19.5,38021
38,Divide,7.3,38023
38,Dunn,-5.5,38025
38,Eddy,-1,38027
38,Emmons,-18.6,38029
38,Foster,-12.3,38031
38,Golden Valley,-22.3,38033
38,Grand Forks,-9,38035
38,Grant,-24.7,38037
38,Griggs,-7.2,38039
38,Hettinger,-21.2,38041
38,Kidder,-15.8,38043
38,LaMoure,-17.2,38045
38,Logan,-21.5,38047
38,McHenry,-4.4,38049
38,McIntosh,-33.3,38051
38,McKenzie,-17.3,38053
38,McLean,-6,38055
38,Mercer,-18.9,38057
38,Morton,-12.6,38059
38,Mountrail,11.5,38061
38,Nelson,-1.1,38063
38,Oliver,-16.1,38065
38,Pembina,-17.8,38067
38,Pierce,-13.9,38069
38,Ramsey,-8.4,38071
38,Ransom,2.2,38073
38,Renville,-4.5,38075
38,Richland,-14.3,38077
38,Rolette,30.7,38079
38,Sargent,6.4,38081
38,Sheridan,-26.6,38083
38,Sioux,20.3,38085
38,Slope,-15.1,38087
38,Stark,-14,38089
38,Steele,6.9,38091
38,Stutsman,-7.3,38093
38,Towner,8.5,38095
38,Traill,-8.3,38097
38,Walsh,-10.3,38099
38,Ward,-16.2,38101
38,Wells,-9.7,38103
38,Williams,-6.6,38105
39,Adams,-6.7,39001
39,Allen,-24.4,39003
39,Ashland,-18.6,39005
39,Ashtabula,13,39007
39,Athens,24.1,39009
39,Auglaize,-27.1,39011
39,Belmont,29.6,39013
39,Brown,-2.4,39015
39,Butler,-18,39017
39,Carroll,4.1,39019
39,Champaign,-11.1,39021
39,Clark,4.2,39023
39,Clermont,-22.6,39025
39,Clinton,-17.3,39027
39,Columbiana,10,39029
39,Coshocton,3.1,39031
39,Crawford,-10.9,39033
39,Cuyahoga,23.5,39035
39,Darke,-16.7,39037
39,Defiance,-8.5,39039
39,Delaware,-24.3,39041
39,Erie,5.8,39043
39,Fairfield,-19.4,39045
39,Fayette,-19.2,39047
39,Franklin,-2.2,39049
39,Fulton,-14.7,39051
39,Gallia,-3.1,39053
39,Geauga,-16.6,39055
39,Greene,-12.7,39057
39,Guernsey,4.1,39059
39,Hamilton,-10.9,39061
39,Hancock,-27.7,39063
39,Hardin,-11.3,39065
39,Harrison,19.7,39067
39,Henry,-17,39069
39,Highland,-14.2,39071
39,Hocking,1.6,39073
39,Holmes,-34.4,39075
39,Huron,-6.3,39077
39,Jackson,-3.2,39079
39,Jefferson,26.4,39081
39,Knox,-8.2,39083
39,Lake,-2.9,39085
39,Lawrence,8.4,39087
39,Licking,-13.2,39089
39,Logan,-23.8,39091
39,Lorain,12,39093
39,Lucas,18.1,39095
39,Madison,-20.4,39097
39,Mahoning,26.7,39099
39,Marion,-8,39101
39,Medina,-8.5,39103
39,Meigs,3,39105
39,Mercer,-20.5,39107
39,Miami,-16.7,39109
39,Monroe,31.8,39111
39,Montgomery,1.3,39113
39,Morgan,-4.7,39115
39,Morrow,-10.2,39117
39,Muskingum,-7.2,39119
39,Noble,-0.4,39121
39,Ottawa,6.8,39123
39,Paulding,-3.8,39125
39,Perry,1.9,39127
39,Pickaway,-15.4,39129
39,Pike,8.5,39131
39,Portage,12.7,39133
39,Preble,-13.6,39135
39,Putnam,-31.6,39137
39,Richland,-6.9,39139
39,Ross,-1.3,39141
39,Sandusky,-3.2,39143
39,Scioto,8.3,39145
39,Seneca,-1.8,39147
39,Shelby,-17.9,39149
39,Stark,4.7,39151
39,Summit,12.6,39153
39,Trumbull,26.7,39155
39,Tuscarawas,4.4,39157
39,Union,-29.5,39159
39,Van Wert,-23.9,39161
39,Vinton,6.2,39163
39,Warren,-27.4,39165
39,Washington,-6.5,39167
39,Wayne,-10.5,39169
39,Williams,-15.8,39171
39,Wood,0.3,39173
39,Wyandot,-13.2,39175
40,Adair,-5.3,40001
40,Alfalfa,-27.2,40003
40,Atoka,15,40005
40,Beaver,-39.2,40007
40,Beckham,0.4,40009
40,Blaine,-12.7,40011
40,Bryan,20.9,40013
40,Caddo,10.4,40015
40,Canadian,-28.9,40017
40,Carter,6.6,40019
40,Cherokee,12.1,40021
40,Choctaw,27.8,40023
40,Cimarron,-35.1,40025
40,Cleveland,-13.8,40027
40,Coal,26.2,40029
40,Comanche,-9.7,40031
40,Cotton,13.1,40033
40,Craig,10.8,40035
40,Creek,-3.7,40037
40,Custer,-15.6,40039
40,Delaware,0,40041
40,Dewey,-14.3,40043
40,Ellis,-20.8,40045
40,Garfield,-25,40047
40,Garvin,7,40049
40,Grady,-4.6,40051
40,Grant,-14.6,40053
40,Greer,7.1,40055
40,Harmon,17.8,40057
40,Harper,-27.1,40059
40,Haskell,29,40061
40,Hughes,23.9,40063
40,Jackson,-6.6,40065
40,Jefferson,30.1,40067
40,Johnston,20.9,40069
40,Kay,-10.8,40071
40,Kingfisher,-32.8,40073
40,Kiowa,10.3,40075
40,Latimer,28.5,40077
40,Le Flore,11.9,40079
40,Lincoln,-11.4,40081
40,Logan,-11.7,40083
40,Love,21.3,40085
40,McClain,-9.3,40087
40,McCurtain,13.6,40089
40,McIntosh,24.8,40091
40,Major,-37.9,40093
40,Marshall,18.9,40095
40,Mayes,6.5,40097
40,Murray,18.9,40099
40,Muskogee,17.4,40101
40,Noble,-21.6,40103
40,Nowata,8.5,40105
40,Okfuskee,12.1,40107
40,Oklahoma,-19.5,40109
40,Okmulgee,20.7,40111
40,Osage,5.8,40113
40,Ottawa,16.4,40115
40,Pawnee,-0.9,40117
40,Payne,-10.2,40119
40,Pittsburg,15.2,40121
40,Pontotoc,7.4,40123
40,Pottawatomie,-6.8,40125
40,Pushmataha,25.2,40127
40,Roger Mills,-5.7,40129
40,Rogers,-15.1,40131
40,Seminole,13.4,40133
40,Sequoyah,8.6,40135
40,Stephens,2.7,40137
40,Texas,-36.9,40139
40,Tillman,8.9,40141
40,Tulsa,-19.3,40143
40,Wagoner,-9.4,40145
40,Washington,-20,40147
40,Washita,0.3,40149
40,Woods,-18.1,40151
40,Woodward,-22.8,40153
41,Baker,-6.2,41001
41,Benton,16.9,41003
41,Clackamas,4.2,41005
41,Clatsop,17.9,41007
41,Columbia,15.9,41009
41,Coos,9.4,41011
41,Crook,-2.7,41013
41,Curry,0.3,41015
41,Deschutes,0.1,41017
41,Douglas,-10.7,41019
41,Gilliam,-0.3,41021
41,Grant,-9,41023
41,Harney,-11.1,41025
41,Hood River,8.3,41027
41,Jackson,0.6,41029
41,Jefferson,3.4,41031
41,Josephine,-5.9,41033
41,Klamath,-14.8,41035
41,Lake,-20.3,41037
41,Lane,21.3,41039
41,Lincoln,18,41041
41,Linn,-2.3,41043
41,Malheur,-26.6,41045
41,Marion,-0.9,41047
41,Morrow,-0.4,41049
41,Multnomah,31.1,41051
41,Polk,-2.1,41053
41,Sherman,-5.6,41055
41,Tillamook,14.7,41057
41,Umatilla,-1.5,41059
41,Union,-2,41061
41,Wallowa,-10.5,41063
41,Wasco,13,41065
41,Washington,6.2,41067
41,Wheeler,-10.5,41069
41,Yamhill,-1.7,41071
42,Adams,-13.4,42001
42,Allegheny,23,42003
42,Armstrong,13.7,42005
42,Beaver,28.6,42007
42,Bedford,-18,42009
42,Berks,-5.3,42011
42,Blair,-14.7,42013
42,Bradford,-14.7,42015
42,Bucks,1.3,42017
42,Butler,-2.2,42019
42,Cambria,20.4,42021
42,Cameron,-13,42023
42,Carbon,8.5,42025
42,Centre,1.3,42027
42,Chester,-8.5,42029
42,Clarion,-5.7,42031
42,Clearfield,2.2,42033
42,Clinton,7.3,42035
42,Columbia,-6.2,42037
42,Crawford,-3.8,42039
42,Cumberland,-19.9,42041
42,Dauphin,-8.6,42043
42,Delaware,1,42045
42,Elk,0.8,42047
42,Erie,14.6,42049
42,Fayette,33,42051
42,Forest,4.1,42053
42,Franklin,-22.7,42055
42,Fulton,-19.3,42057
42,Greene,32.8,42059
42,Huntingdon,-13.4,42061
42,Indiana,12.7,42063
42,Jefferson,-7.2,42065
42,Juniata,-16.4,42067
42,Lackawanna,12.2,42069
42,Lancaster,-27.6,42071
42,Lawrence,20.6,42073
42,Lebanon,-21.3,42075
42,Lehigh,3.6,42077
42,Luzerne,5.7,42079
42,Lycoming,-16.8,42081
42,McKean,-10,42083
42,Mercer,14.4,42085
42,Mifflin,-9.2,42087
42,Monroe,-2.9,42089
42,Montgomery,3.4,42091
42,Montour,-14.2,42093
42,Northampton,8,42095
42,Northumberland,-6.3,42097
42,Perry,-24.7,42099
42,Pike,-12.5,42103
42,Potter,-22.1,42105
42,Schuylkill,-3.3,42107
42,Snyder,-31.6,42109
42,Somerset,-4.2,42111
42,Sullivan,-9.9,42113
42,Susquehanna,-11.9,42115
42,Tioga,-17.9,42117
42,Union,-22.4,42119
42,Venango,-1.4,42121
42,Warren,2.1,42123
42,Washington,28.6,42125
42,Wayne,-20.1,42127
42,Westmoreland,14.6,42129
42,Wyoming,-18.3,42131
42,York,-10.5,42133
45,Abbeville,7.8,45001
45,Aiken,-23.4,45003
45,Allendale,32.1,45005
45,Anderson,-18.2,45007
45,Bamberg,26.5,45009
45,Barnwell,-8.3,45011
45,Beaufort,-10.5,45013
45,Berkeley,-15.6,45015
45,Calhoun,6.1,45017
45,Charleston,-7.4,45019
45,Cherokee,-9.8,45021
45,Chester,19.6,45023
45,Chesterfield,13.5,45025
45,Clarendon,17.2,45027
45,Colleton,8,45029
45,Darlington,0.9,45031
45,Dillon,14.6,45033
45,Dorchester,-20.8,45035
45,Edgefield,1.3,45037
45,Fairfield,29.1,45039
45,Florence,-10.9,45041
45,Georgetown,3.9,45043
45,Greenville,-26.7,45045
45,Greenwood,-7.7,45047
45,Hampton,26.3,45049
45,Horry,-9,45051
45,Jasper,30,45053
45,Kershaw,-11,45055
45,Lancaster,2.9,45057
45,Laurens,-9.9,45059
45,Lee,22,45061
45,Lexington,-34,45063
45,McCormick,31,45065
45,Marion,21.2,45067
45,Marlboro,30.1,45069
45,Newberry,-8.8,45071
45,Oconee,-18.4,45073
45,Orangeburg,22.1,45075
45,Pickens,-29.6,45077
45,Richland,9.3,45079
45,Saluda,-9.3,45081
45,Spartanburg,-16.8,45083
45,Sumter,-2.7,45085
45,Union,0,45087
45,Williamsburg,19.6,45089
45,York,-12.4,45091
46,Aurora,5,46003
46,Beadle,6.2,46005
46,Bennett,-11.9,46007
46,Bon Homme,2.4,46009
46,Brookings,-0.4,46011
46,Brown,4.8,46013
46,Brule,5.7,46015
46,Buffalo,29.3,46017
46,Butte,-18.9,46019
46,Campbell,-33.4,46021
46,Charles Mix,1.7,46023
46,Clark,-0.2,46025
46,Clay,15.8,46027
46,Codington,-2.2,46029
46,Corson,-3.1,46031
46,Custer,-10.2,46033
46,Davison,2.1,46035
46,Day,11.2,46037
46,Deuel,4.2,46039
46,Dewey,7.1,46041
46,Douglas,-33.5,46043
46,Edmunds,-2.2,46045
46,Fall River,-3.1,46047
46,Faulk,-11.9,46049
46,Grant,-2.7,46051
46,Gregory,-5.7,46053
46,Haakon,-49.4,46055
46,Hamlin,-11.3,46057
46,Hand,-13.6,46059
46,Hanson,3,46061
46,Harding,-42.7,46063
46,Hughes,-21.6,46065
46,Hutchinson,-19.1,46067
46,Hyde,-14.6,46069
46,Jackson,-23.6,46071
46,Jerauld,5.6,46073
46,Jones,-37,46075
46,Kingsbury,4.9,46077
46,Lake,8.9,46079
46,Lawrence,-6.3,46081
46,Lincoln,-5.4,46083
46,Lyman,-12.4,46085
46,McCook,-0.3,46087
46,McPherson,-26.6,46089
46,Marshall,10.7,46091
46,Meade,-20.2,46093
46,Mellette,-16.7,46095
46,Miner,9.8,46097
46,Minnehaha,3.1,46099
46,Moody,18.6,46101
46,Pennington,-18.4,46103
46,Perkins,-15.4,46105
46,Potter,-23,46107
46,Roberts,6.7,46109
46,Sanborn,2.3,46111
46,Shannon,63.1,46113
46,Spink,5,46115
46,Stanley,-20.9,46117
46,Sully,-28.9,46119
46,Todd,28.1,46121
46,Tripp,-12.3,46123
46,Turner,-9.3,46125
46,Union,8.4,46127
46,Walworth,-21,46129
46,Yankton,-0.3,46135
46,Ziebach,-6.5,46137
47,Anderson,5.7,47001
47,Bedford,18.7,47003
47,Benton,37.1,47005
47,Bledsoe,2.7,47007
47,Blount,-10,47009
47,Bradley,-22.4,47011
47,Campbell,14.3,47013
47,Cannon,31.5,47015
47,Carroll,7.7,47017
47,Carter,-21.9,47019
47,Cheatham,13.5,47021
47,Chester,-9.2,47023
47,Claiborne,4.6,47025
47,Clay,26.4,47027
47,Cocke,-18,47029
47,Coffee,14.6,47031
47,Crockett,8.9,47033
47,Cumberland,-4.6,47035
47,Decatur,20.7,47039
47,DeKalb,39.7,47041
47,Dickson,24.2,47043
47,Dyer,1.4,47045
47,Fayette,5.8,47047
47,Fentress,5.9,47049
47,Franklin,23,47051
47,Gibson,13,47053
47,Giles,28.4,47055
47,Grainger,-9.5,47057
47,Greene,-9.9,47059
47,Grundy,45.4,47061
47,Hamblen,-10,47063
47,Hamilton,-5.9,47065
47,Hancock,-11.2,47067
47,Hardeman,19.8,47069
47,Hardin,0.5,47071
47,Hawkins,-6.9,47073
47,Haywood,15.6,47075
47,Henderson,-13.5,47077
47,Henry,25.9,47079
47,Hickman,33.7,47081
47,Houston,46.2,47083
47,Humphreys,36.5,47085
47,Jackson,58.7,47087
47,Jefferson,-11.7,47089
47,Johnson,-25,47091
47,Knox,-4.8,47093
47,Lake,33.3,47095
47,Lauderdale,19.1,47097
47,Lawrence,8.7,47099
47,Lewis,30.7,47101
47,Lincoln,12.1,47103
47,Loudon,-7.6,47105
47,McMinn,-4.8,47107
47,McNairy,6.2,47109
47,Macon,11.5,47111
47,Madison,-4,47113
47,Marion,23.1,47115
47,Marshall,24.4,47117
47,Maury,12.5,47119
47,Meigs,9.1,47121
47,Monroe,-5.1,47123
47,Montgomery,4.8,47125
47,Morgan,14.3,47129
47,Obion,13.1,47131
47,Overton,42.6,47133
47,Perry,40.4,47135
47,Pickett,2.1,47137
47,Polk,21.6,47139
47,Putnam,13.3,47141
47,Rhea,-5.6,47143
47,Roane,5.2,47145
47,Robertson,20.5,47147
47,Rutherford,4.7,47149
47,Scott,-4.4,47151
47,Sequatchie,10.5,47153
47,Sevier,-23.5,47155
47,Shelby,10.4,47157
47,Smith,50.8,47159
47,Stewart,40.1,47161
47,Sullivan,-13.8,47163
47,Sumner,4.7,47165
47,Tipton,-8.1,47167
47,Unicoi,-15.1,47171
47,Union,3.8,47173
47,Van Buren,37.2,47175
47,Warren,28.2,47177
47,Washington,-14.5,47179
47,Wayne,-20.6,47181
47,Weakley,7.5,47183
47,White,28.1,47185
47,Williamson,-22.3,47187
47,Wilson,6.1,47189
48,Anderson,-1.9,48001
48,Andrews,-28,48003
48,Angelina,2.3,48005
48,Aransas,-8.5,48007
48,Archer,-6.9,48009
48,Armstrong,-27.6,48011
48,Atascosa,-0.4,48013
48,Austin,-22,48015
48,Bailey,-26.7,48017
48,Bandera,-30.3,48019
48,Bastrop,8.8,48021
48,Baylor,17.7,48023
48,Bee,4.9,48025
48,Bell,-11.4,48027
48,Bexar,0.8,48029
48,Blanco,-15.4,48031
48,Borden,-20.7,48033
48,Bosque,-1.9,48035
48,Bowie,0.1,48037
48,Brazoria,-11.9,48039
48,Brazos,-18.5,48041
48,Brewster,7.9,48043
48,Briscoe,7.3,48045
48,Brooks,60.4,48047
48,Brown,-8.3,48049
48,Burleson,8.8,48051
48,Burnet,-5.8,48053
48,Caldwell,12.6,48055
48,Calhoun,-1.3,48057
48,Callahan,-8.3,48059
48,Cameron,15.7,48061
48,Camp,18.1,48063
48,Carson,-26.9,48065
48,Cass,12.7,48067
48,Castro,-6.7,48069
48,Chambers,-6.7,48071
48,Cherokee,-6,48073
48,Childress,-6.5,48075
48,Clay,6.8,48077
48,Cochran,-20.2,48079
48,Coke,-3.8,48081
48,Coleman,2.9,48083
48,Collin,-28,48085
48,Collingsworth,-3.9,48087
48,Colorado,-11.8,48089
48,Comal,-25.4,48091
48,Comanche,12.1,48093
48,Concho,6.1,48095
48,Cooke,-16.8,48097
48,Coryell,-13.9,48099
48,Cottle,29,48101
48,Crane,-21.9,48103
48,Crockett,1.8,48105
48,Crosby,0.2,48107
48,Culberson,20.5,48109
48,Dallam,-29,48111
48,Dallas,-3.7,48113
48,Dawson,-21.6,48115
48,Deaf Smith,-26.9,48117
48,Delta,13.2,48119
48,Denton,-17.7,48121
48,Dickens,14,48125
48,Dimmit,53.1,48127
48,Donley,-18.2,48129
48,Duval,65.7,48131
48,Eastland,-1.3,48133
48,Ector,-19.4,48135
48,Edwards,-23.3,48137
48,Ellis,-12,48139
48,El Paso,15.2,48141
48,Erath,-2.9,48143
48,Falls,16.2,48145
48,Fannin,17.2,48147
48,Fayette,-9.8,48149
48,Fisher,31.6,48151
48,Floyd,-24.2,48153
48,Foard,28.6,48155
48,Fort Bend,-12.5,48157
48,Franklin,8.3,48159
48,Freestone,2,48161
48,Frio,25.5,48163
48,Gaines,-26.6,48165
48,Galveston,8.1,48167
48,Garza,-22.4,48169
48,Gillespie,-37.2,48171
48,Glasscock,-48.6,48173
48,Goliad,-5.9,48175
48,Gonzales,-8.9,48177
48,Gray,-35.5,48179
48,Grayson,0.6,48181
48,Gregg,-18.5,48183
48,Grimes,3.1,48185
48,Guadalupe,-18.4,48187
48,Hale,-32.6,48189
48,Hall,11,48191
48,Hamilton,-4,48193
48,Hansford,-54.7,48195
48,Hardeman,17.6,48197
48,Hardin,5.2,48199
48,Harris,-4.9,48201
48,Harrison,3.5,48203
48,Hartley,-37.6,48205
48,Haskell,20.5,48207
48,Hays,3.1,48209
48,Hemphill,-30,48211
48,Henderson,3,48213
48,Hidalgo,27.5,48215
48,Hill,2.5,48217
48,Hockley,-25,48219
48,Hood,-6.7,48221
48,Hopkins,6.5,48223
48,Houston,2.3,48225
48,Howard,-12.8,48227
48,Hudspeth,4.5,48229
48,Hunt,-9.3,48231
48,Hutchinson,-29.4,48233
48,Irion,-3.3,48235
48,Jack,6.4,48237
48,Jackson,-14.2,48239
48,Jasper,14.8,48241
48,Jeff Davis,-4.5,48243
48,Jefferson,19.7,48245
48,Jim Hogg,49.3,48247
48,Jim Wells,35.8,48249
48,Johnson,-3.9,48251
48,Jones,5.3,48253
48,Karnes,-1.9,48255
48,Kaufman,-0.4,48257
48,Kendall,-37.9,48259
48,Kenedy,10.3,48261
48,Kent,15.7,48263
48,Kerr,-31,48265
48,Kimble,-20,48267
48,King,-13.2,48269
48,Kinney,-2.3,48271
48,Kleberg,11.5,48273
48,Knox,18.4,48275
48,Lamar,3.4,48277
48,Lamb,-23.1,48279
48,Lampasas,-14,48281
48,La Salle,40.3,48283
48,Lavaca,-8.5,48285
48,Lee,-5.2,48287
48,Leon,-3.1,48289
48,Liberty,0.5,48291
48,Limestone,11.8,48293
48,Lipscomb,-34.4,48295
48,Live Oak,-11.6,48297
48,Llano,-8.9,48299
48,Loving,-11.5,48301
48,Lubbock,-32.2,48303
48,Lynn,-13.7,48305
48,McCulloch,8.2,48307
48,McLennan,-3.7,48309
48,McMullen,-44.3,48311
48,Madison,0.2,48313
48,Marion,21.3,48315
48,Martin,-17.4,48317
48,Mason,-12,48319
48,Matagorda,-4.4,48321
48,Maverick,34.6,48323
48,Medina,-11.7,48325
48,Menard,15.6,48327
48,Midland,-36.2,48329
48,Milam,15.1,48331
48,Mills,2.5,48333
48,Mitchell,7.2,48335
48,Montague,7.7,48337
48,Montgomery,-27.5,48339
48,Moore,-32.4,48341
48,Morris,29.3,48343
48,Motley,-23.2,48345
48,Nacogdoches,-13.5,48347
48,Navarro,7.5,48349
48,Newton,37,48351
48,Nolan,8.3,48353
48,Nueces,9.5,48355
48,Ochiltree,-52.4,48357
48,Oldham,-36.3,48359
48,Orange,17,48361
48,Palo Pinto,5.9,48363
48,Panola,5.1,48365
48,Parker,-8.6,48367
48,Parmer,-39.3,48369
48,Pecos,-1.3,48371
48,Polk,3.9,48373
48,Potter,-14.3,48375
48,Presidio,41.7,48377
48,Rains,4.4,48379
48,Randall,-39.1,48381
48,Reagan,-25.1,48383
48,Real,-19.8,48385
48,Red River,16.8,48387
48,Reeves,29.1,48389
48,Refugio,1.6,48391
48,Roberts,-43,48393
48,Robertson,21.7,48395
48,Rockwall,-30.3,48397
48,Runnels,-5.8,48399
48,Rusk,-13.1,48401
48,Sabine,17,48403
48,San Augustine,13.5,48405
48,San Jacinto,5,48407
48,San Patricio,3.9,48409
48,San Saba,-0.4,48411
48,Schleicher,-2.6,48413
48,Scurry,-17.3,48415
48,Shackelford,-9,48417
48,Shelby,8.8,48419
48,Sherman,-43.1,48421
48,Smith,-17.3,48423
48,Somervell,-3.5,48425
48,Starr,69.7,48427
48,Stephens,-12.2,48429
48,Sterling,-30.8,48431
48,Stonewall,28.4,48433
48,Sutton,-10.2,48435
48,Swisher,14.4,48437
48,Tarrant,-5.8,48439
48,Taylor,-22.6,48441
48,Terrell,23.6,48443
48,Terry,-19.3,48445
48,Throckmorton,1.2,48447
48,Titus,6.8,48449
48,Tom Green,-9.7,48451
48,Travis,15.4,48453
48,Trinity,13.5,48455
48,Tyler,15.1,48457
48,Upshur,2.1,48459
48,Upton,-23.9,48461
48,Uvalde,-1.7,48463
48,Val Verde,5.9,48465
48,Van Zandt,-3,48467
48,Victoria,-21.1,48469
48,Walker,-6.5,48471
48,Waller,13.3,48473
48,Ward,-1.7,48475
48,Washington,-23.4,48477
48,Webb,27,48479
48,Wharton,-6.7,48481
48,Wheeler,-18.8,48483
48,Wichita,-2,48485
48,Wilbarger,-0.7,48487
48,Willacy,34,48489
48,Williamson,-11.1,48491
48,Wilson,-0.5,48493
48,Winkler,-8.5,48495
48,Wise,-0.6,48497
48,Wood,-5,48499
48,Yoakum,-34.6,48501
48,Young,-5.6,48503
48,Zapata,36.5,48505
48,Zavala,64.3,48507
49,Beaver,-17.7,49001
49,Box Elder,-35.5,49003
49,Cache,-35.8,49005
49,Carbon,27.7,49007
49,Daggett,-11.3,49009
49,Davis,-29.7,49011
49,Duchesne,-26.5,49013
49,Emery,-6.5,49015
49,Garfield,-46.7,49017
49,Grand,1.8,49019
49,Iron,-43.5,49021
49,Juab,-14.3,49023
49,Kane,-43.5,49025
49,Millard,-36.7,49027
49,Morgan,-27.8,49029
49,Piute,-34.6,49031
49,Rich,-42.3,49033
49,Salt Lake,-5.4,49035
49,San Juan,-8.4,49037
49,Sanpete,-25.3,49039
49,Sevier,-33.9,49041
49,Summit,-1.2,49043
49,Tooele,-4,49045
49,Uintah,-27.4,49047
49,Utah,-43.8,49049
49,Wasatch,-18,49051
49,Washington,-37,49053
49,Wayne,-38.3,49055
49,Weber,-13.2,49057
50,Addison,17.9,50001
50,Bennington,12.5,50003
50,Caledonia,2.9,50005
50,Chittenden,23.2,50007
50,Essex,1.8,50009
50,Franklin,13.5,50011
50,Grand Isle,12.8,50013
50,Lamoille,15.1,50015
50,Orange,11.4,50017
50,Orleans,10,50019
50,Rutland,6,50021
50,Washington,13.8,50023
50,Windham,26.1,50025
50,Windsor,16.5,50027
51,Accomack,-5.5,51001
51,Albemarle,0,51003
51,Alleghany,1.8,51005
51,Amelia,-12.5,51007
51,Amherst,-12.7,51009
51,Appomattox,-16.3,51011
51,Arlington,25.9,51013
51,Augusta,-35.3,51015
51,Bath,-9.4,51017
51,Bedford,-17.9,51019
51,Bland,-13,51021
51,Botetourt,-12.8,51023
51,Brunswick,18,51025
51,Buchanan,35.1,51027
51,Buckingham,-3.4,51029
51,Campbell,-24.9,51031
51,Caroline,10.6,51033
51,Carroll,-17.2,51035
51,Charles City,42.5,51036
51,Charlotte,-3.9,51037
51,Chesterfield,-28.1,51041
51,Clarke,-3.9,51043
51,Craig,-1.9,51045
51,Culpeper,-17,51047
51,Cumberland,-10.7,51049
51,Dickenson,27.8,51051
51,Dinwiddie,-0.2,51053
51,Essex,-8.1,51057
51,Fairfax,-2.7,51059
51,Fauquier,-18.8,51061
51,Floyd,-10.3,51063
51,Fluvanna,-11.5,51065
51,Franklin,-0.8,51067
51,Frederick,-25.7,51069
51,Giles,4.2,51071
51,Gloucester,-18,51073
51,Goochland,-16.7,51075
51,Grayson,-11,51077
51,Greene,-21.1,51079
51,Greensville,22.6,51081
51,Halifax,-4,51083
51,Hanover,-36,51085
51,Henrico,-18.5,51087
51,Henry,1.3,51089
51,Highland,-13.7,51091
51,Isle of Wight,-8.7,51093
51,James City,-12.3,51095
51,King and Queen,5.4,51097
51,King George,-14.3,51099
51,King William,-14.7,51101
51,Lancaster,-18.6,51103
51,Lee,17.4,51105
51,Loudoun,-11.6,51107
51,Louisa,-0.8,51109
51,Lunenburg,-2.9,51111
51,Madison,-13.4,51113
51,Mathews,-17.2,51115
51,Mecklenburg,-10.2,51117
51,Middlesex,-13.4,51119
51,Montgomery,0.2,51121
51,Nelson,7.7,51125
51,New Kent,-17.7,51127
51,Northampton,8.5,51131
51,Northumberland,-15.1,51133
51,Nottoway,-3.4,51135
51,Orange,-8.3,51137
51,Page,-14.1,51139
51,Patrick,-14.7,51141
51,Pittsylvania,-17.3,51143
51,Powhatan,-26.6,51145
51,Prince Edward,-1.3,51147
51,Prince George,-18.2,51149
51,Prince William,-11.8,51153
51,Pulaski,-3.7,51155
51,Rappahannock,-4.3,51157
51,Richmond,-18.9,51159
51,Roanoke,-14.5,51161
51,Rockbridge,-4.2,51163
51,Rockingham,-35.4,51165
51,Russell,22.5,51167
51,Scott,-5.5,51169
51,Shenandoah,-27.2,51171
51,Smyth,-9.3,51173
51,Southampton,5.1,51175
51,Spotsylvania,-15.4,51177
51,Stafford,-19.4,51179
51,Surry,23.8,51181
51,Sussex,15.7,51183
51,Tazewell,12.9,51185
51,Warren,-7.9,51187
51,Washington,-9.9,51191
51,Westmoreland,3.3,51193
51,Wise,17.1,51195
51,Wythe,-14.3,51197
51,York,-20,51199
53,Adams,-13.9,53001
53,Asotin,10.7,53003
53,Benton,-12.2,53005
53,Chelan,-12.1,53007
53,Clallam,3.6,53009
53,Clark,5.4,53011
53,Columbia,-4.9,53013
53,Cowlitz,14.6,53015
53,Douglas,-10.7,53017
53,Ferry,7.5,53019
53,Franklin,-6.8,53021
53,Garfield,-11.1,53023
53,Grant,-10.2,53025
53,Grays Harbor,21,53027
53,Island,0.1,53029
53,Jefferson,20.7,53031
53,King,22.8,53033
53,Kitsap,5.8,53035
53,Kittitas,11,53037
53,Klickitat,9.9,53039
53,Lewis,-16.6,53041
53,Lincoln,-10.1,53043
53,Mason,11.7,53045
53,Okanogan,5.8,53047
53,Pacific,25.4,53049
53,Pend Oreille,5.7,53051
53,Pierce,10.3,53053
53,San Juan,20.4,53055
53,Skagit,6.2,53057
53,Skamania,10.2,53059
53,Snohomish,8.6,53061
53,Spokane,5.6,53063
53,Stevens,-5.1,53065
53,Thurston,15,53067
53,Wahkiakum,11.6,53069
53,Walla Walla,-2.9,53071
53,Whatcom,4.4,53073
53,Whitman,6.9,53075
53,Yakima,-8.3,53077
54,Barbour,16.5,54001
54,Berkeley,-9.9,54003
54,Boone,47.2,54005
54,Braxton,32.3,54007
54,Brooke,29.9,54009
54,Cabell,5.6,54011
54,Calhoun,16.3,54013
54,Clay,18.4,54015
54,Doddridge,-17.7,54017
54,Fayette,35.7,54019
54,Gilmer,15.6,54021
54,Grant,-40.8,54023
54,Greenbrier,11.1,54025
54,Hampshire,-6.5,54027
54,Hancock,26.2,54029
54,Hardy,-4.9,54031
54,Harrison,19.1,54033
54,Jackson,8.1,54035
54,Jefferson,5.8,54037
54,Kanawha,8.5,54039
54,Lewis,7.9,54041
54,Lincoln,23.4,54043
54,Logan,47.6,54045
54,McDowell,52,54047
54,Marion,30.4,54049
54,Marshall,18.7,54051
54,Mason,13.6,54053
54,Mercer,8,54055
54,Mineral,-7.9,54057
54,Mingo,43.7,54059
54,Monongalia,15.1,54061
54,Monroe,2,54063
54,Morgan,-13.7,54065
54,Nicholas,21.8,54067
54,Ohio,10.1,54069
54,Pendleton,1.1,54071
54,Pleasants,4.1,54073
54,Pocahontas,8.9,54075
54,Preston,-4.7,54077
54,Putnam,-4.8,54079
54,Raleigh,17.7,54081
54,Randolph,15.7,54083
54,Ritchie,-16.1,54085
54,Roane,6.8,54087
54,Summers,20.5,54089
54,Taylor,13.4,54091
54,Tucker,15,54093
54,Tyler,-0.1,54095
54,Upshur,-4.2,54097
54,Wayne,16.2,54099
54,Webster,42.2,54101
54,Wetzel,19.5,54103
54,Wirt,4.4,54105
54,Wood,-5.3,54107
54,Wyoming,30.8,54109
55,Adams,13.4,55001
55,Ashland,21.9,55003
55,Barron,7.4,55005
55,Bayfield,18.2,55007
55,Brown,-4.7,55009
55,Buffalo,13.9,55011
55,Burnett,11.2,55013
55,Calumet,-10,55015
55,Chippewa,9,55017
55,Clark,3.8,55019
55,Columbia,1.1,55021
55,Crawford,14.7,55023
55,Dane,25.1,55025
55,Dodge,-9.9,55027
55,Door,-5.3,55029
55,Douglas,29.9,55031
55,Dunn,14.7,55033
55,Eau Claire,11.3,55035
55,Florence,1.4,55037
55,Fond du Lac,-13.6,55039
55,Forest,11.7,55041
55,Grant,5.3,55043
55,Green,4,55045
55,Green Lake,-11.7,55047
55,Iowa,11.6,55049
55,Iron,12.6,55051
55,Jackson,12.3,55053
55,Jefferson,-4.6,55055
55,Juneau,1.1,55057
55,Kenosha,12.1,55059
55,Kewaunee,4.6,55061
55,La Crosse,7.6,55063
55,Lafayette,7.1,55065
55,Langlade,-2.6,55067
55,Lincoln,7.3,55069
55,Manitowoc,4.6,55071
55,Marathon,0.9,55073
55,Marinette,-1.7,55075
55,Marquette,3.1,55077
55,Menominee,38.6,55078
55,Milwaukee,18.1,55079
55,Monroe,1.8,55081
55,Oconto,1.1,55083
55,Oneida,2.4,55085
55,Outagamie,-9.1,55087
55,Ozaukee,-25.4,55089
55,Pepin,16.1,55091
55,Pierce,17.3,55093
55,Polk,12.8,55095
55,Portage,13.7,55097
55,Price,10.8,55099
55,Racine,2.9,55101
55,Richland,3.7,55103
55,Rock,13.3,55105
55,Rusk,11.9,55107
55,St. Croix,8.4,55109
55,Sauk,1.1,55111
55,Sawyer,1.9,55113
55,Shawano,-6.6,55115
55,Sheboygan,-3.6,55117
55,Taylor,-1.2,55119
55,Trempealeau,20.3,55121
55,Vernon,12.6,55123
55,Vilas,-7.6,55125
55,Walworth,-10.6,55127
55,Washburn,6.5,55129
55,Washington,-18.8,55131
55,Waukesha,-22.9,55133
55,Waupaca,-15.5,55135
55,Waushara,-6.3,55137
55,Winnebago,-8.4,55139
55,Wood,-1.8,55141
56,Albany,11.9,56001
56,Big Horn,-21,56003
56,Campbell,-23.2,56005
56,Carbon,6.3,56007
56,Converse,-17.9,56009
56,Crook,-30.1,56011
56,Fremont,-4.5,56013
56,Goshen,-12,56015
56,Hot Springs,-10,56017
56,Johnson,-30.4,56019
56,Laramie,-2.3,56021
56,Lincoln,-20.3,56023
56,Natrona,0.3,56025
56,Niobrara,-25.9,56027
56,Park,-21.9,56029
56,Platte,-6.7,56031
56,Sheridan,-1.4,56033
56,Sublette,-24.6,56035
56,Sweetwater,13,56037
56,Teton,3.2,56039
56,Uinta,-9.5,56041
56,Washakie,-15.1,56043
56,Weston,-24.4,56045
state,county_name,margin,id
2,District 1,-6.5,
2,District 2,-4.6,
2,District 3,20.1,
2,District 4,-2.9,
2,District 5,4.4,
2,District 6,-14,
2,District 7,-1.3,
2,District 8,-15.4,
2,District 9,-12.6,
2,District 10,-21.4,
2,District 11,-10.5,
2,District 12,-16.8,
2,District 13,0.5,
2,District 14,-26,
2,District 15,9.2,
2,District 16,9.5,
2,District 17,-13.6,
2,District 18,-13.7,
2,District 19,-9.5,
2,District 20,-7.3,
2,District 21,-0.7,
2,District 22,-12.6,
2,District 23,-21.7,
2,District 24,-21.3,
2,District 25,-24.4,
2,District 26,-18.5,
2,District 27,-16.3,
2,District 28,-13.4,
2,District 29,13.3,
2,District 30,-9,
2,District 31,-4,
2,District 32,-22.5,
2,District 33,-19.1,
2,District 34,-27.1,
2,District 35,-14.9,
2,District 36,-6.3,
2,District 37,2.9,
2,District 38,-2.3,
2,District 39,0.5,
2,District 40,-13.8,
2,Federal Absentee,-10.4,
6,San Francisco,54.6,6075
8,Denver,30.6,8031
9,Fairfield,-3.7,9001
9,Hartford,15.1,9003
9,Litchfield,-0.9,9005
9,Middlesex,12.4,9007
9,New Haven,5.2,9009
9,New London,12.9,9011
9,Tolland,10.2,9013
9,Windham,9.6,9015
11,District of Columbia,75.5,11001
12,Desoto,-5.7,12027
12,Duval,-12.6,12031
12,Dade,3.5,12086
13,Chattahoochee,15.9,13053
13,Clarke,17,13059
13,Muscogee,8,13215
13,Quitman,25.9,13239
13,Richmond,7.9,13245
13,Webster,43.1,13307
18,Marion,-5.9,18097
20,Wyandotte,35.2,20209
21,Fayette,-3.8,17051
21,Jefferson,11.7,21111
22,Acadia,13.3,22001
22,Allen,25.6,22003
22,Ascension,10,22005
22,Assumption,25.9,22007
22,Avoyelles,23.2,22009
22,Beauregard,-0.7,22011
22,Bienville,20,22013
22,Bossier,-13.1,22015
22,Caddo,4.9,22017
22,Calcasieu,12.5,22019
22,Caldwell,6.6,22021
22,Cameron,15.2,22023
22,Catahoula,10.9,22025
22,Claiborne,9.5,22027
22,Concordia,11.6,22029
22,De Soto,18.4,22031
22,East Baton Rouge,-7.4,22033
22,East Carroll,20.6,22035
22,East Feliciana,16.2,22037
22,Evangeline,20.9,22039
22,Franklin,2.5,22041
22,Grant,-1.2,22043
22,Iberia,3.7,22045
22,Iberville,19.3,22047
22,Jackson,3.9,22049
22,Jefferson,-19.3,22051
22,Jefferson Davis,18.1,22053
22,Lafayette,-5.4,22055
22,Lafourche,9.6,22057
22,La Salle,-10.1,22059
22,Lincoln,-0.1,22061
22,Livingston,-10.5,22063
22,Madison,21,22065
22,Morehouse,4.9,22067
22,Natchitoches,8.7,22069
22,Orleans,41.1,22071
22,Ouachita,-11.9,22073
22,Plaquemines,-4.9,22075
22,Pointe Coupee,26,22077
22,Rapides,-3.7,22079
22,Red River,15.2,22081
22,Richland,-1.2,22083
22,Sabine,6.2,22085
22,St. Bernard,-11.6,22087
22,St. Charles,-1.7,22089
22,St. Helena,33.8,22091
22,St. James,29.3,22093
22,St. John the Baptist,12.6,22095
22,St. Landry,23.1,22097
22,St. Martin,26.2,22099
22,St. Mary,7.9,22101
22,St. Tammany,-27,22103
22,Tangipahoa,3.1,22105
22,Tensas,15.7,22107
22,Terrebonne,-3.9,22109
22,Union,-4.2,22111
22,Vermilion,22.5,22113
22,Vernon,0.7,22115
22,Washington,10,22117
22,Webster,9.5,22119
22,West Baton Rouge,16.1,22121
22,West Carroll,-0.3,22123
22,West Feliciana,18.9,22125
22,Winn,8.1,22127
24,Baltimore City,59.2,24510
25,Berkshire,32.7,25003
25,Essex,11.9,25009
25,Franklin,23.8,25011
25,Hampden,16.7,25013
25,Hampshire,31.7,25015
25,Middlesex,21.8,25017
25,Nantucket,20.8,25019
25,Suffolk,37.2,25025
25,Worcester,11.4,25027
27,Lac Qui Parle,18.2,27073
29,St. Louis City,52.1,29510
30,Deer Lodge,44.4,30023
30,Silver Bow,35.7,30093
32,Carson City,-6.7,32510
35,Dona Ana,8.1,35013
36,Bronx,53,36005
36,Kings,47.8,36047
36,New York,62.3,36061
36,Queens,34.6,36081
36,Richmond,-9.4,36085
42,Philadelphia,47.3,42101
44,Bristol,12.9,44001
44,Kent,13,44003
44,Newport,13.2,44005
44,Providence,22,44007
44,Washington,12.9,44009
47,Davidson,14.6,47037
47,Moore,22.9,47127
47,Trousdale,48.1,47169
48,Dewitt,-16.5,48123
51,Alexandria,26.7,51510
51,Bedford City,-5.3,51019
51,Bristol,-9,51520
51,Buena Vista,7.9,51530
51,Charlottesville,26.7,51540
51,Chesapeake,-8.7,51550
51,Clifton Forge,17.4,
51,Colonial Heights,-42.6,51560
51,Covington,15.6,51570
51,Danville,-7.3,51580
51,Emporia,-2,51590
51,Fairfax City,-4.6,51600
51,Falls Church,17.6,51610
51,Franklin City,10.5,51620
51,Fredericksburg,6.5,51630
51,Galax,-5.6,51640
51,Hampton,8.4,51650
51,Harrisonburg,-15.8,51660
51,Hopewell,-11.9,51670
51,Lexington,10.2,51678
51,Lynchburg,-11.7,51680
51,Manassas,-16.2,51683
51,Manassas Park,-13,51685
51,Martinsville,5.7,51690
51,Newport News,-1.7,51700
51,Norfolk,22.1,51710
51,Norton,25.8,51720
51,Petersburg,43.6,51730
51,Poquoson,-41.7,51735
51,Portsmouth,20.9,51740
51,Radford,3.9,51750
51,Richmond City,29.3,51760
51,Roanoke City,12.2,51770
51,Salem,-10.4,51775
51,South Boston,-13.9,
51,Staunton,-23.1,51790
51,Suffolk,2.5,51800
51,Virginia Beach,-17.9,51810
51,Waynesboro,-20.4,51820
51,Williamsburg,13.6,51830
51,Winchester,-13.9,51840