id,margin,nixon,mcgovern,other,other2,hex_color
01001,52.86%, 75.17%,22.310000000000002,2.52%,0,bf0638
01003,66.29%, 82.20%,15.909999999999997,1.89%,0,d10428
01005,44.66%, 70.92%,26.260000000000005,2.82%,0,b40742
01007,58.73%, 78.44%,19.700000000000003,1.86%,0,c80432
01009,60.00%, 79.36%,19.36,1.28%,0,ca0331
01011,3.11%, 47.44%,50.56,2.0%,0,780580
01013,53.59%, 76.45%,22.86,0.69%,0,c2013a
01015,54.90%, 76.93%,22.029999999999987,1.04%,0,c40238
01017,60.35%, 79.21%,18.870000000000005,1.92%,0,c90430
01019,45.16%, 71.89%,26.730000000000004,1.38%,0,b70344
01021,67.59%, 82.88%,15.290000000000006,1.83%,0,d30426
01023,22.29%, 60.74%,38.44,0.82%,0,9a0262
01025,43.50%, 70.89%,27.400000000000006,1.71%,0,b40445
01027,76.91%, 88.24%,11.340000000000003,0.42%,0,e1011c
01029,70.73%, 85.20%,14.480000000000004,0.32%,0,d90024
01031,61.01%, 80.06%,19.060000000000002,0.88%,0,cc0230
01033,38.66%, 67.71%,29.040000000000006,3.25%, 2.10%,ac084a
01035,50.56%, 74.81%,24.25999999999999,0.93%,0,be023d
01037,54.87%, 77.20%,22.340000000000003,0.46%,0,c40138
01039,71.05%, 85.27%,14.219999999999999,0.51%,0,d90124
01041,47.60%, 72.87%,25.269999999999996,1.86%,0,b90440
01043,59.80%, 79.54%,19.739999999999995,0.72%,0,ca0132
01045,67.26%, 83.14%,15.879999999999995,0.98%,0,d40228
01047,22.53%, 60.53%,38.01,1.46%,0,9a0360
01049,42.87%, 71.27%,28.400000000000006,0.33%,0,b50048
01051,62.04%, 79.90%,17.849999999999994,2.25%,0,cb052d
01053,65.53%, 82.19%,16.659999999999997,1.15%,0,d1022a
01055,47.16%, 72.95%,25.799999999999997,1.25%,0,ba0341
01057,67.06%, 83.53%,16.47,0.0%,0,d50029
01059,51.68%, 75.23%,23.549999999999997,1.22%,0,bf033c
01061,69.21%, 84.33%,15.120000000000005,0.55%,0,d70126
01063,38.67%, 29.65%,68.32,2.03%,0,4b05ae
01065,22.37%, 59.22%,36.84,3.94%, 2.61%,970a5d
01067,59.68%, 79.56%,19.879999999999995,0.56%,0,ca0132
01069,67.87%, 83.46%,15.590000000000003,0.95%,0,d40227
01071,34.19%, 65.91%,31.72,2.37%,0,a80650
01073,39.19%, 68.05%,28.85000000000001,3.1%,0,ad0749
01075,61.77%, 80.56%,18.799999999999997,0.64%,0,cd012f
01077,46.24%, 71.66%,25.430000000000007,2.91%,0,b60740
01079,51.46%, 75.61%,24.150000000000006,0.24%,0,c0003d
01081,51.48%, 74.94%,23.450000000000003,1.61%,0,bf043b
01083,48.62%, 73.21%,24.60000000000001,2.19%,0,ba053e
01085,12.21%, 42.69%,54.910000000000004,2.4%,0,6c068c
01087,29.17%, 33.04%,64.96000000000001,2.0%, 2.00%,5405a5
01089,48.68%, 73.42%,24.739999999999995,1.84%,0,bb043f
01091,31.68%, 65.05%,33.370000000000005,1.58%,0,a50455
01093,71.18%, 85.38%,14.200000000000003,0.42%,0,d90124
01095,50.47%, 74.45%,23.989999999999995,1.56%,0,bd033d
01097,48.98%, 73.15%,24.159999999999997,2.69%,0,ba063d
01099,51.07%, 74.82%,23.74000000000001,1.44%,0,be033c
01101,46.00%, 71.86%,25.86,2.28%,0,b70541
01103,55.60%, 76.85%,21.24000000000001,1.91%,0,c30436
01105,1.44%, 49.13%,50.08,0.79%,0,7d027f
01107,35.36%, 67.33%,31.980000000000004,0.69%,0,ab0151
01109,54.78%, 76.66%,21.88000000000001,1.46%,0,c30337
01111,52.56%, 75.14%,22.569999999999993,2.29%,0,bf0539
01113,37.49%, 66.73%,31.72,1.55%,0,aa0350
01115,62.16%, 79.82%,17.650000000000006,2.53%,0,cb062d
01117,65.16%, 81.24%,16.090000000000003,2.67%,0,cf0629
01119,0.93%, 49.19%,50.11,0.7%,0,7d017f
01121,46.96%, 73.12%,26.159999999999997,0.72%,0,ba0142
01123,59.23%, 78.71%,19.49000000000001,1.8%,0,c80431
01125,42.74%, 70.15%,27.409999999999997,2.44%,0,b20645
01127,58.66%, 78.79%,20.11999999999999,1.09%,0,c80233
01129,49.77%, 74.73%,24.950000000000003,0.32%,0,be003f
01131,10.31%, 44.42%,54.739999999999995,0.84%,0,71028b
01133,72.64%, 86.14%,13.5,0.36%,0,db0022
02013,0%,-,0,0.0%,0,000000
02016,0%,-,0,0.0%,0,000000
02020,0%,-,0,0.0%,0,000000
02050,0%,-,0,0.0%,0,000000
02060,0%,-,0,0.0%,0,000000
02068,0%,-,0,0.0%,0,000000
02070,0%,-,0,0.0%,0,000000
02090,0%,-,0,0.0%,0,000000
02100,0%,-,0,0.0%,0,000000
02105,0%,-,0,0.0%,0,000000
02110,0%,-,0,0.0%,0,000000
02122,0%,-,0,0.0%,0,000000
02130,0%,-,0,0.0%,0,000000
02150,0%,-,0,0.0%,0,000000
02164,0%,-,0,0.0%,0,000000
02170,0%,-,0,0.0%,0,000000
02180,0%,-,0,0.0%,0,000000
02185,0%,-,0,0.0%,0,000000
02188,0%,-,0,0.0%,0,000000
02195,0%,-,0,0.0%,0,000000
02198,0%,-,0,0.0%,0,000000
02220,0%,-,0,0.0%,0,000000
02230,0%,-,0,0.0%,0,000000
02240,0%,-,0,0.0%,0,000000
02261,0%,-,0,0.0%,0,000000
02270,0%,-,0,0.0%,0,000000
02275,0%,-,0,0.0%,0,000000
02282,0%,-,0,0.0%,0,000000
02290,0%,-,0,0.0%,0,000000
04001,3.69%, 50.28%,46.6,3.12%, 2.96%,800776
04003,31.06%, 63.97%,32.92,3.11%, 3.04%,a30753
04005,25.08%, 61.02%,35.94,3.04%, 2.95%,9b075b
04007,13.29%, 54.70%,41.4,3.9%, 3.83%,8b0969
04009,28.81%, 60.15%,31.349999999999994,8.5%, 8.48%,99154f
04011,6.61%, 45.57%,52.17,2.2600000000000002%, 2.10%,740585
04012,0%,-,0,0.0%,0,000000
04013,42.34%, 69.29%,26.94999999999999,3.7600000000000002%, 3.68%,b00944
04015,42.52%, 68.92%,26.409999999999997,4.67%, 4.58%,af0b43
04017,25.89%, 60.48%,34.59,4.93%, 4.85%,9a0c58
04019,10.51%, 45.41%,52.96,1.63%,0,730487
04021,23.81%, 60.28%,36.47,3.25%, 3.16%,99085c
04023,6.64%, 52.39%,45.75,1.86%,0,850474
04025,44.46%, 65.77%,29.159999999999997,5.07%, 5.07%,a70c4a
04027,32.05%, 63.52%,31.47999999999999,5.0%, 4.98%,a10c50
05001,47.46%, 73.46%,25.99000000000001,0.55%,0,bb0142
05003,53.12%, 76.44%,23.320000000000007,0.24%,0,c2003b
05005,42.65%, 70.65%,28.0,1.35%,0,b40347
05007,56.12%, 77.86%,21.75,0.39%,0,c60037
05009,49.20%, 74.49%,25.290000000000006,0.22%,0,bd0040
05011,40.10%, 69.74%,29.650000000000006,0.61%,0,b1014b
05013,29.26%, 64.26%,35.0,0.74%,0,a30159
05015,42.55%, 70.09%,27.549999999999997,2.36%, 2.36%,b20646
05017,32.06%, 65.96%,33.900000000000006,0.14%,0,a80056
05019,20.57%, 59.96%,39.38,0.66%,0,980164
05021,38.77%, 69.39%,30.61,0.0%,0,b0004e
05023,34.39%, 67.15%,32.75999999999999,0.09%,0,ab0053
05025,42.90%, 71.45%,28.549999999999997,0.0%,0,b60048
05027,44.97%, 72.30%,27.340000000000003,0.36%,0,b80045
05029,16.35%, 58.11%,41.77,0.12%,0,94006a
05031,31.88%, 65.94%,34.06,0.0%,0,a80056
05033,63.67%, 81.41%,17.75,0.84%,0,cf022d
05035,42.12%, 71.06%,28.939999999999998,0.0%,0,b50049
05037,49.04%, 72.78%,23.739999999999995,3.48%, 3.48%,b9083c
05039,21.10%, 60.55%,39.45,0.0%,0,9a0064
05041,34.01%, 66.92%,32.92,0.16%,0,aa0053
05043,48.11%, 74.06%,25.939999999999998,0.0%,0,bc0042
05045,18.87%, 59.44%,40.56,0.0%,0,970067
05047,49.21%, 74.60%,25.400000000000006,0.0%,0,be0040
05049,35.79%, 67.89%,32.11,0.0%,0,ad0051
05051,49.24%, 73.90%,24.659999999999997,1.44%,0,bc033e
05053,35.38%, 67.41%,32.03,0.56%,0,ab0151
05055,46.06%, 73.03%,26.97,0.0%,0,ba0044
05057,41.60%, 70.80%,29.200000000000003,0.0%,0,b4004a
05059,30.07%, 64.54%,34.459999999999994,1.0%,0,a40257
05061,43.00%, 71.50%,28.5,0.0%,0,b60048
05063,31.68%, 65.74%,34.07000000000001,0.19%,0,a70056
05065,28.68%, 64.26%,35.58,0.16%,0,a3005a
05067,33.46%, 66.73%,33.269999999999996,0.0%,0,aa0054
05069,24.00%, 61.95%,37.949999999999996,0.1%,0,9d0060
05071,33.52%, 66.76%,33.239999999999995,0.0%,0,aa0054
05073,44.08%, 71.91%,27.83,0.26%,0,b70046
05075,38.90%, 69.45%,30.549999999999997,0.0%,0,b1004d
05077,29.79%, 64.59%,34.78999999999999,0.62%,0,a40158
05079,35.04%, 67.52%,32.480000000000004,0.0%,0,ac0052
05081,40.07%, 70.04%,29.959999999999994,0.0%,0,b2004c
05083,43.28%, 71.42%,28.14999999999999,0.43%,0,b60147
05085,35.66%, 67.62%,31.959999999999994,0.42%,0,ac0151
05087,28.19%, 64.09%,35.91,0.0%,0,a3005b
05089,34.97%, 66.66%,31.680000000000007,1.66%,0,a90450
05091,49.06%, 74.53%,25.47,0.0%,0,be0040
05093,50.50%, 74.73%,24.22999999999999,1.04%,0,be023d
05095,28.89%, 63.45%,34.56,1.99%,0,a10558
05097,38.01%, 68.17%,30.159999999999997,1.67%,0,ad044c
05099,36.13%, 68.07%,31.930000000000007,0.0%,0,ad0051
05101,39.67%, 69.84%,30.159999999999997,0.0%,0,b2004c
05103,25.46%, 62.68%,37.22,0.1%,0,9f005e
05105,28.07%, 63.88%,35.81,0.31%,0,a2005b
05107,18.44%, 58.90%,40.46,0.64%,0,960167
05109,48.30%, 73.69%,25.39,0.92%,0,bb0240
05111,56.70%, 77.91%,21.200000000000003,0.89%,0,c60236
05113,51.61%, 74.83%,23.22,1.95%,0,be043b
05115,35.29%, 67.52%,32.24000000000001,0.24%,0,ac0052
05117,42.92%, 71.46%,28.540000000000006,0.0%,0,b60048
05119,26.20%, 62.95%,36.739999999999995,0.31%,0,a0005d
05121,25.66%, 62.83%,37.17,0.0%,0,a0005e
05123,34.97%, 65.95%,30.980000000000004,3.07%, 3.07%,a8074e
05125,27.69%, 63.64%,35.94,0.42%,0,a2015b
05127,51.74%, 75.87%,24.129999999999995,0.0%,0,c1003d
05129,57.52%, 78.76%,21.239999999999995,0.0%,0,c80036
05131,62.64%, 81.23%,18.58,0.19%,0,cf002f
05133,40.91%, 69.91%,29.010000000000005,1.08%,0,b20249
05135,39.66%, 69.71%,30.060000000000002,0.23%,0,b1004c
05137,34.93%, 67.38%,32.45,0.17%,0,ab0052
05139,54.01%, 76.72%,22.72,0.56%,0,c30139
05141,24.27%, 61.91%,37.64,0.45%,0,9d015f
05143,42.16%, 70.94%,28.78,0.28%,0,b40049
05145,35.08%, 67.24%,32.150000000000006,0.61%,0,ab0151
05147,25.02%, 61.73%,36.720000000000006,1.55%,0,9d035d
05149,32.96%, 66.48%,33.519999999999996,0.0%,0,a90055
06001,12.18%, 42.84%,55.019999999999996,2.14%,0,6d058c
06003,29.69%, 63.54%,33.86,2.6%,0,a20656
06005,12.52%, 53.40%,40.89,5.71%, 5.14%,880e68
06007,20.82%, 57.61%,36.78,5.609999999999999%, 4.93%,920e5d
06009,27.30%, 60.76%,33.46000000000001,5.78%, 4.48%,9a0e55
06011,19.19%, 57.56%,38.37,4.07%, 3.54%,920a61
06013,10.64%, 54.13%,43.489999999999995,2.38%,0,8a066e
06015,13.65%, 51.82%,38.17,10.01%, 9.12%,841961
06017,12.80%, 54.20%,41.39,4.41%, 3.80%,8a0b69
06019,4.06%, 50.44%,46.370000000000005,3.19%, 2.51%,800876
06021,24.38%, 59.01%,34.620000000000005,6.37%, 5.92%,961058
06023,2.65%, 48.83%,46.18,4.989999999999999%, 4.14%,7c0c75
06025,27.12%, 62.05%,34.93000000000001,3.02%, 2.66%,9e0759
06027,40.05%, 68.07%,28.02000000000001,3.91%, 3.35%,ad0947
06029,24.96%, 60.14%,35.19,4.67%, 4.29%,990b59
06031,17.40%, 56.52%,39.11,4.37%, 3.99%,900b63
06033,15.00%, 55.12%,40.13,4.75%, 4.33%,8c0c66
06035,6.80%, 50.80%,44.010000000000005,5.19%, 4.49%,810d70
06037,12.71%, 54.75%,42.05,3.2%, 2.54%,8b086b
06039,8.43%, 52.61%,44.19,3.2%, 2.87%,860870
06041,6.46%, 52.10%,45.64,2.26%,0,840574
06043,16.80%, 56.15%,39.35,4.5%, 3.73%,8f0b64
06045,7.76%, 51.01%,43.260000000000005,5.7299999999999995%, 4.81%,820e6e
06047,11.71%, 54.33%,42.620000000000005,3.05%, 2.56%,8a076c
06049,22.83%, 58.49%,35.650000000000006,5.859999999999999%, 5.27%,950e5a
06051,37.30%, 66.88%,29.58,3.54%, 2.79%,aa094b
06053,17.55%, 57.04%,39.49,3.4699999999999998%, 2.76%,910864
06055,22.60%, 59.61%,37.0,3.39%, 2.91%,98085e
06057,15.79%, 54.68%,38.89,6.43%, 5.93%,8b1063
06059,41.34%, 68.27%,26.930000000000007,4.800000000000001%, 4.36%,ae0c44
06061,4.56%, 50.34%,45.769999999999996,3.89%, 3.39%,800974
06063,1.65%, 46.42%,48.06,5.52%, 5.00%,760e7a
06065,19.60%, 58.00%,38.41,3.59%, 3.13%,930961
06067,1.36%, 49.00%,47.63,3.37%, 2.72%,7c0879
06069,20.04%, 57.56%,37.519999999999996,4.920000000000001%, 4.48%,920c5f
06071,24.23%, 59.73%,35.49000000000001,4.779999999999999%, 4.27%,980c5a
06073,27.48%, 61.82%,34.34,3.84%, 3.36%,9d0957
06075,14.25%, 41.82%,56.07,2.11%,0,6a058e
06077,15.77%, 55.30%,39.53,5.17%, 4.51%,8d0d64
06079,15.26%, 55.98%,40.71,3.31%, 2.27%,8e0867
06081,10.00%, 52.82%,45.55,1.63%,0,860474
06083,13.55%, 55.19%,41.64,3.17%, 2.55%,8c086a
06085,6.30%, 51.90%,45.6,2.5%,0,840674
06087,3.53%, 49.88%,46.36,3.76%, 2.77%,7f0976
06089,1.67%, 46.68%,48.35,4.970000000000001%, 4.48%,770c7b
06091,2.19%, 47.51%,49.690000000000005,2.8%, 2.04%,79077e
06093,7.68%, 51.46%,43.78,4.760000000000001%, 4.23%,830c6f
06095,11.30%, 54.02%,42.73,3.25%, 2.79%,89086c
06097,13.23%, 54.72%,41.49,3.79%, 3.03%,8b0969
06099,5.88%, 51.41%,45.540000000000006,3.05%, 2.53%,830774
06101,29.41%, 62.45%,33.03999999999999,4.51%, 3.95%,9f0b54
06103,7.08%, 48.73%,41.660000000000004,9.61%, 9.34%,7c186a
06105,6.71%, 50.75%,44.04,5.21%, 4.59%,810d70
06107,23.73%, 59.93%,36.2,3.87%, 3.45%,98095c
06109,11.96%, 54.29%,42.34,3.37%, 2.75%,8a086b
06111,30.50%, 63.20%,32.7,4.1000000000000005%, 3.70%,a10a53
06113,13.40%, 42.04%,55.44,2.52%,0,6b068d
06115,18.81%, 56.95%,38.14,4.91%, 4.45%,910c61
08001,24.40%, 60.79%,36.39,2.82%,0,9b075c
08003,29.50%, 62.51%,33.010000000000005,4.4799999999999995%, 4.09%,9f0b54
08005,46.50%, 72.24%,25.74000000000001,2.02%,0,b80541
08007,32.55%, 64.47%,31.909999999999997,3.62%, 3.19%,a40951
08009,50.25%, 73.93%,23.689999999999998,2.38%, 2.25%,bc063c
08011,31.11%, 64.29%,33.17999999999999,2.53%, 2.19%,a30654
08013,15.72%, 56.80%,41.080000000000005,2.12%,0,900568
08014,0%,-,0,0.0%,0,000000
08015,35.07%, 66.63%,31.55000000000001,1.82%,0,a90450
08017,32.27%, 63.37%,31.11,5.5200000000000005%, 5.29%,a10e4f
08019,29.66%, 62.23%,32.57000000000001,5.199999999999999%, 3.76%,9e0d53
08021,17.34%, 55.51%,38.160000000000004,6.33%, 6.16%,8d1061
08023,9.94%, 42.16%,52.1,5.74%,0,6b0e84
08025,43.93%, 70.67%,26.75,2.5799999999999996%, 2.26%,b40644
08027,49.21%, 71.43%,22.22999999999999,6.34%, 6.20%,b61038
08029,41.37%, 67.73%,26.36,5.91%, 5.48%,ac0f43
08031,10.62%, 54.14%,43.519999999999996,2.34%,0,8a056e
08033,47.84%, 71.76%,23.919999999999987,4.32%, 4.03%,b60b3c
08035,53.69%, 75.52%,21.840000000000003,2.64%, 2.08%,c00637
08037,18.60%, 58.16%,39.57,2.27%,0,940564
08039,49.95%, 73.29%,23.33999999999999,3.37%, 2.90%,ba083b
08041,41.88%, 69.11%,27.22,3.67%, 2.90%,b00945
08043,39.69%, 68.41%,28.72,2.8699999999999997%, 2.53%,ae0749
08045,35.19%, 66.27%,31.08,2.65%, 2.13%,a8064f
08047,17.02%, 57.02%,40.0,2.98%, 2.10%,910766
08049,42.10%, 69.93%,27.83999999999999,2.23%,0,b20546
08051,29.76%, 63.60%,33.83,2.57%,0,a20656
08053,57.66%, 77.48%,19.819999999999993,2.7%, 2.25%,c50632
08055,9.22%, 53.52%,44.3,2.18%,0,880570
08057,54.80%, 76.72%,21.930000000000007,1.35%,0,c30337
08059,42.35%, 69.88%,27.540000000000006,2.58%,0,b20646
08061,38.16%, 67.92%,29.75999999999999,2.3200000000000003%, 2.16%,ad054b
08063,45.67%, 70.89%,25.22,3.8899999999999997%, 3.80%,b40940
08065,10.11%, 53.67%,43.57,2.76%,0,88076f
08067,31.29%, 62.24%,30.950000000000003,6.8100000000000005%, 6.29%,9e114e
08069,32.51%, 65.02%,32.52000000000001,2.46%,0,a50652
08071,6.28%, 52.59%,46.31999999999999,1.09%,0,860276
08073,41.44%, 70.03%,28.590000000000003,1.38%,0,b20348
08075,36.78%, 67.27%,30.49000000000001,2.24%,0,ab054d
08077,40.55%, 68.66%,28.120000000000005,3.2199999999999998%, 2.78%,af0847
08079,43.39%, 70.98%,27.58,1.44%,0,b40346
08081,46.95%, 67.70%,20.75,11.55%, 11.55%,ac1d34
08083,46.99%, 73.49%,26.510000000000005,0.0%,0,bb0043
08085,38.26%, 64.75%,26.489999999999995,8.76%, 8.29%,a51643
08087,43.09%, 70.40%,27.299999999999997,2.3%,0,b30545
08089,33.74%, 65.75%,32.010000000000005,2.24%,0,a70551
08091,53.85%, 74.58%,20.74000000000001,4.68%, 3.68%,be0b34
08093,43.19%, 70.29%,27.11,2.6%,0,b30645
08095,35.00%, 65.31%,30.319999999999993,4.37%, 4.15%,a60b4d
08097,9.99%, 44.16%,54.150000000000006,1.69%,0,70048a
08099,26.58%, 61.58%,35.019999999999996,3.4000000000000004%, 2.99%,9d0859
08101,12.73%, 54.43%,41.7,3.87%, 2.37%,8a096a
08103,57.09%, 77.25%,20.17,2.58%, 2.24%,c40633
08105,43.96%, 69.69%,25.730000000000004,4.58%, 4.28%,b10b41
08107,22.93%, 59.33%,36.400000000000006,4.27%, 3.59%,970a5c
08109,28.79%, 63.18%,34.379999999999995,2.44%, 2.26%,a10657
08111,24.02%, 58.33%,34.32000000000001,7.3500000000000005%, 6.86%,941257
08113,14.80%, 54.95%,40.15,4.9%, 3.96%,8c0c66
08115,38.70%, 67.85%,29.150000000000006,3.0%, 2.58%,ad074a
08117,20.46%, 59.03%,38.57,2.4%,0,960662
08119,44.28%, 70.45%,26.17,3.3800000000000003%, 2.45%,b30842
08121,45.42%, 69.87%,24.459999999999994,5.67%, 5.14%,b20e3e
08123,34.91%, 66.29%,31.36999999999999,2.34%,0,a9054f
08125,44.67%, 71.03%,26.349999999999994,2.6199999999999997%, 2.32%,b50643
09001,29.66%, 64.00%,34.34,1.66%,0,a30457
09003,5.17%, 52.09%,46.93,0.98%,0,840277
09005,21.53%, 60.20%,38.68,1.12%,0,990262
09007,16.85%, 57.90%,41.050000000000004,1.05%,0,930268
09009,19.30%, 59.01%,39.71,1.28%,0,960365
09011,27.71%, 63.40%,35.68000000000001,0.92%,0,a1025a
09013,13.77%, 56.45%,42.69,0.86%,0,8f026c
09015,13.38%, 56.04%,42.65,1.31%,0,8e036c
10001,25.39%, 62.03%,36.64,1.33%,0,9e035d
10003,17.63%, 58.21%,40.58,1.21%,0,940367
10005,30.39%, 64.59%,34.2,1.21%,0,a40357
11001,56.54%, 21.56%,78.09,0.35%,0,3600c7
12001,13.27%, 56.54%,43.26,0.2%,0,90006e
12003,67.33%, 83.64%,16.319999999999993,0.04%,0,d50029
12005,67.60%, 83.80%,16.200000000000003,0.0%,0,d50029
12007,49.12%, 73.67%,24.549999999999997,1.78%,0,bb043e
12009,57.59%, 78.73%,21.14,0.13%,0,c80035
12011,45.10%, 72.41%,27.310000000000002,0.28%,0,b80045
12013,63.48%, 81.68%,18.19999999999999,0.12%,0,d0002e
12015,53.60%, 76.64%,23.03,0.33%,0,c3003a
12017,54.47%, 77.22%,22.75,0.03%,0,c4003a
12019,71.25%, 85.53%,14.280000000000001,0.19%,0,da0024
12021,61.51%, 80.63%,19.120000000000005,0.25%,0,cd0030
12023,60.32%, 80.16%,19.840000000000003,0.0%,0,cc0032
12027,55.23%, 77.58%,22.340000000000003,0.08%,0,c50038
12029,63.14%, 81.52%,18.38000000000001,0.1%,0,cf002e
12031,44.69%, 72.19%,27.5,0.31%,0,b80046
12033,59.59%, 79.57%,19.980000000000004,0.45%,0,ca0132
12035,48.16%, 74.08%,25.92,0.0%,0,bc0042
12037,64.47%, 82.14%,17.679999999999993,0.18%,0,d1002d
12039,22.04%, 61.01%,38.97,0.02%,0,9b0063
12041,67.67%, 83.45%,15.780000000000001,0.77%,0,d40128
12043,59.24%, 78.81%,19.569999999999993,1.62%,0,c80431
12045,57.23%, 78.54%,21.309999999999988,0.15%,0,c80036
12047,46.97%, 73.34%,26.36999999999999,0.29%,0,bb0043
12049,69.21%, 84.57%,15.360000000000014,0.07%,0,d70027
12051,57.76%, 78.85%,21.090000000000003,0.06%,0,c90035
12053,49.78%, 74.87%,25.08999999999999,0.04%,0,be003f
12055,59.24%, 79.49%,20.260000000000005,0.25%,0,ca0033
12057,40.42%, 70.13%,29.710000000000008,0.16%,0,b2004b
12059,85.03%, 92.51%,7.489999999999995,0.0%,0,eb0013
12061,55.86%, 77.85%,21.980000000000004,0.17%,0,c60038
12063,60.04%, 79.99%,19.940000000000012,0.07%,0,cb0032
12065,33.18%, 66.04%,32.86,1.1%,0,a80253
12067,71.71%, 85.69%,13.990000000000009,0.32%,0,da0023
12069,65.44%, 82.63%,17.200000000000003,0.17%,0,d2002b
12071,59.12%, 79.46%,20.340000000000003,0.2%,0,ca0033
12073,27.65%, 63.72%,36.07,0.21%,0,a2005b
12075,58.28%, 79.12%,20.83,0.05%,0,c90035
12077,68.75%, 84.38%,15.620000000000005,0.0%,0,d70027
12079,46.17%, 72.92%,26.739999999999995,0.34%,0,b90044
12081,60.10%, 79.79%,19.679999999999993,0.53%,0,cb0132
12083,56.55%, 78.18%,21.639999999999986,0.18%,0,c70037
12085,58.27%, 78.83%,20.560000000000002,0.61%,0,c90134
12086,18.09%, 58.87%,40.78,0.35%,0,960067
12087,44.58%, 72.18%,27.599999999999994,0.22%,0,b80046
12089,59.21%, 79.44%,20.230000000000004,0.33%,0,ca0033
12091,77.82%, 88.64%,10.810000000000002,0.55%,0,e2011b
12093,61.19%, 80.58%,19.39,0.03%,0,cd0031
12095,59.50%, 79.57%,20.080000000000013,0.35%,0,ca0033
12097,66.25%, 82.94%,16.689999999999998,0.37%,0,d3002a
12099,45.17%, 72.35%,27.180000000000007,0.47%,0,b80145
12101,44.05%, 71.91%,27.85000000000001,0.24%,0,b70047
12103,39.80%, 69.83%,30.019999999999996,0.15%,0,b2004c
12105,57.23%, 78.42%,21.200000000000003,0.38%,0,c70036
12107,49.85%, 74.61%,24.760000000000005,0.63%,0,be013f
12109,55.34%, 77.48%,22.14999999999999,0.37%,0,c50038
12111,51.11%, 75.40%,24.289999999999992,0.31%,0,c0003d
12113,78.47%, 88.94%,10.460000000000008,0.6%,0,e2011a
12115,59.96%, 79.95%,19.989999999999995,0.06%,0,cb0032
12117,61.84%, 80.84%,19.00999999999999,0.15%,0,ce0030
12119,53.73%, 76.71%,22.980000000000004,0.31%,0,c3003a
12121,62.07%, 80.77%,18.700000000000003,0.53%,0,cd012f
12123,68.99%, 84.50%,15.5,0.0%,0,d70027
12125,67.71%, 83.85%,16.150000000000006,0.0%,0,d50029
12127,41.59%, 70.60%,29.010000000000005,0.39%,0,b40049
12129,64.08%, 82.01%,17.92,0.07%,0,d1002d
12131,72.27%, 85.93%,13.659999999999997,0.41%,0,db0122
12133,72.30%, 86.11%,13.820000000000007,0.07%,0,db0023
13001,68.66%, 84.33%,15.670000000000002,0.0%,0,d70027
13003,49.88%, 74.94%,25.060000000000002,0.0%,0,bf003f
13005,80.44%, 90.22%,9.780000000000001,0.0%,0,e60018
13007,47.33%, 73.66%,26.340000000000003,0.0%,0,bb0043
13009,54.16%, 77.08%,22.92,0.0%,0,c4003a
13011,57.92%, 78.96%,21.040000000000006,0.0%,0,c90035
13013,59.58%, 79.79%,20.209999999999994,0.0%,0,cb0033
13015,50.51%, 75.26%,24.739999999999995,0.0%,0,bf003f
13017,49.91%, 74.96%,25.040000000000006,0.0%,0,bf003f
13019,72.06%, 86.03%,13.969999999999999,0.0%,0,db0023
13021,45.74%, 72.87%,27.129999999999995,0.0%,0,b90045
13023,71.92%, 85.96%,14.040000000000006,0.0%,0,db0023
13025,64.88%, 82.44%,17.560000000000002,0.0%,0,d2002c
13027,58.15%, 79.08%,20.92,0.0%,0,c90035
13029,68.54%, 84.27%,15.730000000000004,0.0%,0,d60028
13031,57.71%, 78.85%,21.150000000000006,0.0%,0,c90035
13033,45.80%, 72.90%,27.099999999999994,0.0%,0,b90045
13035,46.05%, 73.02%,26.980000000000004,0.0%,0,ba0044
13037,28.62%, 64.31%,35.69,0.0%,0,a3005b
13039,51.93%, 75.97%,24.03,0.0%,0,c1003d
13043,71.41%, 85.71%,14.290000000000006,0.0%,0,da0024
13045,58.71%, 79.36%,20.64,0.0%,0,ca0034
13047,74.09%, 87.05%,12.950000000000003,0.0%,0,dd0021
13049,60.10%, 80.05%,19.950000000000003,0.0%,0,cc0032
13051,41.97%, 70.98%,29.019999999999996,0.0%,0,b4004a
13053,48.07%, 74.03%,25.97,0.0%,0,bc0042
13055,55.10%, 77.55%,22.450000000000003,0.0%,0,c50039
13057,65.24%, 82.62%,17.379999999999995,0.0%,0,d2002c
13059,30.62%, 65.31%,34.69,0.0%,0,a60058
13061,38.14%, 69.07%,30.930000000000007,0.0%,0,b0004e
13063,72.72%, 86.36%,13.64,0.0%,0,dc0022
13065,65.01%, 82.50%,17.5,0.0%,0,d2002c
13067,70.24%, 85.12%,14.879999999999995,0.0%,0,d90025
13069,73.27%, 86.63%,13.370000000000005,0.0%,0,dc0022
13071,76.25%, 88.12%,11.879999999999995,0.0%,0,e0001e
13073,67.29%, 83.65%,16.349999999999994,0.0%,0,d50029
13075,60.53%, 80.26%,19.739999999999995,0.0%,0,cc0032
13077,57.32%, 78.66%,21.340000000000003,0.0%,0,c80036
13079,39.01%, 69.51%,30.489999999999995,0.0%,0,b1004d
13081,68.32%, 84.16%,15.840000000000003,0.0%,0,d60028
13083,86.89%, 93.45%,6.549999999999997,0.0%,0,ee0010
13085,56.52%, 78.26%,21.739999999999995,0.0%,0,c70037
13087,56.41%, 78.21%,21.790000000000006,0.0%,0,c70037
13089,54.70%, 77.35%,22.650000000000006,0.0%,0,c50039
13091,66.20%, 83.10%,16.900000000000006,0.0%,0,d3002b
13093,52.69%, 76.34%,23.659999999999997,0.0%,0,c2003c
13095,56.07%, 78.03%,21.97,0.0%,0,c60038
13097,74.13%, 87.07%,12.930000000000007,0.0%,0,de0020
13099,64.73%, 82.37%,17.629999999999995,0.0%,0,d2002c
13101,71.19%, 85.59%,14.409999999999997,0.0%,0,da0024
13103,72.93%, 86.47%,13.530000000000001,0.0%,0,dc0022
13105,52.97%, 76.48%,23.519999999999996,0.0%,0,c3003b
13107,60.17%, 80.09%,19.909999999999997,0.0%,0,cc0032
13109,63.25%, 81.63%,18.370000000000005,0.0%,0,d0002e
13111,59.89%, 79.95%,20.049999999999997,0.0%,0,cb0033
13113,76.63%, 88.31%,11.689999999999998,0.0%,0,e1001d
13115,64.24%, 82.12%,17.879999999999995,0.0%,0,d1002d
13117,68.78%, 84.39%,15.61,0.0%,0,d70027
13119,64.59%, 82.30%,17.700000000000003,0.0%,0,d1002d
13121,12.85%, 56.43%,43.57,0.0%,0,8f006f
13123,56.08%, 78.04%,21.959999999999994,0.0%,0,c70037
13125,86.75%, 93.38%,6.6200000000000045,0.0%,0,ee0010
13127,51.76%, 75.88%,24.120000000000005,0.0%,0,c1003d
13129,66.63%, 83.31%,16.689999999999998,0.0%,0,d4002a
13131,62.05%, 81.02%,18.980000000000004,0.0%,0,ce0030
13133,29.25%, 64.63%,35.370000000000005,0.0%,0,a4005a
13135,72.52%, 86.26%,13.739999999999995,0.0%,0,db0023
13137,69.90%, 84.95%,15.049999999999997,0.0%,0,d80026
13139,62.82%, 81.41%,18.590000000000003,0.0%,0,cf002f
13141,3.00%, 51.50%,48.5,0.0%,0,83007b
13143,63.71%, 81.85%,18.150000000000006,0.0%,0,d0002e
13145,57.75%, 78.87%,21.129999999999995,0.0%,0,c90035
13147,49.29%, 74.64%,25.36,0.0%,0,be0040
13149,63.56%, 81.78%,18.22,0.0%,0,d0002e
13151,55.86%, 77.93%,22.069999999999993,0.0%,0,c60038
13153,68.31%, 84.16%,15.840000000000003,0.0%,0,d60028
13155,69.35%, 84.68%,15.319999999999993,0.0%,0,d70027
13157,59.26%, 79.63%,20.370000000000005,0.0%,0,cb0033
13159,47.15%, 73.57%,26.430000000000007,0.0%,0,bb0043
13161,72.02%, 86.01%,13.989999999999995,0.0%,0,db0023
13163,40.22%, 70.11%,29.89,0.0%,0,b2004c
13165,57.04%, 78.52%,21.480000000000004,0.0%,0,c80036
13167,68.14%, 84.07%,15.930000000000007,0.0%,0,d60028
13169,48.50%, 74.25%,25.75,0.0%,0,bd0041
13171,46.93%, 73.47%,26.53,0.0%,0,bb0043
13173,62.99%, 81.50%,18.5,0.0%,0,cf002f
13175,55.06%, 77.53%,22.47,0.0%,0,c50039
13177,57.40%, 78.70%,21.299999999999997,0.0%,0,c80036
13179,31.51%, 65.76%,34.239999999999995,0.0%,0,a70057
13181,57.12%, 78.56%,21.439999999999998,0.0%,0,c80036
13183,52.80%, 76.40%,23.599999999999994,0.0%,0,c2003c
13185,58.99%, 79.50%,20.5,0.0%,0,ca0034
13187,58.65%, 79.32%,20.680000000000007,0.0%,0,ca0034
13189,50.03%, 75.01%,24.989999999999995,0.0%,0,bf003f
13191,24.27%, 62.14%,37.86,0.0%,0,9e0060
13193,41.10%, 70.55%,29.450000000000003,0.0%,0,b3004b
13195,64.00%, 82.00%,18.0,0.0%,0,d1002d
13197,67.65%, 83.83%,16.17,0.0%,0,d50029
13199,47.64%, 73.82%,26.180000000000007,0.0%,0,bc0042
13201,82.98%, 91.49%,8.510000000000005,0.0%,0,e90015
13205,36.36%, 68.18%,31.819999999999993,0.0%,0,ad0051
13207,46.87%, 73.43%,26.569999999999993,0.0%,0,bb0043
13209,60.52%, 80.26%,19.739999999999995,0.0%,0,cc0032
13211,50.06%, 75.03%,24.97,0.0%,0,bf003f
13213,60.82%, 80.41%,19.590000000000003,0.0%,0,cd0031
13215,55.11%, 77.55%,22.450000000000003,0.0%,0,c50039
13217,54.21%, 77.10%,22.900000000000006,0.0%,0,c4003a
13219,62.78%, 81.39%,18.61,0.0%,0,cf002f
13221,68.01%, 84.00%,16.0,0.0%,0,d60028
13223,47.41%, 73.70%,26.299999999999997,0.0%,0,bb0043
13225,21.66%, 60.83%,39.17,0.0%,0,9b0063
13227,60.32%, 80.16%,19.840000000000003,0.0%,0,cc0032
13229,76.10%, 88.05%,11.950000000000003,0.0%,0,e0001e
13231,54.39%, 77.20%,22.799999999999997,0.0%,0,c4003a
13233,57.83%, 78.91%,21.090000000000003,0.0%,0,c90035
13235,63.15%, 81.58%,18.42,0.0%,0,d0002e
13237,52.94%, 76.47%,23.53,0.0%,0,c2003c
13239,56.39%, 78.19%,21.810000000000002,0.0%,0,c70037
13241,60.28%, 80.14%,19.86,0.0%,0,cc0032
13243,33.53%, 66.76%,33.239999999999995,0.0%,0,aa0054
13245,45.09%, 72.55%,27.450000000000003,0.0%,0,b90045
13247,63.64%, 81.82%,18.180000000000007,0.0%,0,d0002e
13249,62.15%, 81.07%,18.930000000000007,0.0%,0,ce0030
13251,61.37%, 80.69%,19.310000000000002,0.0%,0,cd0031
13253,66.23%, 83.12%,16.879999999999995,0.0%,0,d3002b
13255,61.69%, 80.84%,19.159999999999997,0.0%,0,ce0030
13257,62.49%, 81.24%,18.760000000000005,0.0%,0,cf002f
13259,48.58%, 74.29%,25.709999999999994,0.0%,0,bd0041
13261,56.28%, 78.14%,21.86,0.0%,0,c70037
13263,32.18%, 66.09%,33.91,0.0%,0,a80056
13265,22.26%, 61.13%,38.87,0.0%,0,9b0063
13267,70.92%, 85.46%,14.540000000000006,0.0%,0,d90025
13269,50.91%, 75.45%,24.549999999999997,0.0%,0,c0003e
13271,53.14%, 76.57%,23.430000000000007,0.0%,0,c3003b
13273,49.98%, 74.99%,25.010000000000005,0.0%,0,bf003f
13275,50.88%, 75.44%,24.560000000000002,0.0%,0,c0003e
13277,69.82%, 84.91%,15.090000000000003,0.0%,0,d80026
13279,71.61%, 85.80%,14.200000000000003,0.0%,0,da0024
13281,59.13%, 79.56%,20.439999999999998,0.0%,0,ca0034
13283,73.01%, 86.50%,13.5,0.0%,0,dc0022
13285,60.48%, 80.24%,19.760000000000005,0.0%,0,cc0032
13287,65.82%, 82.91%,17.090000000000003,0.0%,0,d3002b
13289,10.10%, 55.05%,44.95,0.0%,0,8c0072
13291,51.49%, 75.74%,24.260000000000005,0.0%,0,c1003d
13293,69.04%, 84.52%,15.480000000000004,0.0%,0,d70027
13295,69.44%, 84.72%,15.280000000000001,0.0%,0,d80026
13297,55.59%, 77.80%,22.200000000000003,0.0%,0,c60038
13299,58.47%, 79.23%,20.769999999999996,0.0%,0,ca0034
13301,42.42%, 71.21%,28.790000000000006,0.0%,0,b50049
13303,51.58%, 75.79%,24.209999999999994,0.0%,0,c1003d
13305,66.76%, 83.38%,16.620000000000005,0.0%,0,d4002a
13307,63.45%, 81.73%,18.269999999999996,0.0%,0,d0002e
13309,57.61%, 78.80%,21.200000000000003,0.0%,0,c80036
13311,63.51%, 81.76%,18.239999999999995,0.0%,0,d0002e
13313,62.92%, 81.46%,18.540000000000006,0.0%,0,cf002f
13315,71.07%, 85.54%,14.459999999999994,0.0%,0,da0024
13317,54.52%, 77.26%,22.739999999999995,0.0%,0,c50039
13319,49.03%, 74.52%,25.480000000000004,0.0%,0,be0040
13321,68.89%, 84.44%,15.560000000000002,0.0%,0,d70027
15001,18.19%, 59.09%,40.91,0.0%,0,960068
15003,26.64%, 63.32%,36.68,0.0%,0,a1005d
15005,0%,-,0,0.0%,0,000000
15007,16.73%, 58.36%,41.64,0.0%,0,94006a
15009,22.19%, 61.09%,38.91,0.0%,0,9b0063
16001,44.15%, 67.51%,23.36,9.129999999999999%, 8.70%,ac173b
16003,47.15%, 67.77%,20.620000000000005,11.610000000000001%, 11.40%,ac1d34
16005,22.60%, 57.93%,35.34,6.73%, 6.07%,93115a
16007,47.00%, 69.48%,22.47999999999999,8.04%, 7.88%,b11439
16009,16.06%, 55.54%,39.47,4.99%, 4.80%,8d0c64
16011,41.20%, 64.33%,23.120000000000005,12.549999999999999%, 12.26%,a4203a
16013,25.19%, 60.98%,35.790000000000006,3.23%, 2.80%,9b085b
16015,41.18%, 66.27%,25.10000000000001,8.629999999999999%, 8.43%,a81640
16017,23.56%, 57.47%,33.900000000000006,8.63%, 8.25%,921656
16019,41.62%, 61.19%,19.560000000000002,19.25%, 18.97%,9c3131
16021,27.15%, 59.26%,32.11,8.63%, 8.14%,971651
16023,28.72%, 56.45%,27.72,15.83%, 15.76%,8f2846
16025,53.78%, 74.30%,20.52000000000001,5.18%, 5.18%,bd0d34
16027,47.48%, 68.45%,20.959999999999994,10.59%, 10.31%,ae1b35
16029,49.19%, 69.95%,20.75999999999999,9.29%, 9.26%,b21734
16031,56.73%, 74.26%,17.519999999999996,8.219999999999999%, 7.68%,bd142c
16033,60.31%, 74.34%,14.039999999999992,11.620000000000001%, 11.40%,bd1d23
16035,5.67%, 50.67%,45.0,4.33%, 3.57%,810b72
16037,49.93%, 69.06%,19.14,11.8%, 11.59%,b01e30
16039,41.62%, 66.55%,24.930000000000007,8.52%, 8.26%,a9153f
16041,55.90%, 71.59%,15.689999999999998,12.72%, 12.59%,b62028
16043,42.06%, 61.38%,19.179999999999993,19.44%, 19.32%,9c3130
16045,37.19%, 61.32%,24.120000000000005,14.56%, 14.38%,9c253d
16047,47.41%, 70.73%,23.310000000000002,5.96%, 5.80%,b40f3b
16049,31.01%, 62.20%,31.189999999999998,6.609999999999999%, 6.34%,9e104f
16051,30.86%, 58.38%,13.989999999999995,27.630000000000003%, 27.51%,944623
16053,56.89%, 75.11%,18.230000000000004,6.66%, 6.48%,bf102e
16055,29.54%, 61.33%,31.78,6.89%, 6.63%,9c1151
16057,13.69%, 55.35%,41.66,2.99%, 2.45%,8d076a
16059,42.22%, 61.99%,18.0,20.009999999999998%, 19.77%,9e332d
16061,19.32%, 56.97%,37.63,5.4%, 5.04%,910d5f
16063,53.59%, 74.37%,20.789999999999992,4.84%, 4.38%,bd0c35
16065,52.09%, 69.13%,13.620000000000005,17.25%, 17.04%,b02b22
16067,44.81%, 68.66%,23.85000000000001,7.49%, 7.21%,af133c
16069,9.64%, 52.19%,42.550000000000004,5.26%, 3.63%,850d6c
16071,47.60%, 71.45%,23.86,4.69%, 4.57%,b60b3c
16073,50.22%, 70.14%,19.92,9.94%, 9.85%,b21932
16075,46.74%, 67.85%,21.11,11.040000000000001%, 10.72%,ad1c35
16077,35.78%, 64.45%,28.67,6.88%, 6.51%,a41149
16079,11.77%, 53.67%,41.9,4.430000000000001%, 3.97%,880b6a
16081,46.65%, 68.58%,21.930000000000007,9.49%, 9.49%,ae1837
16083,55.06%, 73.98%,18.92,7.1%, 6.38%,bc1230
16085,36.59%, 61.55%,24.97,13.48%, 13.02%,9c223f
16087,36.39%, 61.99%,25.61,12.4%, 12.10%,9e1f41
17001,39.12%, 69.46%,30.340000000000003,0.2%,0,b1004d
17003,19.12%, 59.09%,39.98,0.93%,0,960265
17005,24.66%, 62.30%,37.64,0.06%,0,9e005f
17007,38.09%, 68.89%,30.810000000000002,0.3%,0,af004e
17009,19.09%, 58.90%,39.81,1.29%,0,960365
17011,35.10%, 67.47%,32.36,0.17%,0,ac0052
17013,13.46%, 56.51%,43.06,0.43%,0,90016d
17015,40.20%, 69.99%,29.790000000000006,0.22%,0,b2004b
17017,22.32%, 61.14%,38.83,0.03%,0,9b0063
17019,15.26%, 57.43%,42.17,0.4%,0,92016b
17021,14.23%, 56.98%,42.75,0.27%,0,91006d
17023,31.58%, 65.74%,34.16000000000001,0.1%,0,a70057
17025,29.97%, 64.92%,34.94,0.14%,0,a50059
17027,24.98%, 62.39%,37.41,0.2%,0,9f005f
17029,26.17%, 62.90%,36.72,0.38%,0,a0005d
17031,7.40%, 53.41%,46.010000000000005,0.58%,0,880175
17033,30.74%, 65.32%,34.58000000000001,0.1%,0,a60058
17035,21.91%, 60.79%,38.87,0.34%,0,9b0063
17037,20.82%, 60.25%,39.43,0.32%,0,990064
17039,30.54%, 65.22%,34.68000000000001,0.1%,0,a60058
17041,37.43%, 68.66%,31.22,0.12%,0,af004f
17043,50.19%, 75.02%,24.83,0.15%,0,bf003f
17045,29.74%, 64.73%,34.97999999999999,0.29%,0,a50059
17047,48.08%, 73.93%,25.849999999999994,0.22%,0,bc0041
17049,32.75%, 66.34%,33.58,0.08%,0,a90055
17051,22.12%, 61.05%,38.93,0.02%,0,9b0063
17053,49.03%, 74.51%,25.47999999999999,0.01%,0,be0040
17055,8.41%, 54.04%,45.62,0.34%,0,890074
17057,24.06%, 61.80%,37.74,0.46%,0,9d0160
17059,7.60%, 53.69%,46.09,0.22%,0,880075
17061,24.58%, 62.13%,37.55,0.32%,0,9e005f
17063,41.66%, 70.70%,29.039999999999992,0.26%,0,b4004a
17065,24.08%, 61.94%,37.85,0.21%,0,9d0060
17067,35.29%, 67.56%,32.28,0.16%,0,ac0052
17069,25.31%, 62.54%,37.230000000000004,0.23%,0,9f005e
17071,21.30%, 60.62%,39.31,0.07%,0,9a0064
17073,27.72%, 63.82%,36.089999999999996,0.09%,0,a2005c
17075,52.41%, 75.99%,23.590000000000003,0.42%,0,c1013c
17077,2.94%, 48.42%,51.37,0.21%,0,7b0082
17079,23.81%, 61.18%,37.37,1.45%,0,9c035f
17081,19.19%, 59.40%,40.22,0.38%,0,970066
17083,21.71%, 60.70%,38.989999999999995,0.31%,0,9a0063
17085,26.88%, 63.35%,36.47,0.18%,0,a1005c
17087,37.18%, 68.54%,31.36,0.1%,0,ae004f
17089,40.08%, 69.87%,29.799999999999997,0.33%,0,b2004b
17091,33.27%, 66.54%,33.27999999999999,0.18%,0,a90054
17093,57.46%, 78.65%,21.189999999999998,0.16%,0,c80036
17095,29.82%, 64.69%,34.870000000000005,0.44%,0,a40158
17097,31.93%, 65.84%,33.91,0.25%,0,a70056
17099,18.57%, 59.20%,40.629999999999995,0.17%,0,960067
17101,30.91%, 65.36%,34.44,0.2%,0,a60057
17103,37.76%, 68.67%,30.909999999999997,0.42%,0,af014e
17105,44.21%, 72.07%,27.860000000000014,0.07%,0,b70047
17107,40.04%, 69.95%,29.909999999999997,0.14%,0,b2004c
17109,34.50%, 67.18%,32.67999999999999,0.14%,0,ab0053
17111,49.73%, 74.75%,25.03,0.22%,0,be003f
17113,35.33%, 67.59%,32.25999999999999,0.15%,0,ac0052
17115,18.59%, 59.16%,40.57,0.27%,0,960067
17117,16.75%, 58.03%,41.28,0.69%,0,930169
17119,12.20%, 55.88%,43.669999999999995,0.45%,0,8e016f
17121,21.33%, 60.58%,39.25,0.17%,0,9a0064
17123,35.00%, 67.43%,32.42999999999999,0.14%,0,ab0052
17125,25.56%, 62.70%,37.15,0.15%,0,9f005e
17127,40.28%, 69.99%,29.72,0.29%,0,b2004b
17129,39.33%, 69.49%,30.150000000000006,0.36%,0,b1004c
17131,22.09%, 60.98%,38.900000000000006,0.12%,0,9b0063
17133,37.20%, 68.44%,31.25,0.31%,0,ae004f
17135,13.62%, 56.71%,43.1,0.19%,0,90006d
17137,32.34%, 66.13%,33.80000000000001,0.07%,0,a80056
17139,14.40%, 57.07%,42.68,0.25%,0,91006c
17141,47.94%, 73.88%,25.930000000000007,0.19%,0,bc0042
17143,29.55%, 64.49%,34.94000000000001,0.57%,0,a40159
17145,26.07%, 62.98%,36.910000000000004,0.11%,0,a0005e
17147,35.66%, 67.72%,32.05,0.23%,0,ac0051
17149,20.86%, 60.23%,39.36000000000001,0.41%,0,990164
17151,30.07%, 64.92%,34.849999999999994,0.23%,0,a50058
17153,19.13%, 59.27%,40.129999999999995,0.6%,0,970166
17155,19.84%, 59.74%,39.9,0.36%,0,980065
17157,20.48%, 60.20%,39.709999999999994,0.09%,0,990065
17159,36.98%, 68.41%,31.42,0.17%,0,ae0050
17161,7.14%, 53.39%,46.25,0.36%,0,880075
17163,3.96%, 51.50%,47.54,0.96%,0,830279
17165,18.84%, 59.30%,40.45,0.25%,0,970067
17167,32.10%, 65.47%,33.370000000000005,1.16%,0,a60255
17169,32.20%, 66.03%,33.84,0.13%,0,a80056
17171,32.08%, 66.00%,33.91,0.09%,0,a80056
17173,24.32%, 62.08%,37.75,0.17%,0,9e0060
17175,43.39%, 71.44%,28.049999999999997,0.51%,0,b60147
17177,35.87%, 67.86%,31.989999999999995,0.15%,0,ad0051
17179,34.36%, 67.08%,32.71000000000001,0.21%,0,ab0053
17181,18.94%, 59.36%,40.43,0.21%,0,970067
17183,26.51%, 63.06%,36.559999999999995,0.38%,0,a0005d
17185,36.87%, 68.35%,31.480000000000004,0.17%,0,ae0050
17187,40.49%, 70.15%,29.669999999999987,0.18%,0,b2004b
17189,37.92%, 68.85%,30.940000000000012,0.21%,0,af004e
17191,39.64%, 69.75%,30.120000000000005,0.13%,0,b1004c
17193,24.36%, 62.10%,37.74,0.16%,0,9e0060
17195,37.14%, 68.40%,31.25999999999999,0.34%,0,ae004f
17197,31.77%, 65.67%,33.89999999999999,0.43%,0,a70156
17199,20.85%, 60.02%,39.18,0.8%,0,990263
17201,23.17%, 61.46%,38.29,0.25%,0,9c0061
17203,45.93%, 72.88%,26.950000000000003,0.17%,0,b90044
18001,30.92%, 65.24%,34.31,0.45%,0,a60157
18003,32.96%, 66.20%,33.239999999999995,0.56%,0,a80154
18005,42.41%, 70.87%,28.459999999999994,0.67%,0,b40148
18007,40.40%, 70.01%,29.61,0.38%,0,b2004b
18009,25.16%, 62.33%,37.160000000000004,0.51%,0,9e015e
18011,50.50%, 75.10%,24.61,0.29%,0,bf003e
18013,30.76%, 65.06%,34.3,0.64%,0,a50157
18015,45.11%, 72.32%,27.210000000000008,0.47%,0,b80145
18017,40.51%, 69.77%,29.25,0.98%,0,b1024a
18019,19.45%, 59.42%,39.98,0.6%,0,970165
18021,31.12%, 65.34%,34.209999999999994,0.45%,0,a60157
18023,39.23%, 69.42%,30.189999999999998,0.39%,0,b1004c
18025,18.48%, 58.96%,40.48,0.56%,0,960167
18027,41.02%, 70.33%,29.310000000000002,0.36%,0,b3004a
18029,29.89%, 64.69%,34.81,0.5%,0,a40158
18031,38.35%, 68.84%,30.47999999999999,0.68%,0,af014d
18033,33.69%, 66.44%,32.74000000000001,0.82%,0,a90253
18035,28.74%, 64.21%,35.47000000000001,0.32%,0,a3005a
18037,2.06%, 50.36%,48.3,1.34%,0,80037b
18039,41.76%, 70.57%,28.810000000000002,0.62%,0,b30149
18041,34.67%, 67.16%,32.5,0.34%,0,ab0052
18043,17.47%, 58.31%,40.83,0.86%,0,940268
18045,33.34%, 66.41%,33.07000000000001,0.52%,0,a90154
18047,33.85%, 66.74%,32.89,0.37%,0,aa0053
18049,48.10%, 73.82%,25.730000000000004,0.45%,0,bc0141
18051,23.50%, 61.51%,38.010000000000005,0.48%,0,9c0160
18053,45.09%, 72.41%,27.320000000000007,0.27%,0,b80045
18055,30.69%, 64.80%,34.11,1.09%,0,a50256
18057,65.78%, 82.74%,16.97,0.29%,0,d2002b
18059,56.18%, 77.87%,21.689999999999998,0.44%,0,c60137
18061,20.05%, 59.77%,39.709999999999994,0.52%,0,980165
18063,60.10%, 79.89%,19.790000000000006,0.32%,0,cb0032
18065,44.18%, 71.94%,27.760000000000005,0.3%,0,b70046
18067,47.88%, 73.67%,25.789999999999992,0.54%,0,bb0141
18069,37.53%, 68.48%,30.959999999999994,0.56%,0,ae014e
18071,31.06%, 64.99%,33.93000000000001,1.08%,0,a50256
18073,53.24%, 76.21%,22.980000000000004,0.81%,0,c2023a
18075,28.90%, 64.21%,35.32000000000001,0.47%,0,a3015a
18077,22.11%, 60.54%,38.43,1.03%,0,9a0261
18079,27.62%, 63.21%,35.59,1.2%,0,a1035a
18081,54.88%, 77.17%,22.299999999999997,0.53%,0,c40138
18083,32.16%, 65.62%,33.459999999999994,0.92%,0,a70255
18085,58.33%, 78.93%,20.599999999999994,0.47%,0,c90134
18087,42.71%, 71.11%,28.39,0.5%,0,b50148
18089,13.13%, 56.24%,43.1,0.66%,0,8f016d
18091,32.74%, 65.98%,33.239999999999995,0.78%,0,a80154
18093,43.56%, 71.55%,27.99000000000001,0.46%,0,b60147
18095,30.12%, 64.92%,34.78999999999999,0.29%,0,a50058
18097,33.54%, 66.52%,32.980000000000004,0.5%,0,a90154
18099,46.35%, 73.02%,26.67,0.31%,0,ba0044
18101,26.30%, 62.99%,36.68,0.33%,0,a0005d
18103,41.55%, 70.46%,28.92,0.62%,0,b30149
18105,13.24%, 56.05%,42.82,1.13%,0,8e026d
18107,52.28%, 75.99%,23.710000000000008,0.3%,0,c1003c
18109,55.65%, 77.62%,21.959999999999994,0.42%,0,c50137
18111,50.10%, 75.00%,24.900000000000006,0.1%,0,bf003f
18113,29.99%, 64.75%,34.760000000000005,0.49%,0,a50158
18115,19.40%, 59.50%,40.11,0.39%,0,970066
18117,32.08%, 65.89%,33.8,0.31%,0,a80056
18119,38.89%, 69.25%,30.36,0.39%,0,b0004d
18121,38.72%, 69.16%,30.439999999999998,0.4%,0,b0014d
18123,9.75%, 54.72%,44.980000000000004,0.3%,0,8b0072
18125,23.12%, 61.28%,38.16,0.56%,0,9c0161
18127,49.78%, 74.60%,24.820000000000007,0.58%,0,be013f
18129,30.69%, 65.24%,34.56,0.2%,0,a60058
18131,38.72%, 69.04%,30.309999999999988,0.65%,0,b0014d
18133,40.38%, 70.08%,29.700000000000003,0.22%,0,b2004b
18135,43.70%, 71.57%,27.870000000000005,0.56%,0,b60147
18137,29.25%, 64.45%,35.2,0.35%,0,a40059
18139,54.19%, 76.95%,22.75,0.3%,0,c4003a
18141,21.65%, 60.55%,38.89,0.56%,0,9a0163
18143,12.19%, 55.77%,43.57,0.66%,0,8e016f
18145,45.41%, 72.44%,27.040000000000006,0.52%,0,b80144
18147,17.54%, 58.61%,41.07,0.32%,0,950068
18149,29.49%, 64.43%,34.94999999999999,0.62%,0,a40159
18151,40.06%, 69.80%,29.730000000000004,0.47%,0,b1014b
18153,19.04%, 59.30%,40.27,0.43%,0,970166
18155,7.43%, 53.53%,46.1,0.37%,0,880075
18157,36.59%, 68.08%,31.480000000000004,0.44%,0,ad0150
18159,45.84%, 72.67%,26.83,0.5%,0,b90144
18161,45.35%, 72.50%,27.150000000000006,0.35%,0,b80045
18163,37.30%, 68.32%,31.02000000000001,0.66%,0,ae014f
18165,15.01%, 57.24%,42.23,0.53%,0,91016b
18167,22.13%, 60.73%,38.6,0.67%,0,9a0162
18169,36.91%, 68.29%,31.39,0.32%,0,ae0050
18171,40.31%, 69.96%,29.66000000000001,0.38%,0,b2004b
18173,32.64%, 65.84%,33.19,0.97%,0,a70254
18175,21.11%, 60.06%,38.96,0.98%,0,990263
18177,47.53%, 73.60%,26.070000000000007,0.33%,0,bb0042
18179,32.56%, 65.77%,33.21000000000001,1.02%,0,a70254
18181,46.80%, 73.19%,26.39,0.42%,0,ba0143
18183,32.02%, 65.67%,33.64999999999999,0.68%,0,a70155
19001,29.26%, 63.59%,34.34,2.07%,0,a20557
19003,21.44%, 59.57%,38.13,2.3%, 2.30%,970561
19005,28.63%, 63.24%,34.61,2.15%, 2.06%,a10558
19007,30.21%, 64.04%,33.83999999999999,2.1199999999999997%, 2.03%,a30556
19009,24.06%, 61.61%,37.56,0.83%,0,9d025f
19011,10.17%, 54.09%,43.919999999999995,1.99%,0,89056f
19013,17.12%, 57.51%,40.39,2.1%,0,920566
19015,10.51%, 54.29%,43.78,1.93%,0,8a046f
