id,margin,hoover,smith,other,hex_color
01001,12.77%, 43.61%, 56.39%,-,6f008f
01003,2.61%, 51.05%, 48.44%, 0.51%,82017b
01005,27.84%, 35.59%, 63.44%, 0.97%,5a02a1
01007,8.41%, 45.61%, 54.02%, 0.36%,740089
01009,4.12%, 52.06%, 47.94%,-,84007a
01011,47.47%, 26.27%, 73.73%,-,4200bc
01013,27.71%, 36.14%, 63.86%,-,5c00a2
01015,9.02%, 54.50%, 45.48%, 0.02%,8a0073
01017,26.84%, 63.42%, 36.58%,-,a1005d
01019,25.74%, 62.78%, 37.05%, 0.17%,a0005e
01021,38.84%, 69.37%, 30.52%, 0.11%,b0004d
01023,48.65%, 25.67%, 74.33%,-,4100bd
01025,27.94%, 36.03%, 63.97%,-,5b00a3
01027,31.76%, 65.86%, 34.10%, 0.03%,a70056
01029,16.51%, 58.25%, 41.75%,-,94006a
01031,21.66%, 39.17%, 60.83%,-,63009b
01033,34.12%, 31.64%, 65.75%,-,5000a7
01035,12.94%, 56.47%, 43.53%,-,8f006f
01037,21.32%, 60.63%, 39.31%, 0.06%,9a0064
01039,8.65%, 45.60%, 54.26%, 0.14%,74008a
01041,14.66%, 42.67%, 57.33%,-,6c0092
01043,30.55%, 65.28%, 34.72%,-,a60058
01045,10.43%, 44.76%, 55.19%, 0.04%,72008c
01047,45.96%, 27.00%, 72.96%, 0.04%,4400ba
01049,18.56%, 59.27%, 40.71%, 0.02%,970067
01051,14.96%, 57.45%, 42.49%, 0.06%,92006c
01053,23.91%, 61.94%, 38.03%, 0.04%,9d0060
01055,18.39%, 58.88%, 40.50%, 0.62%,960167
01057,19.69%, 59.83%, 40.13%, 0.04%,980066
01059,12.60%, 56.24%, 43.64%, 0.11%,8f006f
01061,1.59%, 50.80%, 49.20%,-,81007d
01063,87.81%, 6.09%, 93.91%,-,0f00ef
01065,44.45%, 27.77%, 72.23%,-,4600b8
01067,1.18%, 49.35%, 50.53%, 0.12%,7d0080
01069,7.68%, 46.12%, 53.81%, 0.07%,750089
01071,17.69%, 58.72%, 41.03%, 0.25%,950068
01073,3.80%, 51.74%, 47.94%, 0.32%,83007a
01075,27.44%, 36.28%, 63.72%,-,5c00a2
01077,32.41%, 33.78%, 66.20%, 0.02%,5600a8
01079,1.32%, 49.27%, 50.59%, 0.15%,7d0081
01081,17.11%, 41.38%, 58.49%, 0.12%,690095
01083,61.16%, 19.42%, 80.58%,-,3100cd
01085,59.23%, 20.39%, 79.61%,-,3300cb
01087,20.30%, 39.68%, 59.98%, 0.34%,650098
01089,0.26%, 50.11%, 49.85%, 0.04%,7f007f
01091,43.25%, 28.38%, 71.62%,-,4800b6
01093,1.75%, 49.13%, 50.87%,-,7d0081
01095,3.90%, 51.84%, 47.94%, 0.23%,84007a
01097,8.22%, 45.84%, 54.07%, 0.09%,740089
01099,11.13%, 44.44%, 55.56%,-,71008d
01101,34.16%, 32.90%, 67.06%, 0.03%,5300ab
01103,9.64%, 54.76%, 45.12%, 0.12%,8b0073
01105,46.00%, 26.97%, 72.97%, 0.06%,4400ba
01107,23.71%, 38.15%, 61.85%,-,61009d
01109,53.35%, 23.24%, 76.59%, 0.17%,3b00c3
01111,18.15%, 59.04%, 40.89%, 0.07%,960068
01113,42.86%, 27.82%, 70.68%, 1.50%,4603b4
01115,32.55%, 66.25%, 33.70%, 0.05%,a80055
01117,19.58%, 59.53%, 39.95%, 0.52%,970165
01119,68.33%, 15.84%, 84.16%,-,2800d6
01121,2.75%, 48.43%, 51.18%, 0.39%,7b0082
01123,19.05%, 40.46%, 59.51%, 0.03%,670097
01125,39.16%, 30.39%, 69.56%, 0.05%,4d00b1
01127,7.54%, 46.23%, 53.77%,-,750089
01129,16.45%, 41.73%, 58.18%, 0.08%,6a0094
01131,57.22%, 21.35%, 78.57%, 0.08%,3600c8
01133,51.95%, 75.96%, 24.01%, 0.04%,c1003d
02013,0%,-,-,-,000000
02016,0%,-,-,-,000000
02020,0%,-,-,-,000000
02050,0%,-,-,-,000000
02060,0%,-,-,-,000000
02068,0%,-,-,-,000000
02070,0%,-,-,-,000000
02090,0%,-,-,-,000000
02100,0%,-,-,-,000000
02105,0%,-,-,-,000000
02110,0%,-,-,-,000000
02122,0%,-,-,-,000000
02130,0%,-,-,-,000000
02150,0%,-,-,-,000000
02164,0%,-,-,-,000000
02170,0%,-,-,-,000000
02180,0%,-,-,-,000000
02185,0%,-,-,-,000000
02188,0%,-,-,-,000000
02195,0%,-,-,-,000000
02198,0%,-,-,-,000000
02220,0%,-,-,-,000000
02230,0%,-,-,-,000000
02240,0%,-,-,-,000000
02261,0%,-,-,-,000000
02270,0%,-,-,-,000000
02275,0%,-,-,-,000000
02282,0%,-,-,-,000000
02290,0%,-,-,-,000000
04001,2.83%, 51.41%, 48.59%,-,83007b
04003,15.02%, 57.28%, 42.27%, 0.45%,92016b
04005,18.79%, 59.19%, 40.40%, 0.41%,960167
04007,1.40%, 50.60%, 49.20%, 0.19%,81007d
04009,13.18%, 43.27%, 56.45%, 0.28%,6e008f
04011,15.36%, 42.08%, 57.43%, 0.49%,6b0192
04012,0%,-,-,-,000000
04013,24.61%, 62.25%, 37.64%, 0.11%,9e005f
04015,21.36%, 60.33%, 38.97%, 0.70%,990163
04017,9.99%, 54.99%, 45.01%,-,8c0072
04019,14.24%, 56.94%, 42.70%, 0.36%,91006c
04021,6.94%, 53.41%, 46.46%, 0.13%,880076
04023,2.28%, 48.78%, 51.06%, 0.16%,7c0082
04025,15.68%, 57.83%, 42.15%, 0.03%,93006b
04027,18.87%, 59.43%, 40.57%,-,970067
05001,17.49%, 41.10%, 58.59%, 0.31%,680095
05003,27.82%, 36.02%, 63.84%, 0.14%,5b00a2
05005,13.64%, 42.71%, 56.36%, 0.93%,6c028f
05007,15.88%, 57.29%, 41.42%, 1.29%,920369
05009,5.06%, 47.27%, 52.33%, 0.40%,780185
05011,53.77%, 23.11%, 76.89%,-,3a00c4
05013,48.69%, 25.36%, 74.06%, 0.58%,4001bc
05015,6.55%, 53.05%, 46.50%, 0.45%,870176
05017,39.24%, 30.31%, 69.55%, 0.14%,4d00b1
05019,33.04%, 33.37%, 66.41%, 0.22%,5500a9
05021,6.68%, 46.31%, 52.99%, 0.70%,760187
05023,19.56%, 39.81%, 59.36%, 0.83%,650297
05025,18.34%, 40.79%, 59.13%, 0.09%,680096
05027,47.89%, 26.03%, 73.92%, 0.04%,4200bc
05029,38.91%, 30.48%, 69.39%, 0.14%,4d00b0
05031,4.23%, 47.55%, 51.77%, 0.68%,790184
05033,5.57%, 47.21%, 52.79%,-,780086
05035,68.64%, 15.68%, 84.32%,-,2700d7
05037,59.50%, 20.12%, 79.63%, 0.25%,3300cb
05039,34.29%, 32.73%, 67.01%, 0.26%,5300aa
05041,53.07%, 23.39%, 76.47%, 0.14%,3b00c2
05043,48.67%, 25.56%, 74.23%, 0.20%,4100bd
05045,45.50%, 27.07%, 72.57%, 0.35%,4500b9
05047,26.19%, 36.53%, 62.72%, 0.76%,5d019f
05049,15.29%, 42.29%, 57.58%, 0.12%,6b0092
05051,1.85%, 48.94%, 50.79%, 0.27%,7c0081
05053,40.78%, 29.54%, 70.32%, 0.13%,4b00b3
05055,16.94%, 41.27%, 58.20%, 0.53%,690194
05057,39.33%, 30.25%, 69.58%, 0.17%,4d00b1
05059,5.96%, 52.86%, 46.90%, 0.23%,860077
05061,15.98%, 41.76%, 57.74%, 0.49%,6a0193
05063,13.53%, 43.10%, 56.63%, 0.26%,6d0090
05065,12.86%, 43.45%, 56.30%, 0.25%,6e008f
05067,37.11%, 31.24%, 68.35%, 0.40%,4f01ae
05069,17.55%, 41.12%, 58.67%, 0.20%,680095
05071,25.36%, 36.93%, 62.30%, 0.77%,5e019e
05073,38.96%, 30.48%, 69.45%, 0.07%,4d00b1
05075,21.68%, 39.03%, 60.72%, 0.25%,63009a
05077,75.06%, 12.47%, 87.53%,-,1f00df
05079,70.32%, 14.79%, 85.11%, 0.10%,2500d9
05081,33.38%, 33.24%, 66.62%, 0.15%,5400a9
05083,14.93%, 42.42%, 57.35%, 0.23%,6c0092
05085,46.57%, 26.66%, 73.23%, 0.12%,4300ba
05087,23.18%, 61.33%, 38.16%, 0.51%,9c0161
05089,25.15%, 37.17%, 62.32%, 0.51%,5e019e
05091,20.68%, 39.51%, 60.19%, 0.31%,640099
05093,53.92%, 22.83%, 76.75%, 0.41%,3a01c3
05095,34.84%, 32.54%, 67.38%, 0.08%,5200ab
05097,14.58%, 56.91%, 42.33%, 0.76%,91016b
05099,13.50%, 43.16%, 56.66%, 0.18%,6e0090
05101,42.16%, 70.87%, 28.70%, 0.43%,b40149
05103,20.17%, 39.92%, 60.08%,-,650099
05105,14.56%, 42.59%, 57.14%, 0.27%,6c0091
05107,61.68%, 19.08%, 80.76%, 0.16%,3000cd
05109,5.46%, 47.07%, 52.53%, 0.40%,780185
05111,32.46%, 33.60%, 66.06%, 0.34%,5500a8
05113,7.93%, 53.34%, 45.41%, 1.25%,880373
05115,27.24%, 36.11%, 63.35%, 0.53%,5c01a1
05117,23.87%, 37.82%, 61.69%, 0.49%,60019d
05119,30.69%, 34.55%, 65.24%, 0.21%,5800a6
05121,32.50%, 33.58%, 66.08%, 0.35%,5500a8
05123,37.91%, 30.82%, 68.73%, 0.45%,4e01af
05125,41.49%, 29.12%, 70.60%, 0.28%,4a00b4
05127,21.56%, 38.85%, 60.41%, 0.75%,63019a
05129,40.03%, 69.65%, 29.62%, 0.73%,b1014b
05131,4.17%, 51.84%, 47.67%, 0.49%,840179
05133,41.22%, 29.39%, 70.61%,-,4a00b4
05135,23.44%, 38.24%, 61.68%, 0.08%,61009d
05137,11.28%, 43.62%, 54.90%, 1.49%,6f038b
05139,31.93%, 33.95%, 65.88%, 0.17%,5600a7
05141,21.48%, 39.18%, 60.66%, 0.16%,63009a
05143,13.24%, 56.26%, 43.02%, 0.72%,8f016d
05145,7.99%, 45.73%, 53.73%, 0.54%,740189
05147,43.97%, 27.95%, 71.92%, 0.12%,4700b7
05149,44.26%, 27.65%, 71.91%, 0.45%,4601b7
06001,31.82%, 65.42%, 33.60%, 0.98%,a60255
06003,88.46%, 94.23%, 5.77%,-,f0000e
06005,11.41%, 44.12%, 55.53%, 0.36%,70008d
06007,22.62%, 60.45%, 37.83%, 1.73%,9a0460
06009,8.35%, 53.79%, 45.44%, 0.77%,890173
06011,13.30%, 56.30%, 42.99%, 0.71%,8f016d
06013,22.02%, 60.38%, 38.36%, 1.26%,990361
06015,12.46%, 55.87%, 43.41%, 0.72%,8e016e
06017,10.38%, 44.25%, 54.63%, 1.12%,70028b
06019,9.98%, 54.30%, 44.32%, 1.38%,8a0371
06021,30.83%, 65.03%, 34.20%, 0.76%,a50157
06023,41.39%, 69.75%, 28.37%, 1.88%,b10448
06025,36.58%, 67.61%, 31.03%, 1.36%,ac034f
06027,16.41%, 57.37%, 40.96%, 1.67%,920468
06029,26.24%, 62.67%, 36.43%, 0.90%,9f025c
06031,4.30%, 51.51%, 47.21%, 1.28%,830378
06033,32.11%, 65.37%, 33.26%, 1.36%,a60354
06035,13.81%, 56.73%, 42.92%, 0.35%,90006d
06037,41.51%, 70.22%, 28.71%, 1.07%,b30249
06039,10.68%, 54.88%, 44.21%, 0.91%,8b0270
06041,15.90%, 57.44%, 41.54%, 1.02%,920269
06043,11.66%, 55.03%, 43.37%, 1.59%,8c046e
06045,28.76%, 63.39%, 34.63%, 1.98%,a10558
06047,21.69%, 60.17%, 38.48%, 1.35%,990362
06049,13.92%, 56.75%, 42.83%, 0.42%,90016d
06051,26.12%, 61.80%, 35.67%,-,9d005a
06053,26.98%, 63.12%, 36.13%, 0.75%,a0015c
06055,15.62%, 57.48%, 41.86%, 0.66%,92016a
06057,5.12%, 52.00%, 46.88%, 1.12%,840277
06059,59.60%, 79.35%, 19.75%, 0.89%,ca0232
06061,0.21%, 49.25%, 49.46%, 1.29%,7d037e
06063,6.36%, 45.64%, 52.00%,-,740084
06065,56.82%, 77.94%, 21.12%, 0.94%,c60235
06067,2.64%, 50.83%, 48.19%, 0.99%,81027a
06069,18.07%, 58.87%, 40.80%, 0.33%,960068
06071,50.61%, 74.73%, 24.13%, 1.14%,be023d
06073,35.16%, 67.14%, 31.97%, 0.89%,ab0251
06075,0.33%, 49.11%, 49.44%, 1.46%,7d037e
06077,23.25%, 61.10%, 37.85%, 1.05%,9b0260
06079,23.42%, 60.82%, 37.40%, 1.78%,9b045f
06081,18.88%, 58.87%, 39.99%, 1.14%,960265
06083,39.95%, 69.44%, 29.49%, 1.07%,b1024b
06085,28.42%, 63.81%, 35.39%, 0.79%,a2025a
06087,37.99%, 68.53%, 30.54%, 0.93%,ae024d
06089,6.26%, 52.20%, 45.94%, 1.86%,850475
06091,4.17%, 51.52%, 47.35%, 1.13%,830278
06093,12.43%, 55.49%, 43.06%, 1.45%,8d036d
06095,5.80%, 52.32%, 46.51%, 1.17%,850276
06097,20.31%, 59.71%, 39.40%, 0.90%,980264
06099,35.52%, 67.13%, 31.61%, 1.27%,ab0350
06101,8.78%, 53.98%, 45.20%, 0.82%,890273
06103,33.69%, 65.58%, 31.89%,-,a70051
06105,1.53%, 48.85%, 47.32%,-,7c0078
06107,28.67%, 63.76%, 35.09%, 1.15%,a20259
06109,11.74%, 54.80%, 43.05%,-,8b006d
06111,41.24%, 70.17%, 28.92%, 0.91%,b20249
06113,14.52%, 56.96%, 42.43%, 0.61%,91016c
06115,0.79%, 50.02%, 49.23%, 0.74%,7f017d
08001,27.65%, 63.10%, 35.46%, 1.44%,a0035a
08003,17.21%, 58.23%, 41.01%, 0.76%,940168
08005,41.84%, 70.29%, 28.44%, 1.27%,b30348
08007,15.09%, 56.48%, 41.39%, 2.13%,900569
08009,58.97%, 78.48%, 19.51%, 2.01%,c80531
08011,44.82%, 72.13%, 27.31%, 0.55%,b70145
08013,36.35%, 67.48%, 31.13%, 1.39%,ac034f
08014,0%,-,-,-,000000
08015,20.57%, 59.49%, 38.92%, 1.58%,970463
08017,30.07%, 63.85%, 33.78%, 2.36%,a20656
08019,23.88%, 61.05%, 37.17%, 1.78%,9b045e
08021,7.08%, 45.24%, 52.32%, 2.44%,730685
08023,23.47%, 37.33%, 60.80%, 1.88%,5f049b
08025,32.00%, 65.42%, 33.42%, 1.16%,a60255
08027,20.71%, 58.88%, 38.17%, 0.49%,960161
08029,37.15%, 67.32%, 30.17%, 2.51%,ab064c
08031,27.85%, 63.40%, 35.55%, 1.05%,a1025a
08033,15.75%, 55.92%, 40.17%, 0.72%,8e0166
08035,29.25%, 64.25%, 35.00%, 0.75%,a30159
08037,27.66%, 63.18%, 35.51%, 1.31%,a1035a
08039,44.13%, 71.38%, 27.25%, 1.37%,b60345
08041,51.78%, 75.28%, 23.49%, 1.23%,bf033b
08043,38.63%, 68.79%, 30.16%, 1.05%,af024c
08045,21.52%, 60.03%, 38.51%, 1.45%,990362
08047,11.62%, 55.17%, 43.54%, 1.29%,8c036f
08049,25.75%, 62.15%, 36.40%, 1.45%,9e035c
08051,12.17%, 55.21%, 43.04%, 1.74%,8c046d
08053,9.24%, 53.78%, 44.54%, 1.68%,890471
08055,1.25%, 49.15%, 50.40%, 0.45%,7d0180
08057,22.82%, 60.21%, 37.39%, 2.40%,99065f
08059,39.63%, 69.09%, 29.46%, 1.44%,b0034b
08061,37.36%, 67.59%, 30.23%, 2.18%,ac054d
08063,36.56%, 67.37%, 30.81%, 1.82%,ab044e
08065,18.59%, 40.10%, 58.69%, 1.22%,660395
08067,20.26%, 59.58%, 39.31%, 1.11%,970264
08069,43.27%, 70.94%, 27.66%, 1.40%,b40346
08071,9.10%, 44.74%, 53.85%, 1.41%,720389
08073,40.03%, 69.11%, 29.09%, 1.80%,b0044a
08075,45.30%, 71.92%, 26.62%, 1.46%,b70343
08077,32.88%, 65.76%, 32.88%, 1.36%,a70353
08079,12.29%, 41.14%, 53.43%,-,680088
08081,30.50%, 64.56%, 34.05%, 1.39%,a40356
08083,26.47%, 62.37%, 35.91%, 1.72%,9f045b
08085,36.90%, 67.27%, 30.37%, 2.36%,ab064d
08087,53.58%, 76.10%, 22.52%, 1.38%,c20339
08089,50.61%, 74.88%, 24.27%, 0.85%,be023d
08091,5.39%, 51.49%, 46.10%, 2.41%,830675
08093,27.25%, 62.82%, 35.57%, 1.61%,a0045a
08095,33.26%, 65.16%, 31.90%, 0.45%,a60151
08097,3.26%, 50.95%, 47.69%, 1.37%,810379
08099,44.56%, 71.50%, 26.93%, 1.57%,b60444
08101,32.36%, 65.65%, 33.29%, 1.06%,a70254
08103,32.83%, 65.50%, 32.67%, 1.83%,a70453
08105,29.20%, 64.03%, 34.83%, 1.14%,a30258
08107,16.41%, 57.36%, 40.95%, 1.69%,920468
08109,26.75%, 62.62%, 35.87%, 1.51%,9f035b
08111,21.31%, 37.13%, 58.45%, 0.80%,5e0295
08113,12.72%, 54.91%, 42.19%, 2.89%,8c076b
08115,36.11%, 67.51%, 31.40%, 1.08%,ac0250
08117,8.22%, 53.16%, 44.93%, 1.91%,870472
08119,6.46%, 52.04%, 45.58%, 2.37%,840674
08121,42.06%, 69.99%, 27.94%, 2.07%,b20547
08123,40.36%, 69.58%, 29.22%, 1.20%,b1034a
08125,40.98%, 69.07%, 28.09%, 2.84%,b00747
09001,12.44%, 55.81%, 43.37%, 0.82%,8e026e
09003,7.14%, 53.16%, 46.02%, 0.82%,870275
09005,27.91%, 63.73%, 35.81%, 0.46%,a2015b
09007,20.45%, 59.92%, 39.47%, 0.61%,980164
09009,1.03%, 49.05%, 50.08%, 0.87%,7d027f
09011,13.38%, 56.30%, 42.93%, 0.77%,8f016d
09013,20.64%, 59.74%, 39.10%, 1.16%,980263
09015,3.03%, 51.35%, 48.31%, 0.34%,82007b
10001,18.51%, 59.16%, 40.65%, 0.19%,960067
10003,35.76%, 67.66%, 31.90%, 0.44%,ac0151
10005,28.46%, 64.10%, 35.64%, 0.27%,a3005a
11001,0%,-,-,-,000000
12001,2.83%, 2.35%, 35.01%,-,050059
12003,46.47%, 72.38%, 25.91%, 1.71%,b80442
12005,9.82%, 44.27%, 54.09%, 1.64%,700489
12007,11.88%, 43.73%, 55.61%, 0.66%,6f018d
12009,26.04%, 62.12%, 36.08%, 1.80%,9e045c
12011,29.19%, 63.63%, 34.45%, 1.92%,a20457
12013,27.23%, 35.02%, 62.24%, 0.68%,59019e
12015,14.29%, 55.73%, 41.45%, 2.82%,8e0769
12017,23.26%, 37.77%, 61.03%, 1.20%,60039b
12019,45.96%, 72.05%, 26.09%, 1.85%,b70442
12021,25.74%, 37.01%, 62.75%, 0.25%,5e00a0
12023,50.00%, 24.36%, 74.36%, 1.28%,3e03bd
12027,29.38%, 64.04%, 34.66%, 1.30%,a30358
12029,15.03%, 57.52%, 42.48%,-,92006c
12031,28.49%, 63.39%, 34.91%, 1.70%,a10459
12033,8.05%, 53.32%, 45.27%, 1.42%,870373
12035,18.96%, 58.14%, 39.18%, 2.68%,940663
12037,11.01%, 44.30%, 55.31%, 0.40%,70018d
12039,54.03%, 22.31%, 76.34%, 1.35%,3803c2
12041,48.55%, 22.73%, 71.27%, 0.55%,3901b5
12043,8.12%, 53.73%, 45.62%, 0.65%,890174
12045,26.68%, 34.98%, 61.66%, 3.36%,59089d
12047,57.86%, 16.83%, 74.70%, 1.11%,2a02be
12049,42.33%, 70.06%, 27.73%, 2.22%,b20546
12051,11.41%, 54.18%, 42.77%, 3.05%,8a076d
12053,2.89%, 47.79%, 50.69%, 1.52%,790381
12055,34.57%, 66.52%, 31.95%, 1.53%,a90351
12057,7.74%, 52.98%, 45.24%, 1.77%,870473
12059,50.23%, 74.44%, 24.21%, 1.35%,bd033d
12061,12.48%, 55.61%, 43.14%, 1.25%,8d036e
12063,28.33%, 35.43%, 63.76%, 0.81%,5a02a2
12065,58.86%, 20.22%, 79.09%, 0.69%,3301c9
12067,52.17%, 23.48%, 75.65%, 0.87%,3b02c0
12069,38.42%, 68.08%, 29.66%, 2.25%,ad054b
12071,27.75%, 63.17%, 35.42%, 1.41%,a1035a
12073,49.35%, 24.72%, 74.07%, 1.22%,3f03bc
12075,5.59%, 46.23%, 51.82%, 1.95%,750484
12077,21.07%, 39.20%, 60.27%, 0.53%,630199
12079,48.60%, 25.70%, 74.30%,-,4100bd
12081,29.11%, 63.87%, 34.76%, 1.37%,a20358
12083,1.65%, 49.75%, 48.10%, 2.14%,7e057a
12085,18.91%, 58.05%, 39.14%, 2.81%,940763
12086,21.71%, 60.15%, 38.44%, 1.41%,990362
12087,24.48%, 36.93%, 61.42%, 1.65%,5e049c
12089,31.55%, 65.13%, 33.58%, 1.28%,a60355
12091,46.30%, 72.70%, 26.40%, 0.89%,b90243
12093,38.78%, 68.87%, 30.08%, 1.05%,af024c
12095,41.95%, 70.04%, 28.08%, 1.88%,b20447
12097,21.67%, 60.25%, 38.58%, 1.16%,990262
12099,32.08%, 64.23%, 32.15%, 1.48%,a30351
12101,9.65%, 54.26%, 44.61%, 1.13%,8a0271
12103,50.22%, 74.52%, 24.30%, 1.18%,be033d
12105,23.28%, 60.23%, 36.94%, 2.83%,99075e
12107,28.40%, 63.01%, 34.60%, 2.39%,a00658
12109,25.86%, 36.65%, 62.50%, 0.85%,5d029f
12111,13.76%, 55.88%, 42.13%, 1.99%,8e056b
12113,49.39%, 73.97%, 24.58%, 1.45%,bc033e
12115,14.86%, 56.46%, 41.60%, 1.94%,8f046a
12117,19.80%, 58.89%, 39.10%, 2.01%,960563
12119,11.73%, 55.60%, 43.87%, 0.53%,8d016f
12121,35.55%, 31.68%, 67.22%, 1.10%,5002ab
12123,22.42%, 38.05%, 60.47%, 1.47%,61039a
12125,47.31%, 25.69%, 73.00%, 1.31%,4103ba
12127,36.76%, 67.78%, 31.03%, 1.19%,ac034f
12129,74.54%, 12.18%, 86.72%, 1.11%,1f02dd
12131,23.59%, 61.36%, 37.77%, 0.87%,9c0260
12133,41.74%, 69.72%, 27.98%, 2.29%,b10547
13001,16.50%, 58.25%, 41.75%,-,94006a
13003,48.62%, 25.69%, 74.31%,-,4100bd
13005,20.08%, 39.96%, 60.04%,-,650099
13007,64.71%, 17.65%, 82.35%,-,2d00d1
13009,45.01%, 27.49%, 72.51%,-,4600b8
13011,7.52%, 46.24%, 53.76%,-,750089
13013,17.63%, 58.81%, 41.19%,-,950069
13015,0.48%, 50.24%, 49.76%,-,80007e
13017,37.24%, 31.38%, 68.62%,-,5000ae
13019,75.00%, 12.50%, 87.50%,-,1f00df
13021,4.83%, 47.58%, 52.42%,-,790085
13023,80.06%, 9.97%, 90.03%,-,1900e5
13025,1.78%, 50.89%, 49.11%,-,81007d
13027,60.08%, 19.96%, 80.04%,-,3200cc
13029,18.38%, 40.81%, 59.19%,-,680096
13031,52.95%, 23.53%, 76.47%,-,3c00c2
13033,45.09%, 27.46%, 72.54%,-,4600b8
13035,70.22%, 14.89%, 85.11%,-,2500d9
13037,72.51%, 13.75%, 86.25%,-,2300db
13039,1.29%, 49.35%, 50.65%,-,7d0081
13043,51.10%, 24.45%, 75.55%,-,3e00c0
13045,4.94%, 52.47%, 47.53%,-,850079
13047,3.68%, 51.84%, 48.16%,-,84007a
13049,44.35%, 27.83%, 72.17%,-,4600b8
13051,2.27%, 48.86%, 51.14%,-,7c0082
13053,77.36%, 11.32%, 88.68%,-,1c00e2
13055,8.73%, 54.37%, 45.63%,-,8a0074
13057,48.58%, 74.29%, 25.71%,-,bd0041
13059,32.05%, 33.97%, 66.03%,-,5600a8
13061,75.70%, 12.15%, 87.85%,-,1e00e0
13063,0.57%, 50.28%, 49.72%,-,80007e
13065,66.74%, 16.63%, 83.37%,-,2a00d4
13067,9.09%, 54.54%, 45.46%,-,8b0073
13069,33.11%, 33.45%, 66.55%,-,5500a9
13071,9.85%, 45.07%, 54.93%,-,72008c
13073,8.77%, 45.61%, 54.39%,-,74008a
13075,48.81%, 25.59%, 74.41%,-,4100bd
13077,75.70%, 12.15%, 87.85%,-,1e00e0
13079,76.35%, 11.82%, 88.18%,-,1e00e0
13081,13.08%, 43.46%, 56.54%,-,6e0090
13083,16.01%, 42.00%, 58.00%,-,6b0093
13085,6.75%, 46.62%, 53.38%,-,760088
13087,22.33%, 61.16%, 38.84%,-,9b0063
13089,1.82%, 50.91%, 49.09%,-,81007d
13091,42.53%, 28.74%, 71.26%,-,4900b5
13093,65.33%, 17.33%, 82.67%,-,2c00d2
13095,44.31%, 27.85%, 72.15%,-,4700b7
13097,14.56%, 57.28%, 42.72%,-,92006c
13099,48.95%, 25.52%, 74.48%,-,4100bd
13101,83.09%, 8.45%, 91.55%,-,1500e9
13103,58.73%, 79.37%, 20.63%,-,ca0034
13105,6.10%, 46.95%, 53.05%,-,770087
13107,50.38%, 24.81%, 75.19%,-,3f00bf
13109,43.61%, 28.19%, 71.81%,-,4700b7
13111,36.17%, 68.08%, 31.92%,-,ad0051
13113,31.78%, 34.11%, 65.89%,-,5600a8
13115,7.32%, 53.66%, 46.34%,-,880076
13117,52.99%, 76.49%, 23.51%,-,c3003b
13119,1.97%, 50.99%, 49.01%,-,82007c
13121,2.72%, 51.36%, 48.64%,-,82007c
13123,31.34%, 65.67%, 34.33%,-,a70057
13125,29.31%, 64.66%, 35.34%,-,a4005a
13127,18.55%, 59.27%, 40.73%,-,970067
13129,16.81%, 58.40%, 41.60%,-,94006a
13131,45.50%, 27.25%, 72.75%,-,4500b9
13133,43.81%, 28.10%, 71.90%,-,4700b7
13135,4.53%, 52.26%, 47.74%,-,850079
13137,11.92%, 55.96%, 44.04%,-,8e0070
13139,1.61%, 50.81%, 49.19%,-,81007d
13141,64.78%, 17.61%, 82.39%,-,2c00d2
13143,38.31%, 69.16%, 30.84%,-,b0004e
13145,58.56%, 20.72%, 79.28%,-,3400ca
13147,20.76%, 39.62%, 60.38%,-,650099
13149,11.66%, 44.17%, 55.83%,-,70008e
13151,35.89%, 32.06%, 67.94%,-,5100ad
13153,55.66%, 22.17%, 77.83%,-,3800c6
13155,69.97%, 15.01%, 84.99%,-,2600d8
13157,2.44%, 48.78%, 51.22%,-,7c0082
13159,63.73%, 18.13%, 81.87%,-,2e00d0
13161,27.27%, 36.36%, 63.64%,-,5c00a2
13163,13.96%, 56.98%, 43.02%,-,91006d
13165,10.39%, 44.80%, 55.20%,-,72008c
13167,37.99%, 31.00%, 69.00%,-,4f00af
13169,61.09%, 19.46%, 80.54%,-,3100cd
13171,68.42%, 15.79%, 84.21%,-,2800d6
13173,37.41%, 31.29%, 68.71%,-,4f00af
13175,61.74%, 19.13%, 80.87%,-,3000ce
13177,72.89%, 13.55%, 86.45%,-,2200dc
13179,0.50%, 50.25%, 49.75%,-,80007e
13181,3.73%, 48.14%, 51.86%,-,7a0084
13183,41.45%, 70.72%, 29.28%,-,b4004a
13185,40.67%, 29.67%, 70.33%,-,4b00b3
13187,19.02%, 40.49%, 59.51%,-,670097
13189,11.24%, 55.62%, 44.38%,-,8d0071
13191,12.15%, 56.07%, 43.93%,-,8e0070
13193,52.09%, 23.96%, 76.04%,-,3d00c1
13195,5.29%, 52.65%, 47.35%,-,860078
13197,52.40%, 23.80%, 76.20%,-,3c00c2
13199,68.15%, 15.93%, 84.07%,-,2800d6
13201,52.25%, 23.88%, 76.12%,-,3c00c2
13205,80.95%, 9.53%, 90.47%,-,1800e6
13207,41.77%, 29.12%, 70.88%,-,4a00b4
13209,54.94%, 22.53%, 77.47%,-,3900c5
13211,58.85%, 20.57%, 79.43%,-,3400ca
13213,5.94%, 52.97%, 47.03%,-,870077
13215,14.27%, 42.86%, 57.14%,-,6d0091
13217,11.14%, 44.43%, 55.57%,-,71008d
13219,6.83%, 46.58%, 53.42%,-,760088
13221,59.72%, 20.14%, 79.86%,-,3300cb
13223,30.69%, 65.34%, 34.66%,-,a60058
13225,46.67%, 26.67%, 73.33%,-,4400ba
13227,41.68%, 70.84%, 29.16%,-,b4004a
13229,29.46%, 35.27%, 64.73%,-,5900a5
13231,50.00%, 25.00%, 75.00%,-,3f00bf
13233,24.53%, 62.27%, 37.73%,-,9e0060
13235,71.77%, 14.11%, 85.89%,-,2300db
13237,84.57%, 7.71%, 92.29%,-,1300eb
13239,61.86%, 19.07%, 80.93%,-,3000ce
13241,31.70%, 34.15%, 65.85%,-,5700a7
13243,63.88%, 18.06%, 81.94%,-,2e00d0
13245,41.97%, 70.99%, 29.01%,-,b50049
13247,50.32%, 24.84%, 75.16%,-,3f00bf
13249,61.98%, 19.01%, 80.99%,-,3000ce
13251,40.36%, 70.18%, 29.82%,-,b2004c
13253,54.26%, 22.87%, 77.13%,-,3a00c4
13255,61.60%, 19.20%, 80.80%,-,3000ce
13257,23.73%, 38.14%, 61.86%,-,61009d
13259,78.54%, 10.73%, 89.27%,-,1b00e3
13261,61.59%, 19.20%, 80.80%,-,3000ce
13263,75.74%, 12.13%, 87.87%,-,1e00e0
13265,76.98%, 11.51%, 88.49%,-,1d00e1
13267,26.46%, 63.23%, 36.77%,-,a1005d
13269,25.13%, 37.43%, 62.57%,-,5f009f
13271,72.21%, 13.90%, 86.10%,-,2300db
13273,77.10%, 11.45%, 88.55%,-,1d00e1
13275,20.74%, 39.63%, 60.37%,-,650099
13277,18.04%, 40.98%, 59.02%,-,680096
13279,5.49%, 47.26%, 52.74%,-,780086
13281,24.75%, 62.37%, 37.63%,-,9f005f
13283,71.93%, 14.04%, 85.96%,-,2300db
13285,23.38%, 38.31%, 61.69%,-,61009d
13287,23.19%, 61.59%, 38.41%,-,9d0061
13289,77.05%, 11.47%, 88.53%,-,1d00e1
13291,64.36%, 82.18%, 17.82%,-,d1002d
13293,53.08%, 23.46%, 76.54%,-,3b00c3
13295,25.82%, 62.91%, 37.09%,-,a0005e
13297,45.61%, 27.20%, 72.80%,-,4500b9
13299,2.79%, 48.60%, 51.40%,-,7b0083
13301,1.59%, 50.80%, 49.20%,-,81007d
13303,41.51%, 29.24%, 70.76%,-,4a00b4
13305,8.32%, 45.84%, 54.16%,-,74008a
13307,48.09%, 25.96%, 74.04%,-,4200bc
13309,51.09%, 24.46%, 75.54%,-,3e00c0
13311,34.92%, 67.46%, 32.54%,-,ac0052
13313,17.69%, 58.84%, 41.16%,-,960068
13315,36.00%, 32.00%, 68.00%,-,5100ad
13317,3.30%, 51.65%, 48.35%,-,83007b
13319,36.41%, 31.79%, 68.21%,-,5100ad
13321,50.87%, 24.56%, 75.44%,-,3e00c0
15001,0%,-,-,-,000000
15003,0%,-,-,-,000000
15005,0%,-,-,-,000000
15007,0%,-,-,-,000000
15009,0%,-,-,-,000000
16001,44.44%, 71.84%, 27.40%, 0.75%,b70145
16003,16.24%, 57.57%, 41.33%, 1.10%,920269
16005,6.98%, 53.22%, 46.24%, 0.54%,870175
16007,22.20%, 60.98%, 38.78%, 0.24%,9b0062
16009,16.47%, 57.44%, 40.98%, 1.58%,920468
16011,28.96%, 64.27%, 35.31%, 0.42%,a3015a
16013,4.22%, 51.96%, 47.74%, 0.31%,840079
16015,14.36%, 56.69%, 42.33%, 0.98%,90026b
16017,27.81%, 63.24%, 35.43%, 1.33%,a1035a
16019,20.76%, 60.31%, 39.54%, 0.15%,990064
16021,24.79%, 61.66%, 36.88%, 1.46%,9d035e
16023,24.09%, 61.86%, 37.77%, 0.38%,9d0060
16025,28.02%, 63.25%, 35.22%, 1.53%,a10359
16027,53.08%, 75.82%, 22.74%, 1.45%,c10339
16029,23.50%, 61.49%, 37.99%, 0.52%,9c0160
16031,40.98%, 70.19%, 29.22%, 0.59%,b2014a
16033,50.00%, 74.90%, 24.90%, 0.19%,be003f
16035,16.54%, 57.62%, 41.08%, 1.30%,920368
16037,11.19%, 55.25%, 44.06%, 0.68%,8c0170
16039,20.56%, 59.94%, 39.37%, 0.69%,980164
16041,17.94%, 58.71%, 40.77%, 0.51%,950167
16043,7.16%, 46.26%, 53.41%, 0.33%,750088
16045,43.31%, 71.01%, 27.70%, 1.29%,b50346
16047,38.34%, 68.87%, 30.53%, 0.60%,af014d
16049,11.10%, 55.06%, 43.97%, 0.97%,8c0270
16051,10.60%, 55.18%, 44.58%, 0.23%,8c0071
16053,45.60%, 72.41%, 26.81%, 0.78%,b80144
16055,41.51%, 69.90%, 28.39%, 1.70%,b20448
16057,44.84%, 71.84%, 27.00%, 1.16%,b70244
16059,15.15%, 57.12%, 41.98%, 0.90%,91026b
16061,17.97%, 58.35%, 40.38%, 1.27%,940366
16063,41.32%, 70.50%, 29.18%, 0.33%,b3004a
16065,15.24%, 57.59%, 42.34%, 0.07%,92006b
16067,23.36%, 61.15%, 37.78%, 1.07%,9b0260
16069,22.86%, 61.02%, 38.15%, 0.83%,9b0261
16071,7.42%, 53.55%, 46.13%, 0.32%,880075
16073,26.08%, 62.20%, 36.11%, 1.69%,9e045c
16075,54.74%, 76.23%, 21.49%,-,c20036
16077,13.20%, 56.50%, 43.30%, 0.20%,90006e
16079,19.91%, 59.64%, 39.73%, 0.64%,980165
16081,36.72%, 68.27%, 31.55%, 0.18%,ae0050
16083,46.26%, 72.72%, 26.46%, 0.81%,b90243
16085,30.71%, 64.77%, 34.06%, 1.17%,a50256
16087,33.61%, 66.39%, 32.77%, 0.84%,a90253
17001,8.16%, 53.59%, 45.42%, 0.99%,880273
17003,22.78%, 61.24%, 38.46%, 0.30%,9c0062
17005,28.67%, 64.06%, 35.39%, 0.55%,a3015a
17007,62.34%, 80.95%, 18.60%, 0.45%,ce012f
17009,10.13%, 54.96%, 44.83%, 0.22%,8c0072
17011,27.97%, 63.73%, 35.77%, 0.50%,a2015b
17013,1.35%, 50.16%, 48.80%, 1.04%,7f027c
17015,53.23%, 76.34%, 23.11%, 0.55%,c2013a
17017,7.31%, 53.50%, 46.18%, 0.32%,880075
17019,37.05%, 68.28%, 31.23%, 0.49%,ae014f
17021,14.63%, 56.77%, 42.14%, 1.09%,90026b
17023,21.65%, 60.64%, 38.99%, 0.38%,9a0063
17025,30.32%, 65.16%, 34.84%,-,a60058
17027,37.99%, 30.77%, 68.76%, 0.48%,4e01af
17029,38.59%, 69.12%, 30.54%, 0.34%,b0004d
17031,6.22%, 52.73%, 46.51%, 0.77%,860176
17033,26.19%, 62.90%, 36.70%, 0.40%,a0015d
17035,26.62%, 63.04%, 36.42%, 0.54%,a0015c
17037,48.77%, 74.19%, 25.41%, 0.40%,bd0140
17039,39.47%, 69.40%, 29.93%, 0.67%,b0014c
17041,36.97%, 68.19%, 31.22%, 0.59%,ad014f
17043,45.30%, 72.37%, 27.07%, 0.56%,b80145
17045,16.95%, 58.27%, 41.32%, 0.40%,940169
17047,49.95%, 74.78%, 24.83%, 0.39%,be003f
17049,4.35%, 47.26%, 51.61%, 1.13%,780283
17051,23.99%, 61.65%, 37.66%, 0.69%,9d0160
17053,37.83%, 68.72%, 30.88%, 0.40%,af014e
17055,6.79%, 45.79%, 52.58%, 1.63%,740486
17057,22.68%, 59.95%, 37.28%, 0.20%,98005f
17059,7.80%, 45.78%, 53.58%, 0.64%,740188
17061,2.65%, 51.05%, 48.40%, 0.55%,82017b
17063,23.44%, 61.54%, 38.11%, 0.35%,9c0061
17065,3.71%, 51.08%, 47.36%, 1.56%,820378
17067,17.67%, 58.65%, 40.99%, 0.36%,950068
17069,30.20%, 64.35%, 34.15%, 1.50%,a40357
17071,43.01%, 71.11%, 28.10%, 0.79%,b50247
17073,42.54%, 70.83%, 28.29%, 0.88%,b40248
17075,21.78%, 60.71%, 38.94%, 0.35%,9a0063
17077,22.14%, 60.79%, 38.64%, 0.57%,9b0162
17079,2.33%, 51.04%, 48.71%, 0.26%,82007c
17081,10.68%, 55.08%, 44.40%, 0.53%,8c0171
17083,9.49%, 54.62%, 45.13%, 0.26%,8b0073
17085,24.09%, 61.59%, 37.50%, 0.91%,9d025f
17087,42.26%, 70.69%, 28.43%, 0.88%,b40248
17089,40.33%, 69.94%, 29.60%, 0.46%,b2014b
17091,7.44%, 53.44%, 45.99%, 0.57%,880175
17093,51.24%, 75.53%, 24.28%, 0.19%,c0003d
17095,45.49%, 72.33%, 26.84%, 0.83%,b80244
17097,36.78%, 67.73%, 30.95%, 1.32%,ac034e
17099,7.15%, 53.15%, 46.00%, 0.84%,870275
17101,21.03%, 60.16%, 39.13%, 0.71%,990163
17103,34.61%, 67.14%, 32.53%, 0.33%,ab0052
17105,31.92%, 65.68%, 33.76%, 0.55%,a70156
17107,20.53%, 59.97%, 39.44%, 0.59%,980164
17109,36.91%, 68.15%, 31.24%, 0.62%,ad014f
17111,31.04%, 65.33%, 34.29%, 0.38%,a60057
17113,31.58%, 65.37%, 33.79%, 0.84%,a60256
17115,42.02%, 70.68%, 28.66%, 0.66%,b40149
17117,2.63%, 47.68%, 50.32%, 2.00%,790580
17119,8.34%, 53.48%, 45.14%, 1.37%,880373
17121,21.84%, 60.52%, 38.69%, 0.79%,9a0262
17123,17.49%, 58.69%, 41.19%, 0.12%,950069
17125,9.83%, 54.78%, 44.95%, 0.26%,8b0072
17127,46.31%, 72.87%, 26.56%, 0.58%,b90143
17129,29.87%, 64.54%, 34.67%, 0.80%,a40258
17131,41.91%, 70.59%, 28.69%, 0.72%,b40149
17133,3.76%, 48.03%, 51.79%, 0.18%,7a0084
17135,9.70%, 54.29%, 44.60%, 1.11%,8a0271
17137,27.34%, 63.52%, 36.18%, 0.31%,a1005c
17139,20.81%, 60.31%, 39.50%, 0.18%,990064
17141,56.73%, 78.18%, 21.45%, 0.37%,c70036
17143,14.34%, 56.50%, 42.16%, 1.35%,90036b
17145,4.02%, 47.47%, 51.49%, 1.03%,790283
17147,39.74%, 69.62%, 29.88%, 0.50%,b1014c
17149,24.89%, 61.88%, 36.99%, 1.14%,9d025e
17151,48.97%, 74.06%, 25.09%, 0.85%,bc023f
17153,31.28%, 65.18%, 33.90%, 0.92%,a60256
17155,22.82%, 61.10%, 38.28%, 0.62%,9b0161
17157,4.23%, 47.46%, 51.69%, 0.85%,790283
17159,22.53%, 61.03%, 38.50%, 0.47%,9b0162
17161,30.91%, 65.22%, 34.31%, 0.47%,a60157
17163,7.86%, 45.60%, 53.46%, 0.94%,740288
17165,8.50%, 53.82%, 45.32%, 0.87%,890273
17167,20.52%, 59.99%, 39.47%, 0.54%,980164
17169,8.41%, 54.00%, 45.59%, 0.41%,890174
17171,20.08%, 59.96%, 39.88%, 0.16%,980065
17173,27.26%, 62.58%, 35.31%,-,9f005a
17175,38.67%, 69.09%, 30.42%, 0.49%,b0014d
17177,36.35%, 67.97%, 31.62%, 0.41%,ad0150
17179,15.07%, 56.73%, 41.66%, 1.61%,90046a
17181,10.58%, 44.52%, 55.10%, 0.39%,71008c
17183,25.60%, 62.26%, 36.66%, 1.07%,9e025d
17185,24.84%, 37.26%, 62.10%, 0.64%,5f019e
17187,48.67%, 73.61%, 24.93%, 1.46%,bb033f
17189,12.14%, 55.90%, 43.76%, 0.34%,8e006f
17191,24.88%, 62.04%, 37.16%, 0.80%,9e025e
17193,6.49%, 53.01%, 46.53%, 0.46%,870176
17195,53.59%, 76.60%, 23.01%, 0.39%,c3003a
17197,10.98%, 55.02%, 44.04%, 0.94%,8c0270
17199,3.63%, 51.21%, 47.58%, 1.21%,820379
17201,61.81%, 80.39%, 18.57%, 1.04%,cc022f
17203,21.46%, 60.30%, 38.84%, 0.86%,990263
18001,0.26%, 49.70%, 49.96%, 0.34%,7e007f
18003,13.08%, 56.38%, 43.30%, 0.32%,8f006e
18005,16.23%, 57.76%, 41.53%, 0.71%,930169
18007,17.23%, 58.37%, 41.14%, 0.49%,940168
18009,19.97%, 59.35%, 39.38%, 1.27%,970364
18011,18.44%, 58.81%, 40.37%, 0.82%,950266
18013,2.02%, 48.51%, 50.53%, 0.96%,7b0280
18015,19.91%, 59.54%, 39.64%, 0.82%,970265
18017,23.31%, 61.31%, 38.00%, 0.69%,9c0160
18019,13.04%, 56.39%, 43.35%, 0.25%,8f006e
18021,13.80%, 56.19%, 42.39%, 1.42%,8f036c
18023,12.57%, 55.89%, 43.31%, 0.80%,8e026e
18025,15.87%, 57.39%, 41.52%, 1.10%,920269
18027,14.29%, 56.73%, 42.45%, 0.82%,90026c
18029,17.31%, 58.49%, 41.18%, 0.33%,950069
18031,17.40%, 58.40%, 41.00%, 0.59%,940168
18033,28.63%, 64.04%, 35.41%, 0.56%,a3015a
18035,38.06%, 68.79%, 30.72%, 0.49%,af014e
18037,29.23%, 35.18%, 64.41%, 0.42%,5901a4
18039,50.05%, 74.76%, 24.71%, 0.53%,be013f
18041,25.79%, 62.63%, 36.84%, 0.53%,9f015d
18043,17.56%, 58.49%, 40.93%, 0.58%,950168
18045,11.95%, 55.60%, 43.65%, 0.75%,8d016f
18047,5.39%, 47.19%, 52.58%, 0.23%,780086
18049,23.05%, 61.09%, 38.04%, 0.87%,9b0261
18051,15.81%, 57.07%, 41.25%, 1.68%,910469
18053,33.25%, 65.98%, 32.74%, 1.28%,a80353
18055,17.50%, 57.81%, 40.31%, 1.88%,930466
18057,37.35%, 68.36%, 31.01%, 0.64%,ae014f
18059,13.71%, 56.49%, 42.78%, 0.73%,90016d
18061,9.51%, 54.43%, 44.91%, 0.66%,8a0172
18063,30.17%, 64.79%, 34.61%, 0.60%,a50158
18065,38.81%, 68.53%, 29.72%, 1.75%,ae044b
18067,35.49%, 66.89%, 31.40%, 1.71%,aa0450
18069,18.71%, 58.88%, 40.17%, 0.96%,960266
18071,0.20%, 49.78%, 49.58%, 0.64%,7e017e
18073,31.67%, 65.65%, 33.98%, 0.37%,a70056
18075,11.43%, 55.31%, 43.89%, 0.80%,8d026f
18077,15.01%, 57.24%, 42.22%, 0.54%,91016b
18079,21.91%, 60.76%, 38.85%, 0.39%,9a0063
18081,9.51%, 54.30%, 44.80%, 0.90%,8a0272
18083,0.98%, 49.92%, 48.93%, 1.15%,7f027c
18085,27.23%, 63.18%, 35.95%, 0.87%,a1025b
18087,29.47%, 64.40%, 34.93%, 0.67%,a40159
18089,20.13%, 59.68%, 39.55%, 0.77%,980164
18091,22.88%, 61.32%, 38.44%, 0.24%,9c0062
18093,37.80%, 68.70%, 30.90%, 0.40%,af014e
18095,29.56%, 64.45%, 34.89%, 0.66%,a40158
18097,19.73%, 59.55%, 39.82%, 0.63%,970165
18099,21.11%, 60.24%, 39.13%, 0.63%,990163
18101,4.34%, 51.88%, 47.54%, 0.57%,840179
18103,19.40%, 59.19%, 39.80%, 1.01%,960265
18105,34.44%, 67.00%, 32.56%, 0.44%,aa0153
18107,28.05%, 63.69%, 35.64%, 0.66%,a2015a
18109,16.18%, 57.76%, 41.58%, 0.67%,93016a
18111,29.65%, 64.48%, 34.83%, 0.70%,a40158
18113,20.09%, 59.76%, 39.67%, 0.57%,980165
18115,14.81%, 57.10%, 42.29%, 0.60%,91016b
18117,23.97%, 61.77%, 37.79%, 0.44%,9d0160
18119,11.17%, 55.03%, 43.86%, 1.11%,8c026f
18121,19.60%, 59.25%, 39.66%, 1.09%,970265
18123,0.13%, 49.89%, 50.02%, 0.09%,7f007f
18125,10.18%, 54.61%, 44.43%, 0.96%,8b0271
18127,41.49%, 70.44%, 28.95%, 0.61%,b30149
18129,4.05%, 51.80%, 47.74%, 0.46%,840179
18131,14.39%, 56.43%, 42.04%, 1.53%,8f036b
18133,12.23%, 55.72%, 43.50%, 0.78%,8e016e
18135,43.50%, 71.32%, 27.82%, 0.86%,b50246
18137,7.09%, 53.39%, 46.30%, 0.32%,880076
18139,37.52%, 68.38%, 30.85%, 0.77%,ae014e
18141,15.62%, 57.56%, 41.94%, 0.49%,92016a
18143,5.88%, 52.68%, 46.80%, 0.52%,860177
18145,12.89%, 56.14%, 43.24%, 0.62%,8f016e
18147,5.88%, 52.83%, 46.95%, 0.23%,860077
18149,15.44%, 57.32%, 41.89%, 0.79%,92026a
18151,43.52%, 71.35%, 27.83%, 0.82%,b50246
18153,4.59%, 51.09%, 46.50%, 2.41%,820676
18155,18.19%, 58.62%, 40.43%, 0.94%,950267
18157,26.88%, 63.25%, 36.37%, 0.39%,a1005c
18159,19.73%, 59.30%, 39.58%, 1.12%,970264
18161,32.41%, 65.99%, 33.57%, 0.44%,a80155
18163,19.26%, 59.44%, 40.17%, 0.39%,970066
18165,3.95%, 51.41%, 47.46%, 1.14%,830279
18167,10.61%, 54.71%, 44.10%, 1.18%,8b0370
18169,37.30%, 68.25%, 30.96%, 0.79%,ae024e
18171,37.76%, 68.57%, 30.81%, 0.62%,ae014e
18173,10.10%, 54.12%, 44.02%, 1.86%,8a0470
18175,4.29%, 51.96%, 47.66%, 0.38%,840079
18177,35.55%, 67.52%, 31.98%, 0.50%,ac0151
18179,1.23%, 48.93%, 50.16%, 0.91%,7c027f
18181,20.57%, 60.01%, 39.44%, 0.56%,990164
18183,15.57%, 57.43%, 41.86%, 0.71%,92016a
19001,38.34%, 68.95%, 30.61%, 0.45%,af014e
19003,33.02%, 66.04%, 33.02%, 0.94%,a80254
19005,19.35%, 59.43%, 40.08%, 0.48%,970166
19007,34.26%, 66.72%, 32.47%, 0.81%,aa0252
19009,0.51%, 49.44%, 49.95%, 0.61%,7e017f
19011,26.11%, 62.68%, 36.56%, 0.76%,9f015d
19013,39.09%, 69.35%, 30.25%, 0.40%,b0014d
19015,41.63%, 70.01%, 28.38%, 1.60%,b20448
19017,10.41%, 55.08%, 44.67%, 0.26%,8c0071
19019,30.94%, 65.36%, 34.42%, 0.22%,a60057
19021,31.89%, 65.47%, 33.58%, 0.95%,a60255
19023,43.49%, 71.50%, 28.01%, 0.49%,b60147
19025,21.19%, 60.24%, 39.05%, 0.71%,990163
19027,20.85%, 39.47%, 60.32%, 0.21%,640099
19029,39.48%, 69.43%, 29.95%, 0.62%,b1014c
19031,31.54%, 65.49%, 33.94%, 0.57%,a60156
19033,32.09%, 65.78%, 33.69%, 0.53%,a70155
19035,18.21%, 58.91%, 40.71%, 0.38%,960067
19037,0.64%, 50.20%, 49.57%, 0.23%,80007e
19039,25.35%, 61.92%, 36.57%, 1.51%,9d035d
19041,31.59%, 65.51%, 33.92%, 0.58%,a70156
19043,23.01%, 61.28%, 38.28%, 0.44%,9c0161
19045,17.40%, 58.57%, 41.17%, 0.26%,950068
19047,13.27%, 43.05%, 56.32%, 0.63%,6d018f
19049,40.02%, 69.73%, 29.71%, 0.55%,b1014b
19051,9.47%, 54.52%, 45.04%, 0.44%,8b0172
19053,18.98%, 59.06%, 40.07%, 0.87%,960266
19055,27.76%, 63.74%, 35.99%, 0.27%,a2005b
19057,30.48%, 64.70%, 34.22%, 1.09%,a40257
19059,41.58%, 70.57%, 28.99%, 0.44%,b30149
19061,33.12%, 33.30%, 66.42%, 0.28%,5400a9
19063,40.22%, 70.11%, 29.89%,-,b2004c
19065,34.19%, 66.66%, 32.46%, 0.88%,a90252
19067,46.20%, 72.80%, 26.61%, 0.59%,b90143
19069,33.23%, 65.54%, 32.31%, 2.14%,a70552
19071,12.00%, 55.71%, 43.70%, 0.59%,8e016f
19073,36.17%, 67.84%, 31.67%, 0.49%,ac0150
19075,38.57%, 69.03%, 30.46%, 0.51%,b0014d
19077,36.07%, 67.84%, 31.77%, 0.38%,ac0051
19079,16.63%, 58.01%, 41.38%, 0.61%,930169
19081,23.18%, 61.12%, 37.94%, 0.94%,9b0260
19083,41.20%, 70.32%, 29.12%, 0.56%,b3014a
19085,11.94%, 55.79%, 43.86%, 0.35%,8e006f
19087,42.69%, 70.90%, 28.21%, 0.89%,b40247
19089,2.76%, 51.18%, 48.42%, 0.39%,82007b
19091,25.40%, 62.52%, 37.12%, 0.35%,9f005e
19093,6.67%, 52.77%, 46.10%, 1.13%,860275
19095,14.12%, 56.85%, 42.73%, 0.42%,90016c
19097,11.89%, 55.73%, 43.84%, 0.43%,8e016f
19099,40.33%, 69.76%, 29.42%, 0.82%,b1024b
19101,38.74%, 69.05%, 30.31%, 0.65%,b0014d
19103,0.74%, 50.27%, 49.53%, 0.20%,80007e
19105,26.10%, 62.83%, 36.74%, 0.43%,a0015d
19107,16.82%, 58.23%, 41.41%, 0.35%,940069
19109,1.47%, 50.36%, 48.90%, 0.74%,80017c
19111,19.84%, 59.86%, 40.02%, 0.13%,980066
19113,36.83%, 68.24%, 31.41%, 0.35%,ae0050
19115,38.19%, 68.80%, 30.61%, 0.59%,af014e
19117,33.31%, 66.01%, 32.70%, 1.28%,a80353
19119,31.79%, 65.52%, 33.73%, 0.74%,a70156
19121,33.14%, 66.15%, 33.02%, 0.83%,a80254
19123,39.08%, 69.09%, 30.00%, 0.91%,b0024c
19125,20.14%, 59.36%, 39.22%, 1.42%,970364
19127,46.45%, 72.90%, 26.45%, 0.64%,b90143
19129,22.19%, 60.86%, 38.68%, 0.46%,9b0162
19131,20.78%, 59.90%, 39.12%, 0.98%,980263
19133,13.72%, 56.55%, 42.82%, 0.63%,90016d
19135,17.78%, 58.16%, 40.38%, 1.46%,940366
19137,42.25%, 70.81%, 28.56%, 0.63%,b40148
19139,35.66%, 67.45%, 31.79%, 0.77%,ab0151
19141,33.54%, 66.39%, 32.84%, 0.77%,a90153
19143,14.08%, 56.69%, 42.60%, 0.71%,90016c
19145,48.03%, 73.34%, 25.31%, 1.36%,bb0340
19147,9.76%, 54.49%, 44.74%, 0.77%,8a0172
19149,1.69%, 48.98%, 50.67%, 0.34%,7c0081
19151,8.06%, 53.75%, 45.70%, 0.55%,890174
19153,36.10%, 67.65%, 31.55%, 0.80%,ac0250
19155,18.26%, 58.91%, 40.65%, 0.45%,960167
19157,29.75%, 63.95%, 34.20%, 1.85%,a30457
19159,39.80%, 69.57%, 29.77%, 0.66%,b1014b
19161,29.59%, 64.48%, 34.89%, 0.62%,a40158
19163,13.41%, 56.47%, 43.06%, 0.47%,8f016d
19165,2.05%, 48.85%, 50.90%, 0.25%,7c0081
19167,38.27%, 68.97%, 30.70%, 0.34%,af004e
19169,52.98%, 75.72%, 22.75%, 1.53%,c1033a
19171,7.58%, 53.58%, 45.99%, 0.43%,880175
19173,38.37%, 68.68%, 30.31%, 1.01%,af024d
19175,34.15%, 66.71%, 32.56%, 0.74%,aa0153
19177,33.36%, 66.45%, 33.09%, 0.46%,a90154
19179,33.05%, 66.10%, 33.05%, 0.85%,a80254
19181,40.25%, 69.74%, 29.50%, 0.76%,b1014b
19183,36.54%, 68.04%, 31.50%, 0.46%,ad0150
19185,20.25%, 59.46%, 39.21%, 1.34%,970363
19187,13.41%, 56.39%, 42.97%, 0.64%,8f016d
19189,43.84%, 70.09%, 26.25%, 0.19%,b20042
19191,5.66%, 52.46%, 46.79%, 0.75%,850177
19193,9.99%, 54.78%, 44.78%, 0.44%,8b0172
19195,37.28%, 67.60%, 30.32%, 2.08%,ac054d
19197,32.41%, 65.79%, 33.38%, 0.83%,a70255
20001,57.22%, 78.30%, 21.09%, 0.61%,c70135
20003,30.77%, 64.94%, 34.17%, 0.89%,a50257
20005,27.69%, 63.67%, 35.98%, 0.35%,a2005b
20007,54.12%, 76.43%, 22.31%, 1.26%,c20338
20009,28.18%, 63.94%, 35.75%, 0.31%,a3005b
20011,52.62%, 75.88%, 23.26%, 0.86%,c1023b
20013,53.77%, 76.77%, 23.00%, 0.23%,c3003a
20015,59.64%, 79.43%, 19.79%, 0.79%,ca0232
20017,46.92%, 72.79%, 25.88%, 1.33%,b90341
20019,54.25%, 75.97%, 21.71%, 0.16%,c10037
20021,35.73%, 66.20%, 30.47%,-,a8004d
20023,41.79%, 69.61%, 27.83%, 0.05%,b10046
20025,53.26%, 76.41%, 23.15%, 0.44%,c2013b
20027,48.68%, 73.74%, 25.07%, 1.19%,bc033f
20029,37.57%, 68.25%, 30.68%, 1.07%,ae024e
20031,48.07%, 73.81%, 25.74%, 0.46%,bc0141
20033,60.16%, 79.98%, 19.81%, 0.21%,cb0032
20035,62.86%, 80.79%, 17.93%, 1.28%,ce032d
20037,26.31%, 62.31%, 36.00%, 1.69%,9e045b
20039,34.07%, 66.53%, 32.46%, 1.01%,a90252
20041,54.74%, 77.04%, 22.30%, 0.66%,c40138
20043,45.49%, 72.64%, 27.16%, 0.20%,b90045
20045,58.36%, 78.70%, 20.34%, 0.96%,c80233
20047,47.41%, 73.37%, 25.95%, 0.68%,bb0142
20049,56.08%, 77.50%, 21.42%, 1.08%,c50236
20051,32.79%, 33.50%, 66.29%, 0.22%,5500a9
20053,21.19%, 60.23%, 39.04%, 0.74%,990163
20055,54.32%, 76.65%, 22.34%, 1.01%,c30238
20057,44.23%, 71.59%, 27.36%, 1.05%,b60245
20059,57.58%, 78.40%, 20.82%, 0.78%,c70135
20061,38.86%, 69.15%, 30.29%, 0.55%,b0014d
20063,42.47%, 70.95%, 28.47%, 0.58%,b40148
20065,25.08%, 61.68%, 36.60%, 1.72%,9d045d
20067,54.15%, 76.41%, 22.26%, 1.32%,c20338
20069,35.87%, 67.47%, 31.60%, 0.94%,ac0250
20071,56.68%, 78.25%, 21.57%, 0.18%,c70037
20073,57.71%, 78.53%, 20.81%, 0.66%,c80135
20075,38.83%, 68.43%, 29.61%, 1.96%,ae044b
20077,56.77%, 77.85%, 21.08%, 1.07%,c60235
20079,56.19%, 77.62%, 21.43%, 0.94%,c50236
20081,48.18%, 73.41%, 25.23%, 1.36%,bb0340
20083,35.76%, 67.55%, 31.79%, 0.66%,ac0151
20085,49.73%, 74.55%, 24.83%, 0.62%,be013f
20087,49.88%, 74.77%, 24.89%, 0.34%,be003f
20089,55.27%, 76.90%, 21.63%, 1.48%,c40337
20091,41.39%, 70.40%, 29.01%, 0.59%,b30149
20093,56.51%, 77.22%, 20.71%,-,c40034
20095,39.80%, 69.63%, 29.82%, 0.55%,b1014c
20097,64.81%, 82.09%, 17.28%, 0.64%,d1012c
20099,49.86%, 74.22%, 24.35%, 1.43%,bd033e
20101,44.10%, 71.30%, 27.20%, 1.49%,b50345
20103,12.84%, 56.27%, 43.43%, 0.30%,8f006e
20105,46.87%, 73.12%, 26.25%, 0.63%,ba0142
20107,51.59%, 75.19%, 23.60%, 1.21%,bf033c
20109,44.42%, 71.64%, 27.22%, 1.14%,b60245
20111,51.68%, 75.49%, 23.81%, 0.70%,c0013c
20113,61.28%, 79.98%, 18.71%, 1.31%,cb032f
20115,47.34%, 73.50%, 26.15%, 0.35%,bb0042
20117,34.79%, 67.06%, 32.27%, 0.67%,ab0152
20119,46.70%, 73.16%, 26.46%, 0.39%,ba0043
20121,46.38%, 72.71%, 26.33%, 0.96%,b90243
20123,26.92%, 62.84%, 35.92%, 1.24%,a0035b
20125,53.90%, 76.31%, 22.41%, 1.27%,c20339
20127,60.25%, 79.54%, 19.29%, 1.16%,ca0231
20129,58.58%, 78.78%, 20.20%, 1.01%,c80233
20131,22.66%, 61.10%, 38.45%, 0.45%,9b0162
20133,45.36%, 72.27%, 26.92%, 0.81%,b80244
20135,44.27%, 71.51%, 27.24%, 1.25%,b60345
20137,50.09%, 73.99%, 23.90%,-,bc003c
20139,47.69%, 73.24%, 25.55%, 1.22%,ba0341
20141,63.21%, 81.34%, 18.13%, 0.53%,cf012e
20143,46.55%, 72.53%, 25.98%, 1.49%,b80342
20145,50.78%, 75.18%, 24.40%, 0.43%,bf013e
20147,40.78%, 69.77%, 28.99%, 1.24%,b10349
20149,30.96%, 65.30%, 34.35%, 0.35%,a60057
20151,62.02%, 80.58%, 18.56%, 0.85%,cd022f
20153,17.46%, 57.78%, 40.32%, 1.91%,930466
20155,53.53%, 76.31%, 22.78%, 0.91%,c2023a
20157,37.34%, 68.19%, 30.85%, 0.96%,ad024e
20159,49.00%, 74.05%, 25.06%, 0.89%,bc023f
20161,56.74%, 77.91%, 21.17%, 0.92%,c60235
20163,42.14%, 70.73%, 28.59%, 0.68%,b40148
20165,20.83%, 60.02%, 39.19%, 0.79%,990263
20167,33.88%, 66.56%, 32.68%, 0.77%,a90153
20169,43.09%, 71.20%, 28.11%, 0.69%,b50147
20171,32.37%, 65.78%, 33.41%, 0.82%,a70255
20173,49.75%, 74.40%, 24.66%, 0.94%,bd023e
