id,margin,eisenhower,stevenson,other,hex_color
01001,31.11%, 34.10%, 65.21%, 0.69%,5601a6
01003,3.13%, 48.04%, 51.17%, 0.79%,7a0282
01005,47.61%, 26.16%, 73.77%, 0.07%,4200bc
01007,42.87%, 28.31%, 71.18%, 0.51%,4801b5
01009,29.48%, 35.19%, 64.67%, 0.14%,5900a4
01011,35.00%, 32.50%, 67.50%,-,5200ac
01013,38.35%, 30.81%, 69.16%, 0.03%,4e00b0
01015,44.30%, 27.37%, 71.68%, 0.95%,4502b6
01017,71.84%, 13.77%, 85.61%, 0.63%,2301da
01019,66.18%, 16.79%, 82.96%, 0.25%,2a00d3
01021,6.07%, 52.91%, 46.84%, 0.25%,860077
01023,45.31%, 27.14%, 72.45%, 0.41%,4501b8
01025,41.08%, 29.45%, 70.53%, 0.02%,4b00b3
01027,24.94%, 37.39%, 62.33%, 0.28%,5f009e
01029,32.50%, 33.64%, 66.14%, 0.21%,5500a8
01031,69.70%, 15.13%, 84.83%, 0.04%,2600d8
01033,62.11%, 18.90%, 81.01%, 0.10%,3000ce
01035,37.79%, 30.47%, 68.27%, 1.26%,4d03ae
01037,31.12%, 34.40%, 65.52%, 0.09%,5700a7
01039,51.46%, 24.11%, 75.57%, 0.32%,3d00c0
01041,64.02%, 17.94%, 81.96%, 0.10%,2d00d0
01043,21.50%, 39.13%, 60.62%, 0.25%,63009a
01045,42.41%, 28.51%, 70.93%, 0.56%,4801b4
01047,10.10%, 55.05%, 44.95%,-,8c0072
01049,13.15%, 43.37%, 56.52%, 0.12%,6e0090
01051,52.27%, 23.83%, 76.10%, 0.07%,3c00c2
01053,47.96%, 25.90%, 73.86%, 0.24%,4200bc
01055,40.54%, 29.52%, 70.06%, 0.42%,4b01b2
01057,21.33%, 39.19%, 60.52%, 0.29%,63009a
01059,17.60%, 41.13%, 58.73%, 0.14%,680095
01061,47.95%, 25.98%, 73.93%, 0.08%,4200bc
01063,22.08%, 38.91%, 61.00%, 0.09%,63009b
01065,22.92%, 38.44%, 61.36%, 0.20%,62009c
01067,64.59%, 17.60%, 82.19%, 0.21%,2c00d1
01069,19.83%, 39.55%, 59.38%, 1.07%,640297
01071,48.50%, 25.65%, 74.15%, 0.20%,4100bd
01073,8.28%, 45.58%, 53.85%, 0.57%,740189
01075,61.16%, 19.40%, 80.56%, 0.03%,3100cd
01077,57.46%, 21.16%, 78.62%, 0.22%,3500c8
01079,53.14%, 23.34%, 76.49%, 0.17%,3b00c3
01081,26.54%, 36.67%, 63.22%, 0.11%,5d00a1
01083,74.78%, 12.46%, 87.24%, 0.30%,1f00de
01085,12.34%, 43.73%, 56.06%, 0.21%,6f008e
01087,40.21%, 29.87%, 70.08%, 0.05%,4c00b2
01089,66.46%, 16.36%, 82.82%, 0.82%,2902d3
01091,13.58%, 43.21%, 56.79%,-,6e0090
01093,31.30%, 34.25%, 65.55%, 0.21%,5700a7
01095,48.67%, 25.55%, 74.22%, 0.23%,4100bd
01097,1.11%, 49.29%, 50.40%, 0.31%,7d0080
01099,60.35%, 19.72%, 80.07%, 0.22%,3200cc
01101,6.46%, 46.22%, 52.68%, 1.10%,750286
01103,50.04%, 24.89%, 74.94%, 0.17%,3f00bf
01105,28.22%, 35.80%, 64.02%, 0.19%,5b00a3
01107,25.14%, 37.06%, 62.20%, 0.74%,5e019e
01109,44.99%, 27.46%, 72.45%, 0.09%,4600b8
01111,47.71%, 26.06%, 73.77%, 0.17%,4200bc
01113,60.83%, 19.55%, 80.38%, 0.07%,3100cc
01115,18.77%, 40.54%, 59.31%, 0.15%,670097
01117,6.84%, 46.51%, 53.34%, 0.15%,760088
01119,12.01%, 43.90%, 55.91%, 0.19%,6f008e
01121,16.66%, 41.52%, 58.18%, 0.30%,690094
01123,61.90%, 19.00%, 80.89%, 0.11%,3000ce
01125,32.47%, 33.04%, 65.50%, 1.46%,5403a7
01127,32.32%, 33.45%, 65.78%, 0.77%,5501a7
01129,51.94%, 23.90%, 75.83%, 0.27%,3c00c1
01131,15.34%, 42.30%, 57.64%, 0.06%,6b0092
01133,18.35%, 59.05%, 40.69%, 0.26%,960067
02013,0%,-,-,-,000000
02016,0%,-,-,-,000000
02020,0%,-,-,-,000000
02050,0%,-,-,-,000000
02060,0%,-,-,-,000000
02068,0%,-,-,-,000000
02070,0%,-,-,-,000000
02090,0%,-,-,-,000000
02100,0%,-,-,-,000000
02105,0%,-,-,-,000000
02110,0%,-,-,-,000000
02122,0%,-,-,-,000000
02130,0%,-,-,-,000000
02150,0%,-,-,-,000000
02164,0%,-,-,-,000000
02170,0%,-,-,-,000000
02180,0%,-,-,-,000000
02185,0%,-,-,-,000000
02188,0%,-,-,-,000000
02195,0%,-,-,-,000000
02198,0%,-,-,-,000000
02220,0%,-,-,-,000000
02230,0%,-,-,-,000000
02240,0%,-,-,-,000000
02261,0%,-,-,-,000000
02270,0%,-,-,-,000000
02275,0%,-,-,-,000000
02282,0%,-,-,-,000000
02290,0%,-,-,-,000000
04001,19.39%, 59.70%, 40.30%,-,980066
04003,7.05%, 53.52%, 46.48%,-,880076
04005,22.76%, 61.38%, 38.62%,-,9c0062
04007,13.31%, 43.34%, 56.66%,-,6e0090
04009,0.20%, 49.90%, 50.10%,-,7f007f
04011,37.35%, 31.32%, 68.68%,-,4f00af
04012,0%,-,-,-,000000
04013,21.14%, 60.57%, 39.43%,-,9a0064
04015,24.18%, 62.09%, 37.91%,-,9e0060
04017,14.58%, 57.29%, 42.71%,-,92006c
04019,20.39%, 60.19%, 39.81%,-,990065
04021,4.87%, 52.44%, 47.56%,-,850079
04023,11.39%, 55.70%, 44.30%,-,8e0070
04025,28.83%, 64.41%, 35.59%,-,a4005a
04027,3.44%, 51.72%, 48.28%,-,83007b
05001,0.91%, 50.34%, 49.42%, 0.24%,80007e
05003,46.99%, 26.41%, 73.40%, 0.19%,4300bb
05005,0.04%, 49.66%, 49.70%, 0.64%,7e017e
05007,37.90%, 68.83%, 30.94%, 0.23%,af004e
05009,9.34%, 54.61%, 45.26%, 0.13%,8b0073
05011,46.95%, 26.36%, 73.31%, 0.33%,4300ba
05013,65.96%, 16.93%, 82.89%, 0.19%,2b00d3
05015,29.57%, 64.63%, 35.06%, 0.31%,a40059
05017,34.59%, 32.51%, 67.10%, 0.38%,5200ab
05019,27.63%, 36.13%, 63.76%, 0.11%,5c00a2
05021,3.90%, 47.75%, 51.66%, 0.59%,790183
05023,6.44%, 46.58%, 53.02%, 0.41%,760187
05025,44.62%, 27.60%, 72.22%, 0.17%,4600b8
05027,26.95%, 36.44%, 63.39%, 0.17%,5c00a1
05029,19.58%, 40.12%, 59.70%, 0.19%,660098
05031,17.41%, 41.16%, 58.57%, 0.27%,680095
05033,5.79%, 52.80%, 47.01%, 0.19%,860077
05035,22.96%, 38.34%, 61.31%, 0.35%,61009c
05037,23.13%, 38.28%, 61.41%, 0.31%,61009c
05039,49.76%, 25.03%, 74.80%, 0.17%,3f00be
05041,50.41%, 24.74%, 75.14%, 0.12%,3f00bf
05043,36.93%, 31.46%, 68.39%, 0.15%,5000ae
05045,26.80%, 36.47%, 63.27%, 0.26%,5c00a1
05047,18.34%, 40.74%, 59.09%, 0.17%,670096
05049,8.15%, 45.92%, 54.08%,-,750089
05051,20.54%, 60.07%, 39.53%, 0.40%,990164
05053,39.81%, 29.84%, 69.65%, 0.52%,4c01b1
05055,31.07%, 34.35%, 65.43%, 0.22%,5700a6
05057,13.42%, 43.28%, 56.70%, 0.02%,6e0090
05059,30.61%, 34.55%, 65.17%, 0.28%,5800a6
05061,22.43%, 38.64%, 61.07%, 0.29%,62009b
05063,0.28%, 49.95%, 49.67%, 0.38%,7f007e
05065,26.59%, 36.68%, 63.27%, 0.06%,5d00a1
05067,48.76%, 25.62%, 74.38%,-,4100bd
05069,16.66%, 41.57%, 58.24%, 0.19%,6a0094
05071,7.78%, 45.90%, 53.68%, 0.42%,750188
05073,37.89%, 30.72%, 68.61%, 0.67%,4e01ae
05075,16.55%, 40.84%, 57.39%, 1.77%,680492
05077,29.08%, 35.27%, 64.36%, 0.37%,5900a4
05079,51.62%, 24.07%, 75.69%, 0.24%,3d00c1
05081,32.02%, 33.93%, 65.94%, 0.13%,5600a8
05083,9.90%, 44.85%, 54.75%, 0.41%,72018b
05085,38.22%, 30.82%, 69.04%, 0.14%,4e00b0
05087,15.20%, 57.51%, 42.31%, 0.18%,92006b
05089,13.01%, 43.06%, 56.07%, 0.87%,6d028e
05091,25.85%, 36.87%, 62.72%, 0.41%,5e019f
05093,20.59%, 39.65%, 60.24%, 0.11%,650099
05095,31.90%, 34.05%, 65.95%,-,5600a8
05097,0.49%, 50.25%, 49.75%,-,80007e
05099,31.02%, 34.41%, 65.43%, 0.17%,5700a6
05101,21.88%, 60.89%, 39.01%, 0.11%,9b0063
05103,46.28%, 26.68%, 72.96%, 0.36%,4400ba
05105,22.90%, 38.32%, 61.22%, 0.46%,61019c
05107,18.12%, 40.88%, 59.01%, 0.11%,680096
05109,21.72%, 38.29%, 60.01%, 1.70%,610499
05111,36.28%, 31.80%, 68.07%, 0.13%,5100ad
05113,12.00%, 55.91%, 43.90%, 0.19%,8e006f
05115,15.38%, 42.27%, 57.65%, 0.08%,6b0093
05117,31.21%, 34.28%, 65.49%, 0.24%,5700a6
05119,2.05%, 48.59%, 50.63%, 0.78%,7b0181
05121,19.64%, 40.01%, 59.65%, 0.34%,660098
05123,15.83%, 42.08%, 57.90%, 0.02%,6b0093
05125,38.87%, 30.12%, 68.99%, 0.89%,4c02af
05127,14.47%, 42.50%, 56.97%, 0.52%,6c0191
05129,32.92%, 66.44%, 33.52%, 0.03%,a90055
05131,12.88%, 56.36%, 43.48%, 0.16%,8f006e
05133,19.36%, 40.29%, 59.64%, 0.07%,660098
05135,22.63%, 38.60%, 61.23%, 0.18%,62009c
05137,9.97%, 54.95%, 44.98%, 0.08%,8c0072
05139,17.56%, 41.11%, 58.67%, 0.23%,680095
05141,0.93%, 49.32%, 50.26%, 0.42%,7d0180
05143,27.38%, 63.55%, 36.17%, 0.28%,a2005c
05145,18.32%, 40.79%, 59.11%, 0.10%,680096
05147,42.23%, 28.81%, 71.05%, 0.14%,4900b5
05149,20.39%, 39.54%, 59.92%, 0.54%,640198
06001,6.19%, 52.69%, 46.50%, 0.80%,860276
06003,76.19%, 88.10%, 11.90%,-,e0001e
06005,5.82%, 52.42%, 46.60%, 0.99%,850276
06007,27.40%, 63.27%, 35.87%, 0.86%,a1025b
06009,24.21%, 61.65%, 37.44%, 0.91%,9d025f
06011,19.97%, 59.81%, 39.83%, 0.36%,980065
06013,0.23%, 49.61%, 49.84%, 0.56%,7e017f
06015,28.03%, 63.44%, 35.41%, 1.14%,a1025a
06017,22.17%, 60.51%, 38.35%, 1.14%,9a0261
06019,1.35%, 48.95%, 50.30%, 0.75%,7c0180
06021,29.40%, 64.45%, 35.05%, 0.51%,a40159
06023,21.09%, 60.10%, 39.01%, 0.88%,990263
06025,24.89%, 62.13%, 37.24%, 0.63%,9e015e
06027,38.25%, 68.87%, 30.62%, 0.50%,af014e
06029,10.98%, 55.13%, 44.16%, 0.71%,8c0170
06031,0.91%, 49.19%, 50.09%, 0.72%,7d017f
06033,36.01%, 67.52%, 31.51%, 0.97%,ac0250
06035,12.18%, 43.66%, 55.83%, 0.51%,6f018e
06037,13.50%, 56.21%, 42.71%, 1.09%,8f026c
06039,0.27%, 49.67%, 49.40%, 0.93%,7e027d
06041,35.19%, 67.08%, 31.90%, 1.02%,ab0251
06043,33.11%, 65.91%, 32.81%, 1.28%,a80353
06045,22.81%, 60.87%, 38.06%, 1.07%,9b0261
06047,7.38%, 53.26%, 45.88%, 0.86%,870274
06049,23.32%, 61.36%, 38.04%, 0.61%,9c0161
06051,53.91%, 76.61%, 22.70%, 0.69%,c30139
06053,25.61%, 62.51%, 36.90%, 0.58%,9f015e
06055,23.64%, 61.46%, 37.82%, 0.71%,9c0160
06057,28.96%, 64.04%, 35.08%, 0.88%,a30259
06059,41.30%, 70.29%, 28.98%, 0.73%,b30149
06061,2.04%, 50.59%, 48.55%, 0.86%,81027b
06063,12.10%, 43.46%, 55.56%, 0.99%,6e028d
06065,31.15%, 65.08%, 33.93%, 0.99%,a50256
06067,1.36%, 49.02%, 50.37%, 0.61%,7d0180
06069,30.84%, 65.23%, 34.39%, 0.38%,a60057
06071,15.53%, 57.34%, 41.81%, 0.85%,92026a
06073,27.59%, 63.50%, 35.92%, 0.58%,a1015b
06075,6.90%, 52.88%, 45.99%, 1.13%,860275
06077,12.36%, 55.82%, 43.46%, 0.72%,8e016e
06079,31.52%, 65.37%, 33.85%, 0.79%,a60256
06081,27.66%, 63.61%, 35.95%, 0.45%,a2015b
06083,34.85%, 67.24%, 32.39%, 0.37%,ab0052
06085,20.08%, 59.74%, 39.66%, 0.61%,980165
06087,35.33%, 67.13%, 31.80%, 1.08%,ab0251
06089,13.54%, 56.43%, 42.89%, 0.68%,8f016d
06091,8.11%, 53.76%, 45.65%, 0.59%,890174
06093,12.34%, 55.69%, 43.35%, 0.96%,8e026e
06095,14.79%, 42.37%, 57.16%, 0.47%,6c0191
06097,33.28%, 66.09%, 32.81%, 1.10%,a80253
06099,12.21%, 55.57%, 43.35%, 1.08%,8d026e
06101,35.03%, 67.31%, 32.27%, 0.42%,ab0152
06103,29.48%, 64.31%, 34.83%, 0.86%,a30258
06105,15.32%, 57.14%, 41.82%, 1.04%,91026a
06107,14.98%, 57.07%, 42.10%, 0.83%,91026b
06109,19.21%, 59.18%, 39.96%, 0.86%,960265
06111,5.49%, 52.47%, 46.98%, 0.55%,850177
06113,7.12%, 53.17%, 46.04%, 0.79%,870275
06115,21.50%, 60.42%, 38.92%, 0.65%,9a0163
08001,10.22%, 54.89%, 44.68%, 0.43%,8b0171
08003,25.10%, 62.13%, 37.03%, 0.84%,9e025e
08005,21.77%, 60.32%, 38.55%, 1.13%,990262
08007,29.35%, 64.58%, 35.23%, 0.19%,a40059
08009,31.77%, 65.57%, 33.81%, 0.62%,a70156
08011,19.28%, 59.40%, 40.12%, 0.49%,970166
08013,31.64%, 65.29%, 33.65%, 1.05%,a60255
08014,0%,-,-,-,000000
08015,13.79%, 56.70%, 42.91%, 0.39%,90006d
08017,32.13%, 65.97%, 33.84%, 0.20%,a80056
08019,35.78%, 67.71%, 31.93%, 0.35%,ac0051
08021,14.97%, 56.23%, 41.26%, 2.51%,8f0669
08023,12.22%, 43.73%, 55.95%, 0.33%,6f008e
08025,35.95%, 67.78%, 31.83%, 0.39%,ac0051
08027,47.94%, 73.64%, 25.70%, 0.67%,bb0141
08029,34.90%, 67.01%, 32.11%, 0.89%,aa0251
08031,12.90%, 56.09%, 43.19%, 0.72%,8f016e
08033,25.14%, 62.23%, 37.08%, 0.69%,9e015e
08035,38.20%, 69.00%, 30.80%, 0.19%,af004e
08037,7.96%, 53.70%, 45.74%, 0.56%,880174
08039,45.63%, 72.56%, 26.93%, 0.51%,b90144
08041,38.25%, 68.71%, 30.46%, 0.82%,af024d
08043,30.31%, 64.83%, 34.53%, 0.64%,a50158
08045,37.37%, 68.44%, 31.07%, 0.49%,ae014f
08047,21.83%, 60.41%, 38.58%, 1.02%,9a0262
08049,41.11%, 70.34%, 29.23%, 0.42%,b3014a
08051,18.93%, 59.46%, 40.54%,-,970067
08053,48.08%, 74.04%, 25.96%,-,bc0042
08055,11.98%, 43.84%, 55.82%, 0.34%,6f008e
08057,30.93%, 65.35%, 34.42%, 0.23%,a60057
08059,26.72%, 63.05%, 36.34%, 0.61%,a0015c
08061,42.96%, 70.84%, 27.88%, 1.29%,b40347
08063,42.80%, 71.03%, 28.23%, 0.74%,b50147
08065,9.73%, 44.98%, 54.71%, 0.31%,72008b
08067,33.05%, 66.03%, 32.98%, 0.98%,a80254
08069,46.41%, 72.93%, 26.52%, 0.55%,b90143
08071,18.05%, 40.74%, 58.79%, 0.47%,670195
08073,33.03%, 66.46%, 33.43%, 0.11%,a90055
08075,35.90%, 67.67%, 31.77%, 0.56%,ac0151
08077,26.53%, 63.06%, 36.52%, 0.42%,a0015d
08079,36.04%, 67.86%, 31.82%, 0.32%,ad0051
08081,40.64%, 70.12%, 29.48%, 0.40%,b2014b
08083,36.93%, 68.01%, 31.08%, 0.91%,ad024f
08085,35.19%, 67.16%, 31.97%, 0.86%,ab0251
08087,39.85%, 69.63%, 29.78%, 0.60%,b1014b
08089,27.47%, 63.57%, 36.10%, 0.33%,a2005c
08091,25.20%, 61.85%, 36.65%, 1.51%,9d035d
08093,38.40%, 68.89%, 30.49%, 0.62%,af014d
08095,35.73%, 67.72%, 32.00%, 0.28%,ac0051
08097,28.49%, 64.13%, 35.64%, 0.23%,a3005a
08099,30.96%, 65.13%, 34.17%, 0.70%,a60157
08101,0.67%, 48.81%, 49.48%, 1.71%,7c047e
08103,43.38%, 71.42%, 28.05%, 0.53%,b60147
08105,40.54%, 70.11%, 29.57%, 0.33%,b2004b
08107,15.19%, 57.31%, 42.12%, 0.56%,92016b
08109,30.51%, 65.08%, 34.58%, 0.34%,a50058
08111,13.80%, 56.77%, 42.97%, 0.26%,90006d
08113,10.97%, 55.19%, 44.22%, 0.59%,8c0170
08115,37.88%, 68.74%, 30.86%, 0.40%,af014e
08117,23.95%, 61.90%, 37.96%, 0.14%,9d0060
08119,28.82%, 63.89%, 35.07%, 1.04%,a20259
08121,40.34%, 69.65%, 29.31%, 1.05%,b1024a
08123,33.63%, 66.44%, 32.81%, 0.75%,a90153
08125,44.62%, 71.92%, 27.30%, 0.78%,b70145
09001,22.10%, 60.72%, 38.62%, 0.66%,9a0162
09003,1.27%, 50.50%, 49.23%, 0.28%,80007d
09005,27.80%, 63.81%, 36.00%, 0.19%,a2005b
09007,16.96%, 58.38%, 41.43%, 0.19%,940069
09009,9.70%, 54.66%, 44.96%, 0.38%,8b0072
09011,9.72%, 54.76%, 45.03%, 0.21%,8b0072
09013,17.61%, 58.69%, 41.08%, 0.23%,950068
09015,7.28%, 53.53%, 46.25%, 0.22%,880075
10001,1.34%, 50.45%, 49.10%, 0.45%,80017d
10003,3.52%, 51.61%, 48.10%, 0.29%,83007a
10005,6.77%, 53.06%, 46.29%, 0.65%,870176
11001,0%,-,-,-,000000
12001,16.93%, 58.47%, 41.53%,-,950069
12003,55.92%, 22.04%, 77.96%,-,3800c6
12005,29.24%, 35.38%, 64.62%,-,5a00a4
12007,40.63%, 29.68%, 70.32%,-,4b00b3
12009,23.82%, 61.91%, 38.09%,-,9d0061
12011,38.20%, 69.10%, 30.90%,-,b0004e
12013,51.18%, 24.41%, 75.59%,-,3e00c0
12015,17.57%, 58.79%, 41.21%,-,950069
12017,4.29%, 47.85%, 52.15%,-,7a0084
12019,1.86%, 49.07%, 50.93%,-,7d0081
12021,0.82%, 49.59%, 50.41%,-,7e0080
12023,22.54%, 38.73%, 61.27%,-,62009c
12027,17.59%, 41.21%, 58.79%,-,690095
12029,30.38%, 34.81%, 65.19%,-,5800a6
12031,3.45%, 48.27%, 51.73%,-,7b0083
12033,25.46%, 37.27%, 62.73%,-,5f009f
12035,2.61%, 51.30%, 48.70%,-,82007c
12037,33.91%, 33.04%, 66.96%,-,5400aa
12039,19.18%, 40.41%, 59.59%,-,670097
12041,67.14%, 16.43%, 83.57%,-,2900d5
12043,20.60%, 39.70%, 60.30%,-,650099
12045,56.62%, 21.69%, 78.31%,-,3700c7
12047,37.63%, 31.18%, 68.82%,-,4f00af
12049,6.90%, 46.55%, 53.45%,-,760088
12051,6.80%, 46.60%, 53.40%,-,760088
12053,7.34%, 53.67%, 46.33%,-,880076
12055,3.80%, 51.90%, 48.10%,-,84007a
12057,4.40%, 52.20%, 47.80%,-,850079
12059,44.67%, 27.67%, 72.33%,-,4600b8
12061,31.88%, 65.94%, 34.06%,-,a80056
12063,40.94%, 29.53%, 70.47%,-,4b00b3
12065,27.56%, 36.22%, 63.78%,-,5c00a2
12067,56.96%, 21.52%, 78.48%,-,3600c8
12069,41.26%, 70.63%, 29.37%,-,b4004a
12071,18.17%, 59.09%, 40.91%,-,960068
12073,17.61%, 41.19%, 58.81%,-,690095
12075,30.69%, 34.66%, 65.34%,-,5800a6
12077,62.79%, 18.60%, 81.40%,-,2f00cf
12079,14.68%, 42.66%, 57.34%,-,6c0092
12081,32.79%, 66.40%, 33.60%,-,a90055
12083,2.34%, 51.17%, 48.83%,-,82007c
12085,29.30%, 64.65%, 35.35%,-,a4005a
12086,13.55%, 56.77%, 43.23%,-,90006e
12087,25.34%, 37.33%, 62.67%,-,5f009f
12089,18.37%, 40.82%, 59.18%,-,680096
12091,39.07%, 30.47%, 69.53%,-,4d00b1
12093,24.08%, 37.96%, 62.04%,-,60009e
12095,42.12%, 71.06%, 28.94%,-,b50049
12097,24.50%, 62.25%, 37.75%,-,9e0060
12099,35.14%, 67.57%, 32.43%,-,ac0052
12101,12.49%, 56.24%, 43.76%,-,8f006f
12103,42.69%, 71.35%, 28.65%,-,b50049
12105,3.26%, 51.63%, 48.37%,-,83007b
12107,3.31%, 51.65%, 48.35%,-,83007b
12109,3.71%, 51.85%, 48.15%,-,84007a
12111,25.31%, 62.65%, 37.35%,-,9f005f
12113,43.00%, 28.50%, 71.50%,-,4800b6
12115,41.48%, 70.74%, 29.26%,-,b4004a
12117,20.03%, 60.02%, 39.98%,-,990065
12119,36.72%, 31.64%, 68.36%,-,5000ae
12121,27.40%, 36.30%, 63.70%,-,5c00a2
12123,41.21%, 29.40%, 70.60%,-,4a00b4
12125,56.63%, 21.68%, 78.32%,-,3700c7
12127,24.92%, 62.46%, 37.54%,-,9f005f
12129,51.52%, 24.24%, 75.76%,-,3d00c1
12131,41.04%, 29.48%, 70.52%,-,4b00b3
12133,34.58%, 32.71%, 67.29%,-,5300ab
13001,50.69%, 24.65%, 75.35%,-,3e00c0
13003,77.88%, 11.06%, 88.94%,-,1c00e2
13005,47.15%, 26.42%, 73.58%,-,4300bb
13007,73.28%, 13.36%, 86.64%,-,2200dc
13009,38.76%, 30.62%, 69.38%,-,4e00b0
13011,72.04%, 13.98%, 86.02%,-,2300db
13013,81.87%, 9.07%, 90.93%,-,1700e7
13015,54.11%, 22.94%, 77.06%,-,3a00c4
13017,49.22%, 25.39%, 74.61%,-,4000be
13019,71.46%, 14.27%, 85.73%,-,2400da
13021,41.17%, 29.42%, 70.58%,-,4b00b3
13023,78.05%, 10.97%, 89.03%,-,1b00e3
13025,59.35%, 20.32%, 79.68%,-,3300cb
13027,39.98%, 30.01%, 69.99%,-,4c00b2
13029,49.16%, 25.42%, 74.58%,-,4000be
13031,59.85%, 20.08%, 79.92%,-,3300cb
13033,10.90%, 44.55%, 55.45%,-,71008d
13035,81.99%, 9.00%, 91.00%,-,1600e8
13037,69.28%, 15.36%, 84.64%,-,2700d7
13039,34.98%, 32.51%, 67.49%,-,5200ac
13043,54.87%, 22.57%, 77.43%,-,3900c5
13045,62.69%, 18.65%, 81.35%,-,2f00cf
13047,23.79%, 38.10%, 61.90%,-,61009d
13049,47.78%, 26.11%, 73.89%,-,4200bc
13051,3.89%, 51.94%, 48.06%,-,84007a
13053,22.75%, 38.62%, 61.38%,-,62009c
13055,64.85%, 17.57%, 82.43%,-,2c00d2
13057,20.49%, 39.75%, 60.25%,-,650099
13059,51.08%, 24.46%, 75.54%,-,3e00c0
13061,46.42%, 26.79%, 73.21%,-,4400ba
13063,53.48%, 23.26%, 76.74%,-,3b00c3
13065,53.89%, 23.06%, 76.94%,-,3a00c4
13067,41.96%, 29.02%, 70.98%,-,4a00b4
13069,50.66%, 24.67%, 75.33%,-,3e00c0
13071,52.40%, 23.80%, 76.20%,-,3c00c2
13073,23.13%, 38.43%, 61.57%,-,61009d
13075,71.19%, 14.41%, 85.59%,-,2400da
13077,70.95%, 14.52%, 85.48%,-,2500d9
13079,73.47%, 13.27%, 86.73%,-,2100dd
13081,38.08%, 30.96%, 69.04%,-,4e00b0
13083,30.78%, 34.61%, 65.39%,-,5800a6
13085,24.19%, 37.90%, 62.10%,-,60009e
13087,44.11%, 27.95%, 72.05%,-,4700b7
13089,14.48%, 42.76%, 57.24%,-,6d0091
13091,76.71%, 11.64%, 88.36%,-,1d00e1
13093,79.91%, 10.05%, 89.95%,-,1900e5
13095,27.26%, 36.37%, 63.63%,-,5c00a2
13097,53.04%, 23.48%, 76.52%,-,3b00c3
13099,70.90%, 14.55%, 85.45%,-,2500d9
13101,69.97%, 15.02%, 84.98%,-,2600d8
13103,1.78%, 50.89%, 49.11%,-,81007d
13105,71.18%, 14.41%, 85.59%,-,2400da
13107,59.98%, 20.01%, 79.99%,-,3300cb
13109,47.74%, 26.13%, 73.87%,-,4200bc
13111,20.57%, 60.29%, 39.71%,-,990065
13113,72.32%, 13.84%, 86.16%,-,2300db
13115,30.33%, 34.84%, 65.16%,-,5800a6
13117,44.37%, 27.82%, 72.18%,-,4600b8
13119,77.22%, 11.39%, 88.61%,-,1d00e1
13121,19.69%, 40.15%, 59.85%,-,660098
13123,1.30%, 49.35%, 50.65%,-,7d0081
13125,24.10%, 37.95%, 62.05%,-,60009e
13127,13.05%, 43.47%, 56.53%,-,6e0090
13129,42.91%, 28.54%, 71.46%,-,4800b6
13131,62.45%, 18.77%, 81.23%,-,2f00cf
13133,70.81%, 14.60%, 85.40%,-,2500d9
13135,71.17%, 14.42%, 85.58%,-,2400da
13137,48.37%, 25.81%, 74.19%,-,4100bd
13139,53.68%, 23.16%, 76.84%,-,3b00c3
13141,64.68%, 17.66%, 82.34%,-,2d00d1
13143,28.73%, 35.64%, 64.36%,-,5a00a4
13145,43.27%, 28.36%, 71.64%,-,4800b6
13147,88.17%, 5.92%, 94.08%,-,0f00ef
13149,73.20%, 13.40%, 86.60%,-,2200dc
13151,64.80%, 17.60%, 82.40%,-,2c00d2
13153,69.03%, 15.48%, 84.52%,-,2700d7
13155,48.17%, 25.92%, 74.08%,-,4200bc
13157,78.19%, 10.91%, 89.09%,-,1b00e3
13159,65.79%, 17.10%, 82.90%,-,2b00d3
13161,56.57%, 21.72%, 78.28%,-,3700c7
13163,32.97%, 33.51%, 66.49%,-,5500a9
13165,52.02%, 23.99%, 76.01%,-,3d00c1
13167,68.03%, 15.99%, 84.01%,-,2800d6
13169,67.39%, 16.30%, 83.70%,-,2900d5
13171,56.69%, 21.66%, 78.34%,-,3700c7
13173,66.50%, 16.75%, 83.25%,-,2a00d4
13175,65.40%, 17.30%, 82.70%,-,2c00d2
13177,31.09%, 34.45%, 65.55%,-,5700a7
13179,47.38%, 26.31%, 73.69%,-,4300bb
13181,32.65%, 33.68%, 66.32%,-,5500a9
13183,24.39%, 37.80%, 62.20%,-,60009e
13185,21.90%, 39.05%, 60.95%,-,63009b
13187,45.87%, 27.07%, 72.93%,-,4500b9
13189,11.35%, 44.32%, 55.68%,-,71008d
13191,18.01%, 40.99%, 59.01%,-,680096
13193,64.38%, 17.81%, 82.19%,-,2d00d1
13195,78.81%, 10.59%, 89.41%,-,1b00e3
13197,56.30%, 21.85%, 78.15%,-,3700c7
13199,73.98%, 13.01%, 86.99%,-,2100dd
13201,75.76%, 12.12%, 87.88%,-,1e00e0
13205,67.11%, 16.44%, 83.56%,-,2900d5
13207,65.53%, 17.23%, 82.77%,-,2b00d3
13209,71.68%, 14.16%, 85.84%,-,2400da
13211,73.95%, 13.03%, 86.97%,-,2100dd
13213,41.76%, 29.12%, 70.88%,-,4a00b4
13215,17.89%, 41.05%, 58.95%,-,680096
13217,78.23%, 10.88%, 89.12%,-,1b00e3
13219,55.63%, 22.19%, 77.81%,-,3800c6
13221,75.07%, 12.46%, 87.54%,-,1f00df
13223,46.39%, 26.80%, 73.20%,-,4400ba
13225,60.54%, 19.70%, 80.24%, 0.05%,3200cc
13227,0.61%, 50.30%, 49.70%,-,80007e
13229,52.55%, 23.73%, 76.27%,-,3c00c2
13231,62.71%, 18.64%, 81.36%,-,2f00cf
13233,54.79%, 22.61%, 77.39%,-,3900c5
13235,81.00%, 9.50%, 90.50%,-,1800e6
13237,66.69%, 16.66%, 83.34%,-,2a00d4
13239,56.24%, 21.88%, 78.12%,-,3700c7
13241,49.24%, 25.38%, 74.62%,-,4000be
13243,47.35%, 26.32%, 73.68%,-,4300bb
13245,4.26%, 52.13%, 47.87%,-,84007a
13247,67.67%, 16.16%, 83.84%,-,2900d5
13249,49.32%, 25.34%, 74.66%,-,4000be
13251,39.19%, 30.40%, 69.60%,-,4d00b1
13253,72.96%, 13.52%, 86.48%,-,2200dc
13255,61.83%, 19.08%, 80.92%,-,3000ce
13257,68.52%, 15.74%, 84.26%,-,2800d6
13259,44.81%, 27.60%, 72.40%,-,4600b8
13261,39.37%, 30.32%, 69.68%,-,4d00b1
13263,58.97%, 20.52%, 79.48%,-,3400ca
13265,78.89%, 10.55%, 89.45%,-,1a00e4
13267,37.19%, 31.41%, 68.59%,-,5000ae
13269,71.68%, 14.16%, 85.84%,-,2400da
13271,83.46%, 8.27%, 91.73%,-,1500e9
13273,57.68%, 21.16%, 78.84%,-,3500c9
13275,27.19%, 36.40%, 63.60%,-,5c00a2
13277,38.30%, 30.85%, 69.15%,-,4e00b0
13279,57.02%, 21.49%, 78.51%,-,3600c8
13281,6.11%, 46.94%, 53.06%,-,770087
13283,86.68%, 6.66%, 93.34%,-,1000ee
13285,58.15%, 20.93%, 79.07%,-,3500c9
13287,54.29%, 22.85%, 77.15%,-,3a00c4
13289,69.94%, 15.03%, 84.97%,-,2600d8
13291,1.12%, 49.44%, 50.56%,-,7e0080
13293,71.10%, 14.45%, 85.55%,-,2400da
13295,20.74%, 39.63%, 60.37%,-,650099
13297,83.78%, 8.11%, 91.89%,-,1400ea
13299,39.89%, 30.06%, 69.94%,-,4c00b2
13301,29.90%, 35.05%, 64.95%,-,5900a5
13303,49.94%, 25.03%, 74.97%,-,3f00bf
13305,39.73%, 30.13%, 69.87%,-,4c00b2
13307,41.65%, 29.18%, 70.82%,-,4a00b4
13309,66.13%, 16.94%, 83.06%,-,2b00d3
13311,60.31%, 19.85%, 80.15%,-,3200cc
13313,25.03%, 37.49%, 62.51%,-,5f009f
13315,72.37%, 13.81%, 86.19%,-,2300db
13317,67.97%, 16.01%, 83.99%,-,2800d6
13319,62.33%, 18.83%, 81.17%,-,3000ce
13321,63.46%, 18.27%, 81.73%,-,2e00d0
15001,0%,-,-,-,000000
15003,0%,-,-,-,000000
15005,0%,-,-,-,000000
15007,0%,-,-,-,000000
15009,0%,-,-,-,000000
16001,45.40%, 72.65%, 27.24%, 0.11%,b90045
16003,28.65%, 64.26%, 35.61%, 0.14%,a3005a
16005,10.64%, 55.25%, 44.61%, 0.14%,8c0071
16007,28.71%, 64.35%, 35.65%,-,a4005a
16009,4.38%, 52.08%, 47.69%, 0.23%,840079
16011,33.80%, 66.87%, 33.07%, 0.05%,aa0054
16013,21.80%, 60.90%, 39.10%,-,9b0063
16015,35.67%, 67.53%, 31.86%, 0.62%,ac0151
16017,13.29%, 56.36%, 43.07%, 0.56%,8f016d
16019,36.78%, 68.38%, 31.59%, 0.03%,ae0050
16021,22.33%, 60.98%, 38.65%, 0.37%,9b0062
16023,31.89%, 65.95%, 34.05%,-,a80056
16025,30.92%, 65.38%, 34.46%, 0.15%,a60057
16027,42.87%, 71.33%, 28.47%, 0.20%,b50048
16029,37.68%, 68.82%, 31.14%, 0.04%,af004f
16031,45.54%, 72.76%, 27.21%, 0.03%,b90045
16033,50.39%, 75.20%, 24.80%,-,bf003f
16035,9.98%, 44.91%, 54.88%, 0.21%,72008b
16037,39.95%, 69.74%, 29.80%, 0.46%,b1014b
16039,5.38%, 52.66%, 47.28%, 0.06%,860078
16041,46.69%, 73.31%, 26.62%, 0.07%,ba0043
16043,28.72%, 64.32%, 35.60%, 0.07%,a4005a
16045,24.54%, 62.21%, 37.67%, 0.12%,9e0060
16047,42.14%, 71.03%, 28.89%, 0.08%,b50049
16049,14.73%, 57.30%, 42.57%, 0.13%,92006c
16051,33.65%, 66.80%, 33.15%, 0.04%,aa0054
16053,48.52%, 74.21%, 25.69%, 0.10%,bd0041
16055,14.55%, 56.93%, 42.38%, 0.69%,91016c
16057,25.12%, 62.51%, 37.39%, 0.09%,9f005f
16059,42.44%, 71.19%, 28.75%, 0.07%,b50049
16061,11.93%, 44.04%, 55.96%,-,70008e
16063,42.21%, 71.11%, 28.89%,-,b50049
16065,34.29%, 67.12%, 32.83%, 0.05%,ab0053
16067,42.80%, 71.40%, 28.60%,-,b60048
16069,0.95%, 50.39%, 49.43%, 0.18%,80007e
16071,35.33%, 67.64%, 32.31%, 0.04%,ac0052
16073,40.93%, 70.41%, 29.48%, 0.12%,b3004b
16075,44.95%, 72.37%, 27.41%, 0.22%,b80045
16077,36.89%, 68.45%, 31.55%,-,ae0050
16079,4.41%, 51.91%, 47.50%, 0.60%,840179
16081,32.51%, 66.25%, 33.75%,-,a80056
16083,52.16%, 76.07%, 23.91%, 0.02%,c1003c
16085,45.02%, 72.51%, 27.49%,-,b80046
16087,29.90%, 64.91%, 35.01%, 0.07%,a50059
17001,19.26%, 59.60%, 40.34%, 0.06%,970066
17003,9.57%, 54.63%, 45.06%, 0.30%,8b0072
17005,24.31%, 62.03%, 37.72%, 0.24%,9e0060
17007,48.60%, 74.21%, 25.60%, 0.19%,bd0041
17009,15.68%, 57.77%, 42.09%, 0.14%,93006b
17011,39.65%, 69.76%, 30.12%, 0.12%,b1004c
17013,13.68%, 56.81%, 43.13%, 0.06%,90006d
17015,45.89%, 72.87%, 26.98%, 0.15%,b90044
17017,9.87%, 54.88%, 45.01%, 0.11%,8b0072
17019,32.09%, 65.91%, 33.82%, 0.27%,a80056
17021,0.31%, 50.11%, 49.80%, 0.09%,7f007e
17023,22.29%, 61.12%, 38.83%, 0.05%,9b0063
17025,20.94%, 60.38%, 39.44%, 0.17%,990064
17027,16.41%, 58.18%, 41.76%, 0.06%,94006a
17029,23.27%, 61.59%, 38.31%, 0.10%,9d0061
17031,0.70%, 50.21%, 49.51%, 0.28%,80007e
17033,26.31%, 63.11%, 36.81%, 0.08%,a0005d
17035,19.99%, 59.88%, 39.90%, 0.22%,980065
17037,48.61%, 74.23%, 25.62%, 0.15%,bd0041
17039,23.60%, 61.78%, 38.18%, 0.04%,9d0061
17041,34.27%, 67.10%, 32.84%, 0.06%,ab0053
17043,51.84%, 75.80%, 23.97%, 0.23%,c1003d
17045,29.21%, 64.56%, 35.36%, 0.08%,a4005a
17047,50.12%, 75.01%, 24.89%, 0.11%,bf003f
17049,15.80%, 57.79%, 41.99%, 0.22%,93006b
17051,14.01%, 56.96%, 42.95%, 0.10%,91006d
17053,49.07%, 74.49%, 25.42%, 0.10%,bd0040
17055,1.09%, 49.33%, 50.41%, 0.26%,7d0080
17057,22.46%, 61.13%, 38.67%, 0.20%,9b0062
17059,3.30%, 51.56%, 48.26%, 0.18%,83007b
17061,10.00%, 54.96%, 44.96%, 0.08%,8c0072
17063,40.36%, 70.12%, 29.76%, 0.12%,b2004b
17065,20.62%, 60.25%, 39.63%, 0.12%,990065
17067,32.42%, 66.14%, 33.72%, 0.14%,a80055
17069,11.85%, 55.84%, 43.99%, 0.17%,8e0070
17071,32.09%, 65.98%, 33.88%, 0.14%,a80056
17073,31.11%, 65.49%, 34.38%, 0.13%,a60057
17075,45.72%, 72.81%, 27.09%, 0.10%,b90045
17077,15.48%, 57.67%, 42.19%, 0.14%,93006b
17079,15.79%, 57.82%, 42.03%, 0.15%,93006b
17081,6.16%, 53.03%, 46.87%, 0.10%,870077
17083,8.14%, 54.03%, 45.89%, 0.08%,890075
17085,42.73%, 71.30%, 28.57%, 0.13%,b50048
17087,34.63%, 67.25%, 32.63%, 0.12%,ab0053
17089,35.68%, 67.78%, 32.10%, 0.13%,ac0051
17091,23.16%, 61.44%, 38.29%, 0.27%,9c0061
17093,54.26%, 77.11%, 22.84%, 0.05%,c4003a
17095,28.39%, 64.16%, 35.78%, 0.06%,a3005b
17097,25.82%, 62.83%, 37.01%, 0.17%,a0005e
17099,21.25%, 60.54%, 39.28%, 0.18%,9a0064
17101,23.12%, 61.54%, 38.42%, 0.04%,9c0061
17103,43.49%, 71.71%, 28.23%, 0.06%,b60047
17105,43.00%, 71.45%, 28.45%, 0.10%,b60048
17107,28.91%, 64.39%, 35.48%, 0.13%,a4005a
17109,44.15%, 72.06%, 27.91%, 0.04%,b70047
17111,48.69%, 74.23%, 25.54%, 0.23%,bd0041
17113,29.60%, 64.75%, 35.15%, 0.10%,a50059
17115,7.21%, 53.56%, 46.35%, 0.09%,880076
17117,2.40%, 48.67%, 51.07%, 0.27%,7c0082
17119,16.69%, 41.60%, 58.29%, 0.11%,6a0094
17121,7.38%, 53.64%, 46.26%, 0.09%,880075
17123,34.81%, 67.35%, 32.54%, 0.11%,ab0052
17125,23.87%, 61.91%, 38.04%, 0.05%,9d0061
17127,21.66%, 60.78%, 39.12%, 0.10%,9a0063
17129,25.89%, 62.92%, 37.02%, 0.06%,a0005e
17131,41.08%, 70.53%, 29.45%, 0.02%,b3004b
17133,30.15%, 65.07%, 34.92%, 0.01%,a50059
17135,9.98%, 54.95%, 44.97%, 0.09%,8c0072
17137,22.10%, 61.04%, 38.94%, 0.02%,9b0063
17139,18.36%, 59.12%, 40.76%, 0.12%,960067
17141,55.67%, 77.79%, 22.12%, 0.09%,c60038
17143,18.35%, 59.09%, 40.74%, 0.17%,960067
17145,10.40%, 55.19%, 44.79%, 0.03%,8c0072
17147,35.79%, 67.82%, 32.03%, 0.16%,ac0051
17149,10.02%, 54.97%, 44.95%, 0.09%,8c0072
17151,35.17%, 67.53%, 32.36%, 0.10%,ac0052
17153,17.94%, 58.88%, 40.95%, 0.17%,960068
17155,25.19%, 62.56%, 37.37%, 0.07%,9f005f
17157,9.26%, 54.59%, 45.33%, 0.08%,8b0073
17159,36.91%, 68.42%, 31.51%, 0.06%,ae0050
17161,8.30%, 54.07%, 45.77%, 0.16%,890074
17163,20.49%, 39.51%, 60.01%, 0.48%,640199
17165,8.44%, 54.13%, 45.70%, 0.17%,8a0074
17167,8.04%, 53.99%, 45.95%, 0.07%,890075
17169,22.68%, 61.30%, 38.62%, 0.07%,9c0062
17171,20.80%, 60.36%, 39.56%, 0.08%,990064
17173,15.41%, 57.65%, 42.25%, 0.10%,93006b
17175,51.07%, 75.51%, 24.44%, 0.04%,c0003e
17177,37.19%, 68.51%, 31.32%, 0.17%,ae004f
17179,10.36%, 55.14%, 44.78%, 0.07%,8c0072
17181,4.04%, 51.97%, 47.93%, 0.10%,84007a
17183,14.91%, 57.36%, 42.44%, 0.20%,92006c
17185,22.91%, 61.38%, 38.47%, 0.14%,9c0062
17187,45.87%, 72.88%, 27.02%, 0.10%,b90044
17189,32.48%, 66.17%, 33.70%, 0.13%,a80055
17191,24.80%, 62.34%, 37.54%, 0.12%,9e005f
17193,17.80%, 58.87%, 41.07%, 0.06%,960068
17195,46.85%, 73.28%, 26.43%, 0.28%,ba0043
17197,12.84%, 56.34%, 43.50%, 0.16%,8f006e
17199,10.36%, 55.10%, 44.74%, 0.15%,8c0072
17201,16.08%, 57.95%, 41.88%, 0.17%,93006a
17203,42.00%, 70.94%, 28.94%, 0.11%,b40049
18001,23.64%, 59.61%, 35.97%, 0.08%,98005b
18003,33.00%, 66.16%, 33.16%, 0.67%,a80154
18005,18.55%, 58.77%, 40.22%, 1.01%,950266
18007,38.78%, 69.25%, 30.47%, 0.29%,b0004d
18009,8.70%, 53.20%, 44.49%, 0.07%,870071
18011,26.57%, 63.04%, 36.47%, 0.50%,a0015c
18013,3.48%, 51.18%, 47.71%, 1.11%,820279
18015,29.35%, 64.31%, 34.95%, 0.74%,a30159
18017,21.16%, 60.32%, 39.16%, 0.52%,990163
18019,2.23%, 48.60%, 50.83%, 0.57%,7b0181
18021,7.79%, 53.31%, 45.52%, 1.16%,870274
18023,21.45%, 60.14%, 38.68%, 1.18%,990362
18025,5.52%, 51.85%, 46.32%, 1.83%,840476
18027,22.53%, 60.89%, 38.37%, 0.74%,9b0161
18029,9.90%, 54.82%, 44.92%, 0.26%,8b0072
18031,31.09%, 65.15%, 34.06%, 0.78%,a60156
18033,32.40%, 64.66%, 32.26%, 0.06%,a40052
18035,12.71%, 55.68%, 42.98%, 1.34%,8d036d
18037,7.20%, 53.47%, 46.27%, 0.25%,880075
18039,34.84%, 66.33%, 31.49%, 0.10%,a90050
18041,14.85%, 57.05%, 42.20%, 0.75%,91016b
18043,5.53%, 51.79%, 46.25%, 1.96%,840475
18045,23.10%, 61.35%, 38.25%, 0.40%,9c0161
18047,28.80%, 64.04%, 35.24%, 0.72%,a30159
18049,37.58%, 68.09%, 30.51%, 1.41%,ad034d
18051,9.15%, 53.99%, 44.84%, 1.17%,890272
18053,21.60%, 59.73%, 38.13%, 0.08%,980061
18055,7.43%, 53.25%, 45.82%, 0.94%,870274
18057,40.35%, 69.69%, 29.33%, 0.98%,b1024a
18059,20.87%, 59.94%, 39.07%, 1.00%,980263
18061,9.05%, 53.62%, 44.56%, 1.82%,880471
18063,33.72%, 66.58%, 32.86%, 0.56%,a90153
18065,25.37%, 61.99%, 36.61%, 1.40%,9e035d
18067,7.97%, 53.34%, 45.37%, 1.29%,880373
18069,25.92%, 61.98%, 36.06%, 1.95%,9e045b
18071,10.98%, 55.14%, 44.16%, 0.70%,8c0170
18073,44.90%, 72.23%, 27.33%, 0.44%,b80145
18075,20.32%, 58.96%, 38.63%, 0.02%,960062
18077,18.31%, 58.90%, 40.59%, 0.51%,960167
18079,23.10%, 61.21%, 38.11%, 0.67%,9c0161
18081,21.28%, 60.46%, 39.18%, 0.36%,9a0063
18083,15.24%, 57.30%, 42.05%, 0.65%,92016b
18085,40.96%, 68.95%, 27.99%, 0.05%,af0047
18087,39.93%, 68.80%, 28.87%, 0.04%,af0049
18089,10.04%, 44.66%, 54.70%, 0.63%,71018b
18091,20.05%, 59.83%, 39.78%, 0.39%,980065
18093,30.05%, 64.64%, 34.59%, 0.77%,a40158
18095,6.63%, 52.84%, 46.21%, 0.95%,860275
18097,21.36%, 60.48%, 39.12%, 0.40%,9a0163
18099,28.13%, 63.12%, 34.99%, 1.90%,a00459
18101,3.96%, 51.71%, 47.75%, 0.54%,830179
18103,19.05%, 58.97%, 39.91%, 1.12%,960265
18105,21.72%, 60.59%, 38.87%, 0.54%,9a0163
18107,32.31%, 65.89%, 33.58%, 0.54%,a80155
18109,26.52%, 62.90%, 36.38%, 0.73%,a0015c
18111,50.10%, 74.79%, 24.69%, 0.52%,be013e
18113,32.30%, 65.39%, 33.09%, 1.51%,a60354
18115,4.26%, 51.92%, 47.66%, 0.43%,840179
18117,25.61%, 62.38%, 36.77%, 0.84%,9f025d
18119,17.86%, 58.37%, 40.51%, 1.12%,940267
18121,17.20%, 58.33%, 41.13%, 0.54%,940168
18123,9.23%, 54.53%, 45.30%, 0.17%,8b0073
18125,9.89%, 54.26%, 44.37%, 1.37%,8a0371
18127,37.96%, 68.75%, 30.79%, 0.45%,af014e
18129,15.87%, 57.61%, 41.74%, 0.64%,92016a
18131,27.96%, 63.10%, 35.13%, 1.77%,a00459
18133,19.66%, 59.65%, 39.99%, 0.36%,980065
18135,33.53%, 65.42%, 31.90%, 0.03%,a60051
18137,24.42%, 62.00%, 37.59%, 0.41%,9e015f
18139,34.48%, 66.82%, 32.34%, 0.84%,aa0252
18141,0.25%, 49.74%, 49.49%, 0.77%,7e017e
18143,0.89%, 50.08%, 49.19%, 0.74%,7f017d
18145,15.37%, 57.18%, 41.81%, 1.01%,91026a
18147,23.44%, 61.48%, 38.04%, 0.48%,9c0161
18149,19.49%, 59.43%, 39.95%, 0.62%,970165
18151,47.15%, 73.02%, 25.88%, 1.10%,ba0241
18153,7.97%, 45.65%, 53.62%, 0.73%,740188
18155,2.27%, 48.42%, 50.69%, 0.89%,7b0281
18157,41.42%, 70.53%, 29.11%, 0.36%,b3004a
18159,22.15%, 60.59%, 38.44%, 0.96%,9a0262
18161,35.19%, 67.24%, 32.05%, 0.72%,ab0151
18163,17.03%, 58.20%, 41.17%, 0.64%,940168
18165,3.85%, 47.84%, 51.69%, 0.47%,790183
18167,0.07%, 49.74%, 49.81%, 0.45%,7e017f
18169,38.02%, 67.94%, 29.92%, 0.03%,ad004c
18171,40.88%, 70.16%, 29.29%, 0.55%,b2014a
18173,13.24%, 56.35%, 43.11%, 0.55%,8f016d
18175,11.49%, 55.45%, 43.96%, 0.59%,8d0170
18177,25.63%, 62.36%, 36.73%, 0.91%,9f025d
18179,14.71%, 55.85%, 41.14%, 0.05%,8e0068
18181,35.65%, 67.60%, 31.94%, 0.46%,ac0151
18183,21.87%, 60.28%, 38.41%, 1.31%,990361
19001,42.36%, 71.09%, 28.72%, 0.19%,b50049
19003,38.53%, 69.06%, 30.52%, 0.42%,b0014d
19005,44.39%, 72.14%, 27.74%, 0.12%,b70046
19007,11.76%, 55.38%, 43.61%, 1.01%,8d026f
19009,23.76%, 61.85%, 38.09%, 0.07%,9d0061
19011,23.25%, 59.09%, 35.84%,-,96005b
19013,24.46%, 62.01%, 37.55%, 0.44%,9e015f
19015,23.21%, 61.03%, 37.82%, 1.16%,9b0260
19017,48.38%, 74.12%, 25.73%, 0.15%,bd0041
19019,35.98%, 67.81%, 31.83%, 0.36%,ac0051
19021,39.63%, 69.72%, 30.09%, 0.18%,b1004c
19023,55.10%, 77.47%, 22.36%, 0.17%,c50039
19025,37.41%, 67.68%, 30.27%,-,ac004d
19027,28.67%, 64.27%, 35.60%, 0.14%,a3005a
19029,51.46%, 75.61%, 24.15%, 0.24%,c0003d
19031,43.16%, 71.48%, 28.32%, 0.20%,b60048
19033,22.46%, 61.12%, 38.66%, 0.22%,9b0062
19035,41.17%, 70.46%, 29.29%, 0.25%,b3004a
19037,26.43%, 63.18%, 36.75%, 0.08%,a1005d
19039,31.92%, 65.69%, 33.78%, 0.53%,a70156
19041,46.44%, 72.57%, 26.13%, 1.30%,b90342
19043,34.53%, 67.22%, 32.70%, 0.08%,ab0053
19045,31.63%, 65.73%, 34.10%, 0.16%,a70056
19047,28.63%, 63.67%, 35.04%, 1.30%,a20359
19049,27.81%, 63.51%, 35.69%, 0.80%,a1025b
19051,16.60%, 58.14%, 41.55%, 0.31%,940069
19053,17.83%, 58.71%, 40.87%, 0.42%,950168
19055,46.52%, 73.20%, 26.69%, 0.11%,ba0044
19057,16.68%, 58.13%, 41.45%, 0.42%,940169
19059,42.83%, 71.05%, 28.22%, 0.73%,b50147
19061,10.76%, 55.03%, 44.27%, 0.69%,8c0170
19063,43.28%, 71.48%, 28.20%, 0.32%,b60047
19065,34.95%, 67.35%, 32.40%, 0.25%,ab0052
19067,40.21%, 70.04%, 29.83%, 0.13%,b2004c
19069,46.73%, 72.72%, 25.98%, 1.30%,b90342
19071,29.13%, 64.51%, 35.37%, 0.12%,a4005a
19073,40.78%, 69.62%, 28.84%, 1.54%,b10349
19075,58.26%, 78.98%, 20.72%, 0.29%,c90034
19077,40.36%, 70.10%, 29.74%, 0.17%,b2004b
19079,42.92%, 71.29%, 28.37%, 0.35%,b50048
19081,42.66%, 71.26%, 28.60%, 0.14%,b50048
19083,42.00%, 70.79%, 28.79%, 0.42%,b40149
19085,27.78%, 63.76%, 35.98%, 0.26%,a2005b
19087,44.63%, 71.93%, 27.30%, 0.77%,b70145
19089,25.30%, 62.56%, 37.26%, 0.17%,9f005f
19091,36.11%, 67.94%, 31.82%, 0.24%,ad0051
19093,40.55%, 70.14%, 29.59%, 0.28%,b2004b
19095,37.20%, 67.27%, 30.06%,-,ab004c
19097,30.60%, 64.28%, 33.68%,-,a30055
19099,17.33%, 58.37%, 41.03%, 0.60%,940168
19101,38.78%, 69.09%, 30.31%, 0.60%,b0014d
19103,16.35%, 58.04%, 41.69%, 0.27%,94006a
19105,33.94%, 66.90%, 32.97%, 0.13%,aa0054
19107,28.96%, 64.20%, 35.24%, 0.56%,a30159
19109,28.38%, 64.15%, 35.77%, 0.08%,a3005b
19111,17.47%, 58.61%, 41.13%, 0.26%,950068
19113,17.90%, 58.72%, 40.83%, 0.45%,950168
19115,37.29%, 68.45%, 31.16%, 0.39%,ae004f
19117,27.42%, 63.09%, 35.67%, 1.24%,a0035a
19119,57.32%, 78.59%, 21.27%, 0.14%,c80036
19121,39.67%, 69.48%, 29.81%, 0.71%,b1014c
19123,31.45%, 63.95%, 32.50%,-,a30052
19125,15.73%, 57.25%, 41.51%, 1.24%,910369
19127,34.46%, 65.93%, 31.46%,-,a80050
19129,38.33%, 69.04%, 30.72%, 0.24%,b0004e
19131,39.73%, 69.78%, 30.05%, 0.17%,b1004c
19133,24.81%, 62.29%, 37.49%, 0.22%,9e005f
19135,7.18%, 53.28%, 46.09%, 0.63%,870175
19137,46.06%, 72.88%, 26.82%, 0.30%,b90044
19139,23.62%, 61.60%, 37.98%, 0.41%,9d0160
19141,52.76%, 76.18%, 23.42%, 0.41%,c2013b
19143,43.71%, 71.73%, 28.03%, 0.24%,b60047
19145,53.41%, 76.52%, 23.10%, 0.38%,c3003a
19147,21.09%, 60.48%, 39.40%, 0.12%,9a0064
19149,49.03%, 74.29%, 25.26%, 0.45%,bd0140
19151,26.98%, 61.73%, 34.74%,-,9d0058
19153,8.93%, 54.03%, 45.10%, 0.87%,890273
19155,22.68%, 61.24%, 38.56%, 0.20%,9c0062
19157,29.34%, 64.28%, 34.93%, 0.79%,a30259
19159,41.76%, 70.66%, 28.91%, 0.43%,b40149
19161,44.59%, 72.15%, 27.56%, 0.29%,b70046
19163,24.80%, 61.88%, 37.08%, 1.04%,9d025e
19165,29.89%, 64.68%, 34.79%, 0.53%,a40158
19167,66.60%, 83.21%, 16.60%, 0.19%,d4002a
19169,44.35%, 71.81%, 27.46%, 0.73%,b70146
19171,26.76%, 63.30%, 36.54%, 0.15%,a1005d
19173,43.97%, 71.74%, 27.78%, 0.48%,b60146
19175,38.12%, 68.92%, 30.80%, 0.29%,af004e
19177,41.84%, 70.62%, 28.78%, 0.60%,b40149
19179,5.07%, 52.24%, 47.17%, 0.59%,850178
19181,31.82%, 65.55%, 33.74%, 0.71%,a70156
19183,45.30%, 72.47%, 27.17%, 0.37%,b80045
19185,22.96%, 61.23%, 38.27%, 0.51%,9c0161
19187,17.09%, 57.69%, 40.59%, 1.72%,930467
19189,41.07%, 70.38%, 29.31%, 0.31%,b3004a
19191,33.48%, 66.64%, 33.16%, 0.20%,a90054
19193,17.06%, 58.36%, 41.30%, 0.34%,940069
19195,22.95%, 61.34%, 38.40%, 0.26%,9c0061
19197,34.55%, 67.12%, 32.57%, 0.32%,ab0053
20001,47.17%, 73.40%, 26.23%, 0.38%,bb0042
20003,46.61%, 73.18%, 26.56%, 0.26%,ba0043
20005,29.27%, 64.59%, 35.32%, 0.10%,a4005a
20007,49.29%, 74.09%, 24.80%, 1.11%,bc023f
20009,41.54%, 70.43%, 28.88%, 0.69%,b30149
20011,31.16%, 65.26%, 34.10%, 0.63%,a60156
20013,61.29%, 80.51%, 19.22%, 0.27%,cd0031
20015,30.80%, 65.04%, 34.24%, 0.72%,a50157
20017,55.78%, 77.76%, 21.98%, 0.26%,c60038
20019,50.15%, 74.76%, 24.62%, 0.62%,be013e
20021,15.25%, 57.37%, 42.12%, 0.51%,92016b
20023,52.05%, 75.63%, 23.58%, 0.79%,c0023c
20025,48.39%, 73.28%, 24.90%, 1.82%,ba043f
20027,70.93%, 84.87%, 13.94%, 1.19%,d80323
20029,51.06%, 75.23%, 24.17%, 0.59%,bf013d
20031,49.95%, 74.78%, 24.83%, 0.38%,be003f
20033,58.51%, 78.98%, 20.47%, 0.55%,c90134
20035,36.95%, 68.13%, 31.18%, 0.69%,ad014f
20037,12.04%, 55.81%, 43.77%, 0.41%,8e016f
20039,49.57%, 74.54%, 24.97%, 0.49%,be013f
20041,63.85%, 81.78%, 17.94%, 0.28%,d0002d
20043,51.73%, 75.70%, 23.97%, 0.33%,c1003d
20045,49.12%, 74.34%, 25.23%, 0.43%,bd0140
20047,53.85%, 76.40%, 22.55%, 1.05%,c20239
20049,53.37%, 76.38%, 23.01%, 0.61%,c2013a
20051,31.76%, 65.86%, 34.10%, 0.04%,a70056
20053,49.90%, 74.67%, 24.77%, 0.56%,be013f
20055,45.40%, 72.32%, 26.92%, 0.76%,b80144
20057,39.16%, 68.96%, 29.80%, 1.24%,af034b
20059,46.44%, 72.86%, 26.42%, 0.72%,b90143
20061,41.92%, 70.54%, 28.61%, 0.85%,b30248
20063,52.19%, 75.84%, 23.64%, 0.52%,c1013c
20065,45.82%, 72.62%, 26.80%, 0.59%,b90144
20067,43.10%, 71.02%, 27.92%, 1.06%,b50247
20069,47.45%, 73.51%, 26.06%, 0.44%,bb0142
20071,59.32%, 79.06%, 19.74%, 1.20%,c90332
20073,47.87%, 73.70%, 25.83%, 0.47%,bb0141
20075,46.42%, 72.70%, 26.28%, 1.02%,b90243
20077,58.24%, 78.62%, 20.39%, 0.99%,c80233
20079,43.86%, 70.87%, 27.00%, 2.13%,b40544
20081,50.13%, 74.30%, 24.17%, 1.54%,bd033d
20083,53.91%, 76.44%, 22.53%, 1.03%,c20239
20085,50.71%, 75.28%, 24.57%, 0.14%,bf003e
20087,47.42%, 73.47%, 26.05%, 0.48%,bb0142
20089,63.67%, 80.86%, 17.19%, 1.94%,ce042b
20091,45.10%, 72.46%, 27.36%, 0.17%,b80045
20093,46.76%, 72.81%, 26.04%, 1.15%,b90242
20095,54.57%, 76.52%, 21.96%, 1.52%,c30337
20097,60.14%, 78.61%, 18.48%,-,c8002f
20099,24.47%, 61.99%, 37.51%, 0.50%,9e015f
20101,56.65%, 77.85%, 21.20%, 0.95%,c60236
20103,22.65%, 61.19%, 38.54%, 0.26%,9c0062
20105,69.53%, 84.63%, 15.10%, 0.27%,d70026
20107,48.40%, 73.99%, 25.59%, 0.42%,bc0141
20109,60.85%, 79.96%, 19.11%, 0.93%,cb0230
20111,36.60%, 67.98%, 31.38%, 0.64%,ad0150
20113,52.62%, 74.58%, 21.96%, 0.11%,be0037
20115,62.66%, 80.19%, 17.52%, 0.14%,cc002c
20117,50.99%, 75.35%, 24.36%, 0.29%,c0003e
20119,55.71%, 76.90%, 21.19%, 1.90%,c40436
20121,24.93%, 62.33%, 37.40%, 0.28%,9e005f
20123,62.30%, 80.98%, 18.67%, 0.35%,ce002f
20125,29.82%, 64.62%, 34.79%, 0.59%,a40158
20127,48.58%, 74.11%, 25.53%, 0.36%,bc0041
20129,41.58%, 69.93%, 28.35%, 1.72%,b20448
20131,52.22%, 75.97%, 23.75%, 0.28%,c1003c
20133,37.53%, 68.60%, 31.07%, 0.33%,ae004f
20135,54.13%, 76.27%, 22.13%, 1.60%,c20438
20137,53.62%, 76.23%, 22.61%, 1.17%,c20239
20139,38.30%, 68.84%, 30.54%, 0.62%,af014d
20141,64.12%, 81.24%, 17.12%, 1.64%,cf042b
20143,56.32%, 77.66%, 21.33%, 1.01%,c60236
20145,43.35%, 71.12%, 27.78%, 1.10%,b50246
20147,61.09%, 80.18%, 19.09%, 0.73%,cc0130
20149,56.08%, 77.94%, 21.87%, 0.19%,c60037
20151,38.85%, 68.87%, 30.03%, 1.10%,af024c
20153,51.86%, 75.82%, 23.96%, 0.21%,c1003d
20155,40.06%, 68.58%, 28.52%, 0.06%,ae0048
20157,53.93%, 76.72%, 22.78%, 0.50%,c3013a
20159,50.01%, 74.51%, 24.50%, 0.99%,be023e
20161,61.04%, 80.31%, 19.28%, 0.41%,cc0131
20163,49.67%, 74.32%, 24.65%, 1.03%,bd023e
20165,51.48%, 75.50%, 24.02%, 0.48%,c0013d
20167,52.33%, 76.00%, 23.67%, 0.33%,c1003c
20169,50.72%, 75.12%, 24.40%, 0.49%,bf013e
20171,57.69%, 78.33%, 20.64%, 1.03%,c70234
20173,33.77%, 66.47%, 32.71%, 0.82%,a90253
20175,46.19%, 72.79%, 26.60%, 0.60%,b90143
20177,30.45%, 65.01%, 34.56%, 0.42%,a50158
20179,47.94%, 73.88%, 25.93%, 0.19%,bc0042
20181,42.84%, 70.41%, 27.57%, 2.02%,b30546
20183,56.59%, 77.75%, 21.16%, 1.09%,c60235
20185,44.82%, 71.28%, 26.47%, 0.07%,b50043
