id,margin,bush,gore,trash1,trash2,other,hex_color
01001,40.98%, 69.69%, 28.72%,-,-,1.5900000000000034%,b10449
01003,47.58%, 72.37%, 24.78%,-,-,2.8499999999999943%,b8073f
01005,0.89%, 49.02%, 49.91%,-,-,1.0699999999999932%,7d027f
01007,22.01%, 60.17%, 38.16%,-,-,1.6700000000000017%,990461
01009,42.79%, 70.48%, 27.69%,-,-,1.8299999999999983%,b30446
01011,40.01%, 29.22%, 69.23%,-,-,1.5499999999999972%,4a03b0
01013,6.68%, 52.89%, 46.21%,-,-,0.9000000000000057%,860275
01015,16.77%, 57.33%, 40.56%,-,-,2.1099999999999994%,920567
01017,3.56%, 51.01%, 47.46%,-,-,1.5300000000000011%,820379
01019,8.40%, 53.10%, 44.70%,-,-,2.1999999999999886%,870571
01021,34.85%, 66.70%, 31.84%,-,-,1.4599999999999937%,aa0351
01023,1.45%, 48.82%, 50.27%,-,-,0.9099999999999966%,7c0280
01025,12.17%, 55.69%, 43.52%,-,-,0.789999999999992%,8e026e
01027,28.45%, 63.22%, 34.76%,-,-,2.0200000000000102%,a10558
01029,32.78%, 65.46%, 32.68%,-,-,1.8600000000000136%,a60453
01031,30.57%, 64.39%, 33.82%,-,-,1.789999999999992%,a40456
01033,0.12%, 48.85%, 48.96%,-,-,2.1899999999999977%,7c057c
01035,1.51%, 48.62%, 50.14%,-,-,1.240000000000009%,7b037f
01037,6.09%, 52.16%, 46.07%,-,-,1.7700000000000102%,850475
01039,33.21%, 65.83%, 32.62%,-,-,1.5500000000000114%,a70353
01041,17.91%, 58.25%, 40.33%,-,-,1.4200000000000017%,940366
01043,31.83%, 64.88%, 33.05%,-,-,2.0700000000000074%,a50554
01045,35.98%, 67.02%, 31.04%,-,-,1.9399999999999977%,aa044f
01047,19.54%, 39.86%, 59.40%,-,-,0.7400000000000091%,650197
01049,28.45%, 63.23%, 34.78%,-,-,1.990000000000009%,a10558
01051,42.53%, 70.48%, 27.94%,-,-,1.5799999999999983%,b30447
01053,21.03%, 59.82%, 38.79%,-,-,1.3900000000000006%,980362
01055,9.29%, 53.59%, 44.30%,-,-,2.1099999999999994%,880570
01057,19.44%, 58.68%, 39.24%,-,-,2.0799999999999983%,950564
01059,11.94%, 55.11%, 43.17%,-,-,1.7199999999999989%,8c046e
01061,39.95%, 68.92%, 28.97%,-,-,2.1099999999999994%,af0549
01063,60.37%, 19.34%, 79.71%,-,-,0.9500000000000028%,3102cb
01065,21.58%, 38.60%, 60.17%,-,-,1.2299999999999898%,620399
01067,18.35%, 58.48%, 40.13%,-,-,1.3900000000000006%,950366
01069,39.74%, 69.10%, 29.36%,-,-,1.5400000000000063%,b0034a
01071,3.30%, 47.33%, 50.63%,-,-,2.039999999999992%,780581
01073,3.14%, 50.59%, 47.45%,-,-,1.9599999999999937%,810478
01075,25.07%, 61.66%, 36.60%,-,-,1.740000000000009%,9d045d
01077,11.21%, 54.39%, 43.17%,-,-,2.4399999999999977%,8a066e
01079,5.13%, 46.54%, 51.67%,-,-,1.789999999999992%,760483
01081,20.54%, 58.63%, 38.09%,-, 2.34%,3.280000000000001%,950861
01083,22.05%, 60.10%, 38.05%,-,-,1.8499999999999943%,990461
01085,46.76%, 26.24%, 72.99%,-,-,0.7700000000000102%,4201ba
01087,74.44%, 12.35%, 86.80%,-,-,0.8500000000000085%,1f02dd
01089,12.31%, 54.85%, 42.53%,-,-,2.6200000000000045%,8b066c
01091,1.57%, 48.81%, 50.39%,-,-,0.7999999999999972%,7c0280
01093,19.65%, 58.78%, 39.13%,-,-,2.0900000000000034%,950563
01095,23.95%, 61.04%, 37.09%,-,-,1.8700000000000045%,9b045e
01097,13.97%, 55.93%, 41.96%,-,-,2.1099999999999994%,8e056a
01099,15.77%, 57.57%, 41.79%,-,-,0.6400000000000006%,92016a
01101,1.92%, 48.34%, 50.26%,-,-,1.4000000000000057%,7b0380
01103,22.76%, 60.39%, 37.63%,-,-,1.9799999999999898%,99055f
01105,39.54%, 29.93%, 69.47%,-,-,0.5999999999999943%,4c01b1
01107,1.91%, 50.42%, 48.51%,-,-,1.0699999999999932%,80027b
01109,16.13%, 57.45%, 41.32%,-,-,1.2299999999999898%,920369
01111,19.85%, 58.92%, 39.07%,-,-,2.009999999999991%,960563
01113,14.88%, 41.95%, 56.83%,-,-,1.2199999999999989%,6a0390
01115,44.13%, 71.05%, 26.92%,-,-,2.030000000000001%,b50544
01117,55.48%, 76.70%, 21.22%,-,-,2.0799999999999983%,c30536
01119,45.76%, 26.76%, 72.52%,-,-,0.7199999999999989%,4401b8
01121,9.99%, 54.25%, 44.26%,-,-,1.490000000000009%,8a0370
01123,22.29%, 60.33%, 38.04%,-,-,1.6299999999999955%,990461
01125,15.62%, 56.56%, 40.95%,-,-,2.489999999999995%,900668
01127,7.27%, 52.60%, 45.32%,-,-,2.0799999999999983%,860573
01129,9.62%, 54.20%, 44.58%,-,-,1.2199999999999989%,8a0371
01131,34.78%, 32.40%, 67.19%,-,-,0.4099999999999966%,5201ab
01133,39.93%, 68.82%, 28.89%,-,-,2.2900000000000063%,af0549
02013,0%,-,-,-,-,0,000000
02016,0%,-,-,-,-,0,000000
02020,0%,-,-,-,-,0,000000
02050,0%,-,-,-,-,0,000000
02060,0%,-,-,-,-,0,000000
02068,0%,-,-,-,-,0,000000
02070,0%,-,-,-,-,0,000000
02090,0%,-,-,-,-,0,000000
02100,0%,-,-,-,-,0,000000
02105,0%,-,-,-,-,0,000000
02110,0%,-,-,-,-,0,000000
02122,0%,-,-,-,-,0,000000
02130,0%,-,-,-,-,0,000000
02150,0%,-,-,-,-,0,000000
02164,0%,-,-,-,-,0,000000
02170,0%,-,-,-,-,0,000000
02180,0%,-,-,-,-,0,000000
02185,0%,-,-,-,-,0,000000
02188,0%,-,-,-,-,0,000000
02195,0%,-,-,-,-,0,000000
02198,0%,-,-,-,-,0,000000
02220,0%,-,-,-,-,0,000000
02230,0%,-,-,-,-,0,000000
02240,0%,-,-,-,-,0,000000
02261,0%,-,-,-,-,0,000000
02270,0%,-,-,-,-,0,000000
02275,0%,-,-,-,-,0,000000
02282,0%,-,-,-,-,0,000000
02290,0%,-,-,-,-,0,000000
04001,36.38%, 30.57%, 66.95%,-,-,2.4799999999999898%,4d06aa
04003,14.50%, 54.69%, 40.19%,-, 3.35%,5.1200000000000045%,8b0d66
04005,6.65%, 42.96%, 49.60%,-, 6.06%,7.439999999999998%,6d127e
04007,8.22%, 51.64%, 43.41%,-, 2.80%,4.950000000000003%,830c6e
04009,27.44%, 62.16%, 34.72%,-,-,3.1200000000000045%,9e0758
04011,13.61%, 54.70%, 41.08%,-, 2.30%,4.219999999999999%,8b0a68
04012,17.27%, 56.73%, 39.46%,-, 2.03%,3.8100000000000023%,900964
04013,10.35%, 53.23%, 42.88%,-, 2.49%,3.8900000000000006%,87096d
04015,15.67%, 55.25%, 39.58%,-, 3.00%,5.170000000000002%,8c0d64
04017,2.35%, 49.25%, 46.90%,-, 2.06%,3.8499999999999943%,7d0977
04019,8.03%, 43.31%, 51.34%,-, 4.30%,5.349999999999994%,6e0d82
04021,1.14%, 48.73%, 47.59%,-, 2.19%,3.680000000000007%,7c0979
04023,21.24%, 37.60%, 58.84%,-, 2.44%,3.5600000000000023%,5f0996
04025,23.57%, 58.84%, 35.27%,-, 4.01%,5.889999999999986%,960f59
04027,12.75%, 54.82%, 42.07%,-,-,3.1099999999999994%,8b076b
05001,7.47%, 52.62%, 45.15%,-,-,2.230000000000004%,860573
05003,4.56%, 46.86%, 51.42%,-,-,1.7199999999999989%,770483
05005,18.09%, 57.09%, 39.00%,-, 2.57%,3.9099999999999966%,910963
05007,32.73%, 64.94%, 32.21%,-,-,2.8499999999999943%,a50752
05009,29.89%, 62.85%, 32.95%,-, 2.12%,4.199999999999989%,a00a54
05011,8.27%, 45.06%, 53.33%,-,-,1.6099999999999994%,720487
05013,5.08%, 51.62%, 46.54%,-,-,1.8400000000000034%,830476
05015,20.45%, 57.94%, 37.49%,-, 3.14%,4.569999999999993%,930b5f
05017,28.21%, 35.13%, 63.34%,-,-,1.5300000000000011%,5903a1
05019,10.26%, 43.77%, 54.03%,-,-,2.1999999999999886%,6f0589
05021,21.58%, 38.20%, 59.78%,-,-,2.019999999999996%,610598
05023,15.77%, 56.14%, 40.36%,-,-,3.5%,8f0866
05025,8.30%, 52.75%, 44.45%,-,-,2.799999999999997%,860771
05027,10.91%, 53.92%, 43.01%,-,-,3.069999999999993%,89076d
05029,0.68%, 49.00%, 48.33%,-,-,2.6700000000000017%,7c067b
05031,0.87%, 48.33%, 49.20%,-,-,2.469999999999999%,7b067d
05033,25.62%, 61.30%, 35.68%,-,-,3.0200000000000102%,9c075a
05035,10.33%, 44.26%, 54.59%,-,-,1.1500000000000057%,70028b
05037,1.01%, 48.80%, 49.81%,-,-,1.3900000000000006%,7c037f
05039,4.18%, 47.25%, 51.43%,-,-,1.3199999999999932%,780383
05041,26.10%, 35.66%, 61.76%,-,-,2.5800000000000125%,5a069d
05043,5.13%, 46.54%, 51.67%,-,-,1.789999999999992%,760483
05045,14.05%, 54.95%, 40.90%,-,-,4.150000000000006%,8c0a68
05047,9.82%, 53.37%, 43.55%,-,-,3.0800000000000125%,88076f
05049,1.46%, 49.56%, 48.10%,-,-,2.3400000000000034%,7e057a
05051,9.07%, 53.15%, 44.08%,-,-,2.7700000000000102%,870770
05053,12.47%, 54.63%, 42.16%,-,-,3.210000000000008%,8b086b
05055,3.91%, 46.71%, 50.62%,-,-,2.6700000000000017%,770681
05057,9.33%, 44.68%, 54.01%,-,-,1.3100000000000023%,710389
05059,4.42%, 45.92%, 50.33%,-,-,3.75%,750980
05061,5.90%, 52.16%, 46.27%,-,-,1.5699999999999932%,850475
05063,8.62%, 53.00%, 44.39%,-,-,2.6099999999999994%,870671
05065,5.68%, 45.73%, 51.41%,-,-,2.8600000000000136%,740783
05067,22.58%, 37.55%, 60.13%,-,-,2.319999999999993%,5f0599
05069,32.91%, 32.22%, 65.13%,-,-,2.6500000000000057%,5206a6
05071,5.40%, 51.07%, 45.66%,-,-,3.2700000000000102%,820874
05073,7.92%, 45.46%, 53.38%,-,-,1.1599999999999966%,730288
05075,10.41%, 43.48%, 53.89%,-,-,2.6299999999999955%,6e0689
05077,33.39%, 32.78%, 66.17%,-,-,1.0499999999999972%,5302a8
05079,12.15%, 43.03%, 55.19%,-,-,1.7800000000000011%,6d048c
05081,11.40%, 43.38%, 54.78%,-,-,1.8400000000000034%,6e048b
05083,14.87%, 55.42%, 40.55%,-,-,4.030000000000001%,8d0a67
05085,20.93%, 59.11%, 38.18%,-,-,2.710000000000008%,960661
05087,23.67%, 60.18%, 36.51%,-,-,3.3100000000000023%,99085d
05089,19.43%, 56.56%, 37.12%,-, 3.66%,6.319999999999993%,90105e
05091,7.26%, 52.94%, 45.67%,-,-,1.3900000000000006%,860374
05093,15.16%, 41.31%, 56.47%,-,-,2.219999999999999%,69058f
05095,17.64%, 40.36%, 58.00%,-,-,1.6400000000000006%,660493
05097,18.45%, 56.91%, 38.46%,-, 2.70%,4.6299999999999955%,910b62
05099,1.90%, 48.05%, 49.95%,-,-,2.0%,7a057f
05101,33.72%, 64.40%, 30.69%,-, 2.85%,4.909999999999997%,a40c4e
05103,6.97%, 45.59%, 52.56%,-,-,1.8499999999999943%,740486
05105,11.63%, 52.76%, 41.13%,-,-,6.109999999999999%,860f68
05107,30.75%, 33.87%, 64.62%,-,-,1.509999999999991%,5603a4
05109,16.90%, 57.29%, 40.39%,-,-,2.319999999999993%,920566
05111,15.40%, 41.30%, 56.70%,-,-,2.0%,690590
05113,31.77%, 63.95%, 32.18%,-,-,3.8700000000000045%,a30952
05115,24.83%, 61.04%, 36.20%,-,-,2.759999999999991%,9b075c
05117,8.53%, 53.09%, 44.57%,-,-,2.3400000000000034%,870571
05119,9.79%, 43.94%, 53.73%,-,-,2.3300000000000125%,700589
05121,5.89%, 45.48%, 51.37%,-,-,3.1500000000000057%,730882
05123,18.50%, 40.18%, 58.69%,-,-,1.1299999999999955%,660295
05125,18.27%, 57.48%, 39.21%,-,-,3.3100000000000023%,920863
05127,23.99%, 60.26%, 36.27%,-,-,3.469999999999999%,99085c
05129,34.03%, 64.32%, 30.29%,-, 2.05%,5.390000000000015%,a40d4d
05131,19.74%, 58.48%, 38.73%,-,-,2.7900000000000063%,950762
05133,0.37%, 49.17%, 48.80%,-,-,2.030000000000001%,7d057c
05135,6.48%, 51.89%, 45.41%,-,-,2.700000000000003%,840673
05137,11.93%, 53.97%, 42.04%,-, 2.02%,3.990000000000009%,890a6b
05139,15.29%, 55.40%, 40.11%,-,-,4.490000000000009%,8d0b66
05141,4.05%, 49.90%, 45.85%,-, 2.19%,4.25%,7f0a74
05143,13.23%, 54.86%, 41.64%,-, 2.35%,3.5%,8b086a
05145,21.80%, 59.46%, 37.66%,-,-,2.8799999999999955%,970760
05147,30.22%, 33.87%, 64.09%,-,-,2.039999999999992%,5605a3
05149,2.48%, 49.75%, 47.26%,-,-,2.990000000000009%,7e0778
06001,45.23%, 24.13%, 69.36%,-, 5.56%,6.510000000000005%,3d10b0
06003,2.73%, 47.95%, 45.22%,-, 4.27%,6.829999999999998%,7a1173
06005,18.49%, 56.69%, 38.19%,-, 3.78%,5.1200000000000045%,900d61
06007,17.02%, 54.45%, 37.43%,-, 6.84%,8.120000000000005%,8a145f
06009,18.57%, 56.15%, 37.58%,-, 4.57%,6.27000000000001%,8f0f5f
06011,33.70%, 64.92%, 31.22%,-, 2.70%,3.8599999999999994%,a5094f
06013,21.75%, 37.06%, 58.81%,-, 3.43%,4.1299999999999955%,5e0a95
06015,16.99%, 54.57%, 37.58%,-, 5.85%,7.849999999999994%,8b145f
06017,21.94%, 58.29%, 36.35%,-, 4.18%,5.359999999999999%,940d5c
06019,10.09%, 53.14%, 43.05%,-, 2.96%,3.8100000000000023%,87096d
06021,37.85%, 66.53%, 28.68%,-, 3.08%,4.789999999999992%,a90c49
06023,2.92%, 41.48%, 44.40%,-, 12.68%,14.120000000000005%,692471
06025,10.25%, 43.28%, 53.53%,-, 2.10%,3.1899999999999977%,6e0888
06027,26.37%, 60.31%, 33.93%,-, 4.40%,5.759999999999991%,990e56
06029,24.50%, 60.70%, 36.20%,-,-,3.0999999999999943%,9a075c
06031,18.83%, 57.80%, 38.97%,-, 2.00%,3.230000000000004%,930863
06033,9.65%, 41.58%, 51.23%,-, 6.05%,7.189999999999998%,6a1282
06035,38.71%, 66.88%, 28.17%,-, 3.20%,4.950000000000003%,aa0c47
06037,31.11%, 32.35%, 63.47%,-, 3.11%,4.180000000000007%,520aa1
06039,25.85%, 60.74%, 34.89%,-, 3.23%,4.3700000000000045%,9a0b58
06041,35.94%, 28.32%, 64.26%,-, 6.73%,7.4199999999999875%,4812a3
06043,23.67%, 58.55%, 34.88%,-, 4.69%,6.569999999999993%,951058
06045,12.68%, 35.66%, 48.34%,-, 14.68%,16.0%,5a287b
06047,6.70%, 51.77%, 45.08%,-, 2.31%,3.1500000000000057%,840872
06049,49.28%, 72.29%, 23.01%,-, 2.97%,4.699999999999989%,b80b3a
06051,11.62%, 52.53%, 40.91%,-, 5.26%,6.560000000000002%,851068
06053,20.30%, 37.23%, 57.53%,-, 4.30%,5.240000000000009%,5e0d92
06055,14.43%, 39.89%, 54.32%,-, 4.78%,5.789999999999992%,650e8a
06057,17.54%, 54.76%, 37.22%,-, 6.92%,8.02000000000001%,8b145e
06059,15.40%, 55.75%, 40.36%,-, 2.76%,3.8900000000000006%,8e0966
06061,23.25%, 59.28%, 36.04%,-, 3.78%,4.680000000000007%,970b5b
06063,27.74%, 60.98%, 33.25%,-, 4.38%,5.77000000000001%,9b0e54
06065,6.51%, 51.42%, 44.90%,-, 2.59%,3.680000000000007%,830972
06067,3.98%, 45.33%, 49.31%,-, 4.09%,5.359999999999999%,730d7d
06069,12.57%, 41.68%, 54.25%,-, 3.18%,4.069999999999993%,6a0a8a
06071,1.54%, 48.75%, 47.21%,-, 2.59%,4.039999999999992%,7c0a78
06073,3.97%, 49.63%, 45.66%,-, 3.54%,4.710000000000008%,7e0c74
06075,59.44%, 16.10%, 75.54%,-, 7.76%,8.359999999999985%,2915c0
06077,1.19%, 48.90%, 47.70%,-, 2.51%,3.4000000000000057%,7c0879
06079,11.33%, 52.22%, 40.89%,-, 5.99%,6.890000000000001%,851168
06081,33.33%, 30.95%, 64.29%,-, 4.02%,4.759999999999991%,4e0ca3
06083,1.24%, 46.13%, 47.37%,-, 5.59%,6.5%,751078
06085,26.22%, 34.44%, 60.66%,-, 3.48%,4.900000000000006%,570c9a
06087,34.14%, 27.34%, 61.48%,-, 10.01%,11.180000000000007%,451c9c
06089,34.79%, 65.04%, 30.25%,-, 3.20%,4.709999999999994%,a50c4d
06091,34.22%, 63.45%, 29.24%,-, 4.66%,7.310000000000002%,a1124a
06093,29.64%, 61.55%, 31.90%,-, 4.40%,6.550000000000011%,9c1051
06095,17.85%, 39.17%, 57.02%,-, 2.94%,3.8100000000000023%,630991
06097,27.29%, 32.25%, 59.54%,-, 7.27%,8.210000000000008%,521497
06099,8.37%, 52.38%, 44.01%,-, 2.65%,3.6099999999999994%,850970
06101,33.63%, 65.31%, 31.68%,-, 2.24%,3.009999999999991%,a60750
06103,32.43%, 63.63%, 31.20%,-, 3.34%,5.170000000000002%,a20d4f
06105,24.29%, 57.62%, 33.33%,-, 6.83%,9.050000000000011%,921754
06107,23.45%, 60.20%, 36.75%,-, 2.04%,3.049999999999997%,99075d
06109,16.07%, 55.51%, 39.44%,-, 4.00%,5.050000000000011%,8d0c64
06111,1.03%, 48.17%, 47.14%,-, 3.62%,4.689999999999998%,7a0b78
06113,17.40%, 37.53%, 54.93%,-, 6.69%,7.539999999999992%,5f138c
06115,26.61%, 61.00%, 34.39%,-, 3.14%,4.609999999999999%,9b0b57
08001,6.09%, 44.10%, 50.19%,-, 3.86%,5.710000000000008%,700e7f
08003,7.10%, 50.49%, 43.38%,-, 4.68%,6.1299999999999955%,800f6e
08005,7.98%, 51.47%, 43.49%,-, 3.66%,5.039999999999992%,830c6e
08007,32.70%, 62.80%, 30.10%,-, 5.57%,7.099999999999994%,a0124c
08009,49.69%, 73.00%, 23.31%,-, 2.06%,3.6899999999999977%,ba093b
08011,15.94%, 55.83%, 39.89%,-, 2.24%,4.280000000000001%,8e0a65
08013,13.69%, 36.44%, 50.12%,-, 11.82%,13.439999999999998%,5c227f
08014,0%,-,-,-,-,0,000000
08015,20.13%, 56.50%, 36.37%,-, 6.03%,7.1299999999999955%,90125c
08017,61.72%, 78.96%, 17.24%,-,-,3.8000000000000114%,c9092b
08019,1.20%, 45.63%, 44.44%,-, 7.19%,9.930000000000007%,741971
08021,0.63%, 48.27%, 47.64%,-, 2.15%,4.090000000000003%,7b0a79
08023,33.37%, 30.58%, 63.96%,-, 4.31%,5.460000000000008%,4d0da3
08025,23.81%, 59.17%, 35.36%,-,-,5.469999999999999%,960d5a
08027,44.72%, 68.74%, 24.02%,-, 4.74%,7.240000000000009%,af123d
08029,40.26%, 65.99%, 25.73%,-, 6.72%,8.280000000000001%,a81541
08031,30.99%, 30.87%, 61.86%,-, 5.86%,7.269999999999996%,4e129d
08033,39.51%, 65.34%, 25.84%,-, 6.44%,8.819999999999993%,a61641
08035,33.55%, 64.95%, 31.40%,-, 2.59%,3.6500000000000057%,a50950
08037,2.59%, 47.18%, 44.59%,-, 6.88%,8.22999999999999%,781471
08039,42.67%, 68.61%, 25.95%,-, 3.26%,5.439999999999998%,ae0d42
08041,33.12%, 63.91%, 30.78%,-, 3.54%,5.310000000000002%,a20d4e
08043,28.78%, 61.75%, 32.97%,-, 3.21%,5.280000000000001%,9d0d54
08045,17.63%, 53.22%, 35.59%,-, 9.40%,11.189999999999998%,871c5a
08047,3.77%, 40.81%, 44.58%,-, 11.20%,14.61%,682571
08049,19.86%, 56.19%, 36.33%,-, 5.76%,7.480000000000004%,8f135c
08051,0.95%, 43.23%, 42.27%,-, 12.81%,14.5%,6e246b
08053,22.61%, 55.83%, 33.22%,-, 9.01%,10.950000000000003%,8e1b54
08055,0.91%, 46.19%, 47.10%,-, 5.32%,6.710000000000008%,751178
08057,55.03%, 73.73%, 18.70%,-, 4.32%,7.569999999999993%,bc132f
08059,8.14%, 51.02%, 42.88%,-, 4.39%,6.099999999999994%,820f6d
08061,53.41%, 75.21%, 21.80%,-,-,2.990000000000009%,bf0737
08063,50.12%, 73.51%, 23.40%,-,-,3.0900000000000034%,bb073b
08065,9.13%, 40.18%, 49.32%,-, 8.11%,10.5%,661a7d
08067,10.39%, 48.77%, 38.38%,-, 11.61%,12.849999999999994%,7c2061
08069,13.81%, 52.67%, 38.85%,-, 6.91%,8.47999999999999%,861563
08071,11.06%, 42.16%, 53.22%,-, 3.27%,4.6200000000000045%,6b0b87
08073,50.93%, 74.12%, 23.19%,-,-,2.6899999999999977%,bd063b
08075,39.96%, 68.32%, 28.36%,-,-,3.3200000000000074%,ae0848
08077,33.16%, 63.45%, 30.29%,-, 4.38%,6.259999999999991%,a10f4d
08079,25.93%, 60.49%, 34.57%,-, 3.91%,4.939999999999998%,9a0c58
08081,49.04%, 71.95%, 22.92%,-, 3.17%,5.1299999999999955%,b70d3a
08083,38.38%, 65.62%, 27.24%,-, 5.65%,7.140000000000001%,a71245
08085,36.76%, 65.18%, 28.43%,-, 4.61%,6.389999999999986%,a61048
08087,31.53%, 63.59%, 32.06%,-, 2.34%,4.349999999999994%,a20b51
08089,15.30%, 55.83%, 40.52%,-,-,3.6500000000000057%,8e0967
08091,25.71%, 57.28%, 31.57%,-, 10.03%,11.150000000000006%,921c50
08093,19.26%, 55.17%, 35.90%,-, 6.06%,8.930000000000007%,8c165b
08095,45.45%, 70.86%, 25.41%,-, 2.16%,3.730000000000004%,b40940
08097,20.15%, 32.88%, 53.04%,-, 12.99%,14.079999999999998%,532387
08099,36.80%, 66.89%, 30.08%,-,-,3.030000000000001%,aa074c
08101,11.24%, 42.31%, 53.55%,-, 2.82%,4.140000000000001%,6b0a88
08103,57.51%, 76.53%, 19.02%,-, 2.98%,4.450000000000003%,c30b30
08105,27.67%, 61.30%, 33.64%,-, 3.53%,5.060000000000002%,9c0c55
08107,2.74%, 46.40%, 43.66%,-, 8.51%,9.939999999999998%,76196f
08109,2.65%, 42.63%, 45.27%,-, 10.32%,12.099999999999994%,6c1e73
08111,13.99%, 48.17%, 34.17%,-, 13.30%,17.659999999999997%,7a2d57
08113,17.05%, 32.04%, 49.09%,-, 17.20%,18.870000000000005%,51307d
08115,37.84%, 67.31%, 29.47%,-,-,3.219999999999999%,ab084b
08117,7.29%, 40.63%, 47.92%,-, 10.22%,11.449999999999989%,671d7a
08119,37.85%, 65.78%, 27.93%,-, 4.36%,6.289999999999992%,a71047
08121,57.30%, 76.81%, 19.51%,-, 2.04%,3.6799999999999926%,c30931
08123,21.65%, 57.96%, 36.31%,-, 3.78%,5.72999999999999%,930e5c
08125,47.59%, 72.42%, 24.83%,-,-,2.75%,b8073f
09001,9.21%, 43.12%, 52.33%,-, 3.42%,4.550000000000011%,6d0b85
09003,25.49%, 34.68%, 60.17%,-, 3.87%,5.150000000000006%,580d99
09005,3.02%, 44.85%, 47.87%,-, 6.20%,7.280000000000001%,72127a
09007,18.11%, 37.83%, 55.94%,-, 5.22%,6.230000000000004%,600f8e
09009,21.99%, 36.04%, 58.03%,-, 4.56%,5.930000000000007%,5b0f93
09011,17.67%, 37.72%, 55.38%,-, 5.70%,6.900000000000006%,60118d
09013,14.11%, 39.40%, 53.52%,-, 5.92%,7.079999999999998%,641288
09015,16.64%, 38.00%, 54.64%,-, 5.97%,7.359999999999999%,60128b
10001,2.68%, 49.90%, 47.23%,-, 2.24%,2.8700000000000045%,7f0778
10003,22.98%, 36.88%, 59.86%,-, 2.71%,3.259999999999991%,5e0898
10005,7.36%, 52.23%, 44.86%,-, 2.20%,2.9099999999999966%,850772
11001,76.20%, 8.95%, 85.16%,-, 5.24%,5.890000000000001%,160fd9
12001,15.44%, 39.80%, 55.25%,-, 3.76%,4.950000000000003%,650c8c
12003,39.47%, 68.80%, 29.33%,-,-,1.8700000000000045%,af044a
12005,33.65%, 65.70%, 32.06%,-,-,2.239999999999995%,a70551
12007,26.99%, 62.43%, 35.45%,-,-,2.1200000000000045%,9f055a
12009,8.20%, 52.75%, 44.55%,-, 2.05%,2.700000000000003%,860671
12011,36.48%, 30.93%, 67.41%,-,-,1.6599999999999966%,4e04ab
12013,13.86%, 55.52%, 41.66%,-,-,2.819999999999993%,8d076a
12015,8.64%, 52.96%, 44.31%,-, 2.19%,2.7299999999999898%,870670
12017,7.46%, 52.06%, 44.60%,-, 2.42%,3.3400000000000034%,840871
12019,47.32%, 72.80%, 25.48%,-,-,1.7199999999999989%,b90440
12021,33.11%, 65.58%, 32.47%,-,-,1.9500000000000028%,a70452
12023,21.17%, 59.24%, 38.07%,-,-,2.6899999999999977%,970661
12027,11.97%, 54.48%, 42.51%,-, 2.01%,3.010000000000005%,8a076c
12029,18.64%, 57.79%, 39.15%,-,-,3.0600000000000023%,930763
12031,16.75%, 57.49%, 40.74%,-,-,1.769999999999996%,920467
12033,27.54%, 62.62%, 35.08%,-,-,2.3000000000000114%,9f0559
12035,4.72%, 46.53%, 51.25%,-,-,2.219999999999999%,760582
12037,8.76%, 52.83%, 44.07%,-,-,3.0999999999999943%,860770
12039,33.71%, 32.38%, 66.09%,-,-,1.5300000000000011%,5203a8
12041,25.76%, 61.17%, 35.40%,-,-,3.430000000000007%,9b085a
12043,11.86%, 54.71%, 42.85%,-,-,2.4399999999999977%,8b066d
12045,18.79%, 57.79%, 39.00%,-,-,3.210000000000008%,930863
12047,10.69%, 54.14%, 43.44%,-,-,2.4200000000000017%,8a066e
12049,22.82%, 60.38%, 37.56%,-,-,2.0600000000000023%,99055f
12051,18.52%, 58.32%, 39.81%,-,-,1.8700000000000045%,940465
12053,3.05%, 47.00%, 50.05%,-, 2.30%,2.950000000000003%,77077f
12055,17.18%, 57.48%, 40.31%,-,-,2.210000000000008%,920566
12057,3.11%, 50.17%, 47.06%,-, 2.08%,2.769999999999996%,7f0778
12059,38.33%, 67.77%, 29.43%,-,-,2.8000000000000114%,ac074b
12061,17.87%, 57.71%, 39.84%,-,-,2.4499999999999886%,930665
12063,13.92%, 56.06%, 42.14%,-,-,1.7999999999999972%,8e046b
12065,9.98%, 43.91%, 53.89%,-,-,2.200000000000003%,6f0589
12067,35.17%, 66.67%, 31.50%,-,-,1.8299999999999983%,aa0450
12069,15.17%, 56.44%, 41.27%,-,-,2.289999999999992%,8f0569
12071,17.67%, 57.57%, 39.90%,-,-,2.530000000000001%,920665
12073,21.69%, 37.88%, 59.57%,-,-,2.549999999999997%,600697
12075,11.51%, 53.91%, 42.40%,-, 2.24%,3.6899999999999977%,89096c
12077,12.45%, 54.65%, 42.20%,-,-,3.1500000000000057%,8b086b
12079,0.37%, 49.29%, 48.92%,-,-,1.789999999999992%,7d047c
12081,7.97%, 52.58%, 44.61%,-, 2.26%,2.8100000000000023%,860771
12083,10.17%, 53.55%, 43.39%,-,-,3.0600000000000023%,88076e
12085,11.85%, 54.78%, 42.93%,-,-,2.289999999999992%,8b056d
12086,6.28%, 46.29%, 52.57%,-,-,1.1400000000000006%,760286
12087,1.25%, 47.39%, 48.64%,-, 3.22%,3.969999999999999%,780a7c
12089,39.74%, 68.98%, 29.24%,-,-,1.7800000000000011%,af044a
12091,49.70%, 73.69%, 23.99%,-,-,2.3200000000000074%,bb053d
12093,4.75%, 51.32%, 46.57%,-,-,2.1099999999999994%,820576
12095,2.04%, 48.02%, 50.06%,-,-,1.9199999999999875%,7a047f
12097,3.50%, 47.11%, 50.61%,-,-,2.280000000000001%,780581
12099,26.96%, 35.31%, 62.27%,-,-,2.4199999999999875%,5a069e
12101,0.68%, 48.05%, 48.73%,-, 2.38%,3.219999999999999%,7a087c
12103,3.97%, 46.38%, 50.35%,-, 2.52%,3.269999999999996%,760880
12105,8.96%, 53.56%, 44.60%,-,-,1.8400000000000034%,880471
12107,5.15%, 51.29%, 46.14%,-,-,2.569999999999993%,820675
12109,33.00%, 65.10%, 32.10%,-, 2.00%,2.8000000000000114%,a60751
12111,8.79%, 44.50%, 53.29%,-,-,2.210000000000008%,710587
12113,46.67%, 72.10%, 25.43%,-,-,2.469999999999999%,b70640
12115,6.37%, 51.63%, 45.27%,-, 2.53%,3.0999999999999943%,830773
12117,12.02%, 55.00%, 42.98%,-,-,2.0200000000000102%,8c056d
12119,11.19%, 54.48%, 43.29%,-,-,2.230000000000004%,8a056e
12121,31.56%, 64.27%, 32.71%,-,-,3.0200000000000102%,a30753
12123,20.69%, 59.59%, 38.90%,-,-,1.509999999999991%,970363
12125,24.18%, 60.95%, 36.77%,-,-,2.280000000000001%,9b055d
12127,8.14%, 44.84%, 52.98%,-,-,2.180000000000007%,720587
12129,7.85%, 52.54%, 44.70%,-,-,2.759999999999991%,850771
12131,35.71%, 66.51%, 30.80%,-,-,2.6899999999999977%,a9064e
12133,27.37%, 62.24%, 34.86%,-,-,2.9000000000000057%,9e0758
13001,30.28%, 64.60%, 34.32%,-,-,1.0800000000000125%,a40257
13003,19.65%, 59.30%, 39.64%,-,-,1.0600000000000023%,970265
13005,35.19%, 67.11%, 31.92%,-,-,0.9699999999999989%,ab0251
13007,18.30%, 40.49%, 58.79%,-,-,0.7199999999999989%,670195
13009,1.22%, 49.82%, 48.60%,-,-,1.5799999999999983%,7f047b
13011,43.72%, 70.64%, 26.91%,-,-,2.450000000000003%,b40644
13013,35.27%, 65.49%, 30.22%,-,-,4.290000000000006%,a60a4d
13015,31.66%, 64.62%, 32.96%,-,-,2.4199999999999875%,a40654
13017,3.15%, 51.08%, 47.93%,-,-,0.9900000000000091%,82027a
13019,24.44%, 61.63%, 37.19%,-,-,1.1800000000000068%,9d035e
13021,1.86%, 48.36%, 50.22%,-,-,1.4200000000000017%,7b0380
13023,31.02%, 64.98%, 33.96%,-,-,1.0600000000000023%,a50256
13025,38.24%, 68.29%, 30.05%,-,-,1.6599999999999966%,ae044c
13027,6.81%, 52.87%, 46.06%,-,-,1.0699999999999932%,860275
13029,37.72%, 68.49%, 30.77%,-,-,0.7400000000000091%,ae014e
13031,23.20%, 60.82%, 37.62%,-,-,1.5600000000000023%,9b035f
13033,4.75%, 47.39%, 52.14%,-,-,0.46999999999999886%,780184
13035,16.27%, 56.75%, 40.48%,-,-,2.7700000000000102%,900767
13037,17.97%, 40.70%, 58.66%,-,-,0.6400000000000006%,670195
13039,27.03%, 62.96%, 35.93%,-,-,1.1099999999999994%,a0025b
13043,21.68%, 60.36%, 38.68%,-,-,0.960000000000008%,990262
13045,29.42%, 63.42%, 34.00%,-,-,2.5799999999999983%,a10656
13047,37.04%, 67.90%, 30.87%,-,-,1.2299999999999898%,ad034e
13049,26.81%, 62.86%, 36.04%,-,-,1.0999999999999943%,a0025b
13051,0.34%, 49.49%, 49.15%,-,-,1.3599999999999994%,7e037d
13053,0.83%, 48.88%, 49.71%,-,-,1.4099999999999966%,7c037e
13055,14.07%, 56.20%, 42.13%,-,-,1.6699999999999875%,8f046b
13057,49.17%, 72.65%, 23.49%,-,-,3.8599999999999994%,b9093b
13059,11.48%, 41.00%, 52.47%,-, 4.31%,6.530000000000001%,681085
13061,29.21%, 35.08%, 64.29%,-,-,0.6299999999999955%,5901a3
13063,32.70%, 32.52%, 65.21%,-,-,2.2700000000000102%,5205a6
13065,14.26%, 56.56%, 42.30%,-,-,1.1400000000000006%,90026b
13067,22.90%, 59.78%, 36.88%,-,-,3.3400000000000034%,98085e
13069,22.94%, 61.04%, 38.10%,-,-,0.8599999999999994%,9b0261
13071,33.01%, 66.08%, 33.06%,-,-,0.8599999999999994%,a80254
13073,49.13%, 74.04%, 24.91%,-,-,1.0499999999999972%,bc023f
13075,16.23%, 57.78%, 41.56%,-,-,0.6599999999999966%,930169
13077,39.30%, 68.30%, 29.00%,-,-,2.700000000000003%,ae0649
13079,13.29%, 55.71%, 42.42%,-,-,1.8700000000000045%,8e046c
13081,18.13%, 58.57%, 40.44%,-,-,0.9900000000000091%,950267
13083,33.77%, 66.01%, 32.24%,-,-,1.75%,a80452
13085,46.66%, 71.38%, 24.72%,-,-,3.9000000000000057%,b6093f
13087,10.32%, 54.75%, 44.43%,-,-,0.8199999999999932%,8b0271
13089,43.50%, 26.73%, 70.24%,-,-,3.030000000000001%,4407b3
13091,19.50%, 59.08%, 39.58%,-,-,1.3400000000000034%,960364
13093,8.89%, 45.11%, 54.01%,-,-,0.8799999999999955%,730289
13095,15.15%, 42.14%, 57.29%,-,-,0.5699999999999932%,6b0192
13097,24.97%, 61.02%, 36.05%,-,-,2.930000000000007%,9b075b
13099,8.81%, 54.06%, 45.24%,-,-,0.6999999999999886%,890173
13101,38.08%, 68.37%, 30.29%,-,-,1.3400000000000034%,ae034d
13103,38.44%, 68.79%, 30.35%,-,-,0.8599999999999852%,af024d
13105,12.56%, 55.73%, 43.17%,-,-,1.0999999999999943%,8e026e
13107,8.11%, 53.38%, 45.27%,-,-,1.3499999999999943%,880373
13109,20.26%, 59.77%, 39.51%,-,-,0.7199999999999989%,980164
13111,32.50%, 65.11%, 32.61%,-,-,2.280000000000001%,a60553
13113,41.05%, 69.11%, 28.06%,-,-,2.8299999999999983%,b00747
13115,22.04%, 60.37%, 38.33%,-,-,1.3000000000000114%,990361
13117,58.94%, 77.66%, 18.72%,-,-,3.6200000000000045%,c6092f
13119,28.10%, 63.50%, 35.40%,-,-,1.0999999999999943%,a1025a
13121,17.92%, 39.84%, 57.76%,-,-,2.4000000000000057%,650693
13123,36.78%, 67.04%, 30.26%,-,-,2.6999999999999886%,aa064d
13125,50.39%, 74.80%, 24.41%,-,-,0.7900000000000063%,be023e
13127,29.34%, 64.09%, 34.75%,-,-,1.1599999999999966%,a30258
13129,32.05%, 65.09%, 33.04%,-,-,1.8700000000000045%,a50454
13131,17.50%, 58.09%, 40.59%,-,-,1.3199999999999932%,940367
13133,16.22%, 57.34%, 41.12%,-,-,1.539999999999992%,920368
13135,31.56%, 63.71%, 32.15%,-,-,4.140000000000001%,a20a51
13137,45.75%, 71.86%, 26.11%,-,-,2.030000000000001%,b70542
13139,43.47%, 70.36%, 26.89%,-,-,2.75%,b30744
13141,56.77%, 21.45%, 78.22%,-,-,0.3299999999999983%,3600c7
13143,27.97%, 63.10%, 35.13%,-,-,1.769999999999996%,a00459
13145,30.86%, 64.87%, 34.01%,-,-,1.1200000000000045%,a50256
13147,13.93%, 56.29%, 42.36%,-,-,1.3499999999999943%,8f036c
13149,24.05%, 60.88%, 36.84%,-,-,2.280000000000001%,9b055d
13151,35.62%, 66.42%, 30.80%,-,-,2.780000000000001%,a9074e
13153,26.69%, 62.65%, 35.96%,-,-,1.3900000000000006%,9f035b
13155,21.56%, 60.31%, 38.74%,-,-,0.9499999999999886%,990262
13157,38.32%, 67.71%, 29.39%,-,-,2.9000000000000057%,ac074a
13159,18.77%, 58.28%, 39.51%,-,-,2.210000000000008%,940564
13161,33.59%, 66.26%, 32.67%,-,-,1.0699999999999932%,a80253
13163,7.44%, 45.98%, 53.41%,-,-,0.6100000000000136%,750188
13165,2.58%, 50.79%, 48.21%,-,-,1.0%,81027a
13167,25.39%, 62.33%, 36.94%,-,-,0.730000000000004%,9e015e
13169,21.67%, 60.11%, 38.45%,-,-,1.4399999999999977%,990362
13171,13.73%, 55.68%, 41.95%,-,-,2.3700000000000045%,8d066a
13173,11.34%, 55.04%, 43.70%,-,-,1.259999999999991%,8c036f
13175,17.16%, 57.94%, 40.78%,-,-,1.2800000000000011%,930367
13177,49.92%, 74.48%, 24.56%,-,-,0.9599999999999937%,bd023e
13179,8.95%, 44.68%, 53.62%,-,-,1.7000000000000028%,710488
13181,17.14%, 58.23%, 41.09%,-,-,0.6800000000000068%,940168
13183,14.91%, 57.04%, 42.13%,-,-,0.8299999999999983%,91026b
13185,15.12%, 56.87%, 41.74%,-,-,1.3900000000000006%,91036a
13187,34.16%, 65.59%, 31.42%,-,-,2.989999999999995%,a70750
13189,20.55%, 59.94%, 39.39%,-,-,0.6700000000000017%,980164
13191,7.32%, 46.03%, 53.35%,-,-,0.6200000000000045%,750188
13193,27.35%, 35.96%, 63.31%,-,-,0.7299999999999898%,5b01a1
13195,40.59%, 69.17%, 28.59%,-,-,2.239999999999995%,b00548
13197,9.39%, 54.35%, 44.96%,-,-,0.6899999999999977%,8a0172
13199,4.16%, 47.13%, 51.29%,-,-,1.5799999999999983%,780482
13201,26.33%, 62.74%, 36.42%,-,-,0.8400000000000034%,9f025c
13205,3.12%, 48.11%, 51.23%,-,-,0.6599999999999966%,7a0182
13207,22.84%, 60.48%, 37.65%,-,-,1.8700000000000045%,9a0460
13209,18.02%, 58.39%, 40.37%,-,-,1.240000000000009%,940366
13211,21.79%, 59.71%, 37.92%,-,-,2.3700000000000045%,980660
13213,34.10%, 66.16%, 32.06%,-,-,1.7800000000000011%,a80451
13215,9.04%, 45.01%, 54.05%,-,-,0.9399999999999977%,720289
13217,24.08%, 60.56%, 36.48%,-,-,2.960000000000008%,9a075d
13219,39.64%, 68.15%, 28.51%,-,-,3.339999999999989%,ad0848
13221,27.07%, 61.71%, 34.64%,-,-,3.6500000000000057%,9d0958
13223,41.79%, 69.58%, 27.79%,-,-,2.6299999999999955%,b10646
13225,0.21%, 49.39%, 49.60%,-,-,1.009999999999991%,7d027e
13227,36.57%, 66.92%, 30.35%,-,-,2.7299999999999898%,aa064d
13229,43.75%, 71.52%, 27.77%,-,-,0.710000000000008%,b60146
13231,39.82%, 68.74%, 28.93%,-,-,2.3300000000000125%,af0549
13233,17.09%, 57.74%, 40.65%,-,-,1.6099999999999994%,930467
13235,15.90%, 57.44%, 41.54%,-,-,1.0200000000000102%,920269
13237,15.62%, 57.09%, 41.47%,-,-,1.4399999999999977%,910369
13239,21.46%, 38.50%, 59.96%,-,-,1.539999999999992%,620398
13241,31.36%, 64.61%, 33.25%,-,-,2.1400000000000006%,a40554
13243,8.06%, 45.70%, 53.76%,-,-,0.539999999999992%,740189
13245,10.30%, 44.29%, 54.60%,-,-,1.1099999999999994%,70028b
13247,28.99%, 62.64%, 33.65%,-,-,3.710000000000008%,9f0955
13249,20.92%, 60.03%, 39.12%,-,-,0.8499999999999943%,990263
13251,4.83%, 52.15%, 47.32%,-,-,0.5300000000000011%,840178
13253,7.79%, 53.42%, 45.64%,-,-,0.9399999999999977%,880274
13255,22.35%, 60.24%, 37.89%,-,-,1.8700000000000045%,990460
13257,29.86%, 64.11%, 34.25%,-,-,1.6400000000000006%,a30457
13259,30.30%, 34.54%, 64.84%,-,-,0.6200000000000045%,5801a5
13261,1.02%, 49.98%, 48.96%,-,-,1.0600000000000023%,7f027c
13263,32.32%, 33.35%, 65.67%,-,-,0.9799999999999898%,5502a7
13265,34.25%, 32.57%, 66.83%,-,-,0.5999999999999943%,5301aa
13267,29.13%, 64.12%, 34.99%,-,-,0.8899999999999864%,a30259
13269,2.59%, 50.79%, 48.20%,-,-,1.009999999999991%,81027a
13271,2.40%, 48.47%, 50.87%,-,-,0.6599999999999966%,7b0181
13273,2.57%, 48.31%, 50.88%,-,-,0.8100000000000023%,7b0281
13275,18.50%, 58.82%, 40.32%,-,-,0.8599999999999994%,950266
13277,30.32%, 64.66%, 34.34%,-,-,1.0%,a40257
13279,25.58%, 62.23%, 36.66%,-,-,1.1100000000000136%,9e025d
13281,31.29%, 64.53%, 33.24%,-,-,2.2299999999999898%,a40554
13283,9.32%, 54.10%, 44.78%,-,-,1.1200000000000045%,890272
13285,27.07%, 62.90%, 35.83%,-,-,1.2700000000000102%,a0035b
13287,3.62%, 51.22%, 47.60%,-,-,1.1800000000000068%,820379
13289,11.26%, 43.43%, 54.69%,-,-,1.8799999999999955%,6e048b
13291,33.60%, 65.66%, 32.06%,-,-,2.280000000000001%,a70551
13293,22.47%, 60.60%, 38.13%,-,-,1.269999999999996%,9a0361
13295,31.68%, 65.23%, 33.56%,-,-,1.2099999999999937%,a60355
13297,39.21%, 67.95%, 28.74%,-,-,3.3100000000000023%,ad0849
13299,27.20%, 63.35%, 36.14%,-,-,0.5099999999999909%,a1015c
13301,12.26%, 43.50%, 55.76%,-,-,0.7400000000000091%,6e018e
13303,4.69%, 47.26%, 51.95%,-,-,0.789999999999992%,780284
13305,31.02%, 65.20%, 34.18%,-,-,0.6200000000000045%,a60157
13307,20.02%, 39.49%, 59.52%,-,-,0.9899999999999949%,640297
13309,3.87%, 51.62%, 47.75%,-,-,0.6299999999999955%,830179
13311,40.37%, 68.96%, 28.60%,-,-,2.4399999999999977%,af0648
13313,37.84%, 68.03%, 30.19%,-,-,1.7800000000000011%,ad044c
13315,17.72%, 58.39%, 40.68%,-,-,0.9300000000000068%,940267
13317,2.58%, 50.77%, 48.19%,-,-,1.039999999999992%,81027a
13319,2.25%, 48.13%, 50.37%,-,-,1.5%,7a0380
13321,26.04%, 62.56%, 36.53%,-,-,0.9099999999999966%,9f025d
15001,22.85%, 33.52%, 56.37%,-, 9.05%,10.11%,55198f
15003,14.96%, 39.58%, 54.54%,-, 5.09%,5.8799999999999955%,640e8b
15005,0%,-,-,-,-,0,000000
15007,31.63%, 30.23%, 61.87%,-, 6.77%,7.900000000000006%,4d149d
15009,27.03%, 32.81%, 59.83%,-, 6.37%,7.359999999999999%,531298
16001,27.86%, 60.78%, 32.92%,-, 3.92%,6.299999999999997%,9a1053
16003,59.72%, 77.32%, 17.60%,-, 2.15%,5.0800000000000125%,c50c2c
16005,23.76%, 59.07%, 35.30%,-, 2.98%,5.6299999999999955%,960e5a
16007,61.37%, 79.20%, 17.83%,-,-,2.969999999999999%,c9072d
16009,46.41%, 70.68%, 24.27%,-,-,5.049999999999997%,b40c3d
16011,50.59%, 73.47%, 22.88%,-,-,3.6500000000000057%,bb093a
16013,2.77%, 44.44%, 47.22%,-, 5.39%,8.340000000000003%,711578
16015,41.70%, 66.09%, 24.39%,-, 4.03%,9.519999999999996%,a8183e
16017,31.83%, 61.53%, 29.70%,-, 6.14%,8.769999999999996%,9c164b
16019,52.91%, 74.47%, 21.56%,-,-,3.969999999999999%,bd0a36
16021,50.59%, 72.01%, 21.42%,-, 3.40%,6.569999999999993%,b71036
16023,47.95%, 72.19%, 24.25%,-,-,3.5600000000000023%,b8093d
16025,48.52%, 70.81%, 22.29%,-,-,6.900000000000006%,b41138
16027,46.45%, 71.07%, 24.62%,-,-,4.310000000000002%,b50a3e
16029,66.92%, 81.87%, 14.95%,-,-,3.1799999999999926%,d00826
16031,67.26%, 82.20%, 14.93%,-,-,2.8700000000000045%,d10726
16033,64.92%, 81.41%, 16.49%,-,-,2.1000000000000085%,cf052a
16035,52.46%, 74.05%, 21.59%,-,-,4.359999999999999%,bc0b37
16037,59.14%, 77.00%, 17.85%,-,-,5.150000000000006%,c40d2d
16039,43.80%, 70.21%, 26.41%,-,-,3.3800000000000097%,b30843
16041,72.61%, 84.70%, 12.09%,-,-,3.2099999999999937%,d7081e
16043,69.63%, 83.37%, 13.74%,-,-,2.8900000000000006%,d40723
16045,50.64%, 73.14%, 22.50%,-,-,4.359999999999999%,ba0b39
16047,44.17%, 69.68%, 25.51%,-,-,4.809999999999988%,b10c41
16049,61.98%, 77.91%, 15.93%,-,-,6.159999999999997%,c60f28
16051,68.66%, 82.70%, 14.04%,-,-,3.259999999999991%,d20823
16053,50.91%, 73.55%, 22.64%,-,-,3.8100000000000023%,bb0939
16055,33.49%, 64.28%, 30.79%,-, 2.47%,4.930000000000007%,a30c4e
16057,16.33%, 53.30%, 36.97%,-, 6.52%,9.730000000000004%,87185e
16059,60.40%, 78.52%, 18.13%,-,-,3.3500000000000085%,c8082e
16061,56.87%, 76.72%, 19.85%,-,-,3.430000000000007%,c30832
16063,38.88%, 66.65%, 27.76%,-,-,5.589999999999989%,a90e46
16065,79.43%, 88.53%, 9.10%,-,-,2.3700000000000045%,e10617
16067,54.66%, 75.28%, 20.62%,-,-,4.099999999999994%,bf0a34
16069,34.84%, 66.02%, 31.18%,-,-,2.8000000000000114%,a8074f
16071,62.24%, 79.31%, 17.07%,-,-,3.6200000000000045%,ca092b
16073,57.31%, 76.85%, 19.54%,-,-,3.6100000000000136%,c30931
16075,48.38%, 72.34%, 23.96%,-,-,3.6999999999999886%,b8093d
16077,41.23%, 69.10%, 27.87%,-,-,3.030000000000001%,b00747
16079,12.14%, 53.46%, 41.32%,-,-,5.219999999999999%,880d69
16081,38.38%, 65.33%, 26.96%,-, 5.65%,7.710000000000008%,a61344
16083,44.46%, 70.10%, 25.64%,-,-,4.260000000000005%,b20a41
16085,35.67%, 64.05%, 28.38%,-, 5.05%,7.570000000000007%,a31348
16087,47.15%, 71.23%, 24.08%,-,-,4.689999999999998%,b50b3d
17001,17.05%, 57.56%, 40.51%,-,-,1.9300000000000068%,920467
17003,19.12%, 39.48%, 58.60%,-,-,1.9200000000000017%,640495
17005,10.58%, 54.10%, 43.52%,-,-,2.3799999999999955%,89066e
17007,13.76%, 55.51%, 41.75%,-, 2.09%,2.740000000000009%,8d066a
17009,16.99%, 57.48%, 40.49%,-,-,2.030000000000001%,920567
17011,4.59%, 50.68%, 46.09%,-, 2.16%,3.2299999999999898%,810875
17013,3.11%, 47.23%, 50.35%,-,-,2.4200000000000017%,780680
17015,10.06%, 53.43%, 43.37%,-, 2.15%,3.200000000000003%,88086e
17017,3.03%, 50.31%, 47.28%,-,-,2.4099999999999966%,800678
17019,1.17%, 46.64%, 47.81%,-, 4.77%,5.549999999999997%,760e79
17021,5.00%, 51.03%, 46.03%,-,-,2.9399999999999977%,820775
17023,19.52%, 58.55%, 39.03%,-,-,2.4200000000000017%,950663
17025,25.70%, 61.76%, 36.06%,-,-,2.180000000000007%,9d055b
17027,13.95%, 55.67%, 41.72%,-,-,2.6099999999999994%,8d066a
17029,7.92%, 52.23%, 44.31%,-, 2.52%,3.460000000000008%,850870
17031,39.98%, 28.65%, 68.63%,-, 2.25%,2.719999999999999%,4906af
17033,19.31%, 58.52%, 39.21%,-,-,2.269999999999996%,950563
17035,21.99%, 59.58%, 37.59%,-,-,2.8299999999999983%,97075f
17037,7.04%, 51.57%, 44.53%,-, 3.11%,3.9000000000000057%,830971
17039,15.57%, 56.28%, 40.70%,-,-,3.019999999999996%,8f0767
17041,18.63%, 58.07%, 39.44%,-,-,2.490000000000009%,940664
17043,13.31%, 55.18%, 41.87%,-, 2.39%,2.950000000000003%,8c076a
17045,19.64%, 58.71%, 39.07%,-,-,2.219999999999999%,950563
17047,37.85%, 67.85%, 30.00%,-,-,2.1500000000000057%,ad054c
17049,38.87%, 68.04%, 29.17%,-,-,2.789999999999992%,ad074a
17051,14.07%, 55.69%, 41.61%,-,-,2.700000000000003%,8e066a
17053,29.24%, 63.20%, 33.97%,-,-,2.8299999999999983%,a10756
17055,8.91%, 44.19%, 53.10%,-,-,2.710000000000008%,700687
17057,12.31%, 42.61%, 54.92%,-,-,2.469999999999999%,6c068c
17059,8.07%, 44.72%, 52.78%,-,-,2.5%,720686
17061,11.08%, 54.26%, 43.18%,-,-,2.5600000000000023%,8a066e
17063,7.19%, 52.51%, 45.32%,-,-,2.1700000000000017%,850573
17065,12.56%, 54.92%, 42.36%,-,-,2.719999999999999%,8c066c
17067,9.06%, 52.98%, 43.92%,-,-,3.0999999999999943%,87076f
17069,6.90%, 51.80%, 44.90%,-,-,3.3000000000000114%,840872
17071,8.33%, 44.18%, 52.51%,-,-,3.3100000000000023%,700885
17073,4.37%, 46.43%, 50.79%,-,-,2.780000000000001%,760781
17075,31.94%, 64.70%, 32.75%,-,-,2.549999999999997%,a40653
17077,8.45%, 42.54%, 50.99%,-, 5.32%,6.469999999999999%,6c1082
17079,25.97%, 62.12%, 36.15%,-,-,1.730000000000004%,9e045c
17081,10.92%, 54.44%, 43.52%,-,-,2.039999999999992%,8a056e
17083,3.65%, 49.92%, 46.27%,-, 2.45%,3.8100000000000023%,7f0975
17085,6.97%, 51.39%, 44.42%,-, 3.04%,4.189999999999998%,830a71
17087,25.31%, 61.26%, 35.96%,-,-,2.780000000000001%,9c075b
17089,11.93%, 54.45%, 42.52%,-, 2.32%,3.030000000000001%,8a076c
17091,2.16%, 49.89%, 47.73%,-,-,2.3799999999999955%,7f0679
17093,23.03%, 60.12%, 37.09%,-, 2.11%,2.789999999999992%,99075e
17095,11.48%, 42.77%, 54.25%,-,-,2.9799999999999898%,6d078a
17097,2.45%, 49.96%, 47.51%,-,-,2.530000000000001%,7f0679
17099,4.52%, 46.25%, 50.76%,-, 2.16%,2.990000000000009%,750781
17101,11.74%, 54.64%, 42.90%,-,-,2.460000000000008%,8b066d
17103,13.39%, 55.19%, 41.80%,-, 2.19%,3.010000000000005%,8c076a
17105,21.78%, 59.57%, 37.80%,-,-,2.6299999999999955%,970660
17107,27.10%, 62.31%, 35.21%,-,-,2.4799999999999898%,9e0659
17109,2.96%, 49.68%, 46.73%,-, 2.80%,3.5900000000000034%,7e0977
17111,20.17%, 58.49%, 38.33%,-, 2.59%,3.180000000000007%,950861
17113,14.90%, 55.84%, 40.95%,-, 2.54%,3.2099999999999937%,8e0868
17115,0.87%, 48.14%, 49.02%,-,-,2.8400000000000034%,7a077d
17117,5.92%, 45.58%, 51.50%,-,-,2.9200000000000017%,740783
17119,9.23%, 43.94%, 53.17%,-, 2.12%,2.8900000000000006%,700787
17121,1.03%, 49.45%, 48.42%,-,-,2.1299999999999955%,7e057b
17123,9.73%, 53.24%, 43.51%,-, 2.27%,3.25%,87086e
17125,3.23%, 50.37%, 47.14%,-,-,2.490000000000009%,800678
17127,11.33%, 54.51%, 43.18%,-,-,2.3100000000000023%,8b056e
17129,27.38%, 62.27%, 34.89%,-, 2.18%,2.8400000000000034%,9e0758
17131,8.56%, 44.34%, 52.90%,-,-,2.759999999999991%,710786
17133,13.30%, 55.32%, 42.02%,-,-,2.6599999999999966%,8d066b
17135,2.41%, 47.55%, 49.97%,-,-,2.480000000000004%,79067f
17137,15.06%, 56.22%, 41.15%,-,-,2.6299999999999955%,8f0668
17139,9.24%, 53.41%, 44.17%,-,-,2.4200000000000017%,880670
17141,22.58%, 59.83%, 37.25%,-, 2.27%,2.9200000000000017%,98075e
17143,2.87%, 47.39%, 50.26%,-,-,2.3499999999999943%,780580
17145,0.60%, 48.30%, 48.90%,-,-,2.8000000000000114%,7b077c
17147,13.49%, 55.09%, 41.60%,-, 2.59%,3.3100000000000023%,8c086a
17149,18.59%, 58.01%, 39.42%,-,-,2.569999999999993%,930664
17151,17.98%, 57.77%, 39.79%,-,-,2.4399999999999977%,930665
17153,2.92%, 47.41%, 50.33%,-,-,2.260000000000005%,780580
17155,6.92%, 45.20%, 52.12%,-,-,2.680000000000007%,730684
17157,2.33%, 49.88%, 47.55%,-,-,2.569999999999993%,7f0679
17159,29.98%, 63.52%, 33.54%,-,-,2.9399999999999977%,a10755
17161,19.61%, 38.70%, 58.31%,-, 2.10%,2.989999999999995%,620794
17163,13.61%, 42.13%, 55.74%,-,-,2.1299999999999955%,6b058e
17165,4.34%, 50.93%, 46.58%,-,-,2.490000000000009%,810676
