id,margin,nixon,kennedy,other,hex_color
01001,6.90%, 45.27%, 52.17%,2.5600000000000023%,730685
01003,7.85%, 45.24%, 53.09%,1.6699999999999875%,730487
01005,29.47%, 34.99%, 64.47%,0.539999999999992%,5901a4
01007,23.44%, 38.23%, 61.66%,0.11000000000001364%,61009d
01009,14.18%, 42.80%, 56.98%,0.21999999999999886%,6d0091
01011,29.39%, 35.09%, 64.48%,0.4299999999999926%,5901a4
01013,39.82%, 29.87%, 69.69%,0.4399999999999977%,4c01b1
01015,32.81%, 33.17%, 65.97%,0.8599999999999994%,5402a8
01017,46.47%, 26.26%, 72.74%,1.0%,4202b9
01019,56.00%, 21.95%, 77.95%,0.09999999999999432%,3700c6
01021,28.02%, 63.93%, 35.91%,0.1599999999999966%,a3005b
01023,26.81%, 34.04%, 60.85%,5.109999999999999%,560d9b
01025,3.48%, 50.82%, 47.34%,1.8400000000000034%,810478
01027,5.90%, 46.81%, 52.71%,0.47999999999998977%,770186
01029,19.90%, 39.97%, 59.87%,0.1599999999999966%,650098
01031,52.65%, 23.54%, 76.19%,0.27000000000001023%,3c00c2
01033,45.06%, 26.79%, 71.85%,1.3600000000000136%,4403b7
01035,46.32%, 25.84%, 72.17%,1.9899999999999949%,4105b8
01037,16.31%, 41.67%, 57.98%,0.3499999999999943%,6a0093
01039,47.25%, 26.16%, 73.42%,0.4200000000000017%,4201bb
01041,67.12%, 16.37%, 83.49%,0.14000000000000057%,2900d4
01043,19.79%, 40.08%, 59.87%,0.05000000000001137%,660098
01045,22.02%, 38.74%, 60.76%,0.5%,62019a
01047,15.25%, 56.94%, 41.69%,1.3700000000000045%,91036a
01049,2.26%, 48.82%, 51.08%,0.09999999999999432%,7c0082
01051,28.12%, 35.48%, 63.60%,0.9200000000000017%,5a02a2
01053,36.92%, 30.65%, 67.57%,1.7800000000000011%,4e04ac
01055,33.41%, 32.87%, 66.28%,0.8499999999999943%,5302a9
01057,8.35%, 45.73%, 54.08%,0.18999999999999773%,740089
01059,8.62%, 54.20%, 45.58%,0.21999999999999886%,8a0074
01061,33.95%, 32.95%, 66.90%,0.14999999999999147%,5400aa
01063,30.45%, 33.93%, 64.38%,1.6899999999999977%,5604a4
01065,27.57%, 35.97%, 63.54%,0.4900000000000091%,5b01a2
01067,56.26%, 21.67%, 77.93%,0.3999999999999915%,3701c6
01069,1.97%, 50.58%, 48.61%,0.8100000000000023%,80027b
01071,40.20%, 29.73%, 69.93%,0.3399999999999892%,4b00b2
01073,14.76%, 56.66%, 41.90%,1.4399999999999977%,90036a
01075,41.93%, 28.43%, 70.36%,1.210000000000008%,4803b3
01077,40.88%, 29.22%, 70.10%,0.6800000000000068%,4a01b2
01079,36.36%, 31.74%, 68.10%,0.1600000000000108%,5000ad
01081,23.91%, 37.73%, 61.63%,0.6400000000000006%,60019d
01083,61.33%, 19.26%, 80.59%,0.14999999999999147%,3100cd
01085,29.35%, 34.84%, 64.19%,0.9699999999999989%,5802a3
01087,20.19%, 39.34%, 59.53%,1.1299999999999955%,640297
01089,34.54%, 32.34%, 66.88%,0.7800000000000011%,5201aa
01091,7.20%, 44.25%, 51.45%,4.299999999999997%,700a83
01093,2.66%, 48.53%, 51.19%,0.28000000000000114%,7b0082
01095,31.97%, 33.98%, 65.94%,0.0800000000000125%,5600a8
01097,7.37%, 45.12%, 52.48%,2.4000000000000057%,730685
01099,36.19%, 31.37%, 67.55%,1.0799999999999983%,4f02ac
01101,10.99%, 54.91%, 43.92%,1.1700000000000017%,8c026f
01103,28.40%, 35.71%, 64.11%,0.18000000000000682%,5b00a3
01105,12.78%, 41.52%, 54.30%,4.180000000000007%,690a8a
01107,17.71%, 40.46%, 58.17%,1.3700000000000045%,670394
01109,54.29%, 22.62%, 76.91%,0.46999999999999886%,3901c4
01111,30.13%, 34.60%, 64.73%,0.6699999999999875%,5801a5
01113,32.28%, 33.41%, 65.69%,0.9000000000000057%,5502a7
01115,7.98%, 45.90%, 53.88%,0.21999999999999886%,750089
01117,1.06%, 49.11%, 50.17%,0.7199999999999989%,7d017f
01119,9.71%, 42.61%, 52.33%,5.060000000000002%,6c0c85
01121,9.55%, 44.86%, 54.41%,0.730000000000004%,72018a
01123,43.28%, 28.11%, 71.39%,0.5%,4701b6
01125,18.98%, 40.01%, 58.99%,1.0%,660296
01127,19.50%, 40.25%, 59.75%,0.0%,660098
01129,40.96%, 28.53%, 69.49%,1.980000000000004%,4805b1
01131,27.51%, 36.00%, 63.51%,0.4900000000000091%,5b01a1
01133,34.08%, 67.01%, 32.93%,0.060000000000002274%,aa0053
02013,0%,-,-,0,000000
02016,0%,-,-,0,000000
02020,0%,-,-,0,000000
02050,0%,-,-,0,000000
02060,0%,-,-,0,000000
02068,0%,-,-,0,000000
02070,0%,-,-,0,000000
02090,0%,-,-,0,000000
02100,0%,-,-,0,000000
02105,0%,-,-,0,000000
02110,0%,-,-,0,000000
02122,0%,-,-,0,000000
02130,0%,-,-,0,000000
02150,0%,-,-,0,000000
02164,0%,-,-,0,000000
02170,0%,-,-,0,000000
02180,0%,-,-,0,000000
02185,0%,-,-,0,000000
02188,0%,-,-,0,000000
02195,0%,-,-,0,000000
02198,0%,-,-,0,000000
02220,0%,-,-,0,000000
02230,0%,-,-,0,000000
02240,0%,-,-,0,000000
02261,0%,-,-,0,000000
02270,0%,-,-,0,000000
02275,0%,-,-,0,000000
02282,0%,-,-,0,000000
02290,0%,-,-,0,000000
04001,3.60%, 51.75%, 48.15%,0.09999999999999432%,83007a
04003,1.02%, 50.46%, 49.44%,0.09999999999999432%,80007e
04005,9.00%, 54.45%, 45.45%,0.09999999999999432%,8a0073
04007,15.94%, 41.99%, 57.93%,0.0799999999999983%,6b0093
04009,8.73%, 54.35%, 45.63%,0.01999999999999602%,8a0074
04011,40.04%, 29.94%, 69.97%,0.09000000000000341%,4c00b2
04012,0%,-,-,0,000000
04013,18.81%, 59.37%, 40.57%,0.060000000000002274%,970067
04015,11.45%, 55.59%, 44.14%,0.269999999999996%,8d0070
04017,14.52%, 57.19%, 42.68%,0.12999999999999545%,91006c
04019,5.12%, 52.43%, 47.31%,0.2599999999999909%,850078
04021,5.78%, 47.07%, 52.85%,0.0799999999999983%,780086
04023,19.23%, 40.35%, 59.59%,0.060000000000002274%,660097
04025,22.32%, 61.12%, 38.80%,0.0800000000000125%,9b0062
04027,8.97%, 45.45%, 54.42%,0.12999999999999545%,73008a
05001,14.03%, 38.42%, 52.44%,9.14%,611785
05003,36.41%, 25.63%, 62.04%,12.329999999999998%,411f9e
05005,10.67%, 54.34%, 43.67%,1.9899999999999949%,8a056f
05007,36.35%, 67.58%, 31.23%,1.1899999999999977%,ac034f
05009,9.85%, 54.36%, 44.51%,1.1299999999999955%,8a0271
05011,49.57%, 20.74%, 70.31%,8.950000000000003%,3416b3
05013,53.57%, 18.46%, 72.03%,9.509999999999991%,2f18b7
05015,33.14%, 65.95%, 32.81%,1.2399999999999949%,a80353
05017,27.01%, 32.09%, 59.10%,8.810000000000002%,511696
05019,38.13%, 26.70%, 64.82%,8.480000000000004%,4415a5
05021,13.90%, 55.67%, 41.77%,2.5600000000000023%,8d066a
05023,5.17%, 44.96%, 50.13%,4.909999999999997%,720c7f
05025,53.99%, 16.91%, 70.90%,12.189999999999998%,2b1fb4
05027,0.98%, 42.32%, 43.30%,14.379999999999995%,6b246e
05029,25.33%, 35.13%, 60.47%,4.400000000000006%,590b9a
05031,3.35%, 48.97%, 45.61%,5.420000000000002%,7c0d74
05033,15.96%, 57.10%, 41.14%,1.759999999999991%,910468
05035,8.68%, 43.56%, 52.24%,4.199999999999989%,6f0a85
05037,22.16%, 35.60%, 57.76%,6.640000000000001%,5a1093
05039,37.48%, 25.20%, 62.68%,12.120000000000005%,401e9f
05041,36.56%, 27.01%, 63.57%,9.420000000000002%,4418a2
05043,36.12%, 26.36%, 62.49%,11.150000000000006%,431c9f
05045,21.09%, 36.71%, 57.80%,5.490000000000009%,5d0d93
05047,10.50%, 43.48%, 53.99%,2.530000000000001%,6e0689
05049,22.93%, 60.95%, 38.02%,1.0300000000000011%,9b0260
05051,6.25%, 51.66%, 45.42%,2.9200000000000017%,830773
05053,36.62%, 24.81%, 61.44%,13.75%,3f239c
05055,2.08%, 47.73%, 49.81%,2.460000000000008%,79067f
05057,13.62%, 40.93%, 54.55%,4.52000000000001%,680b8b
05059,29.42%, 29.59%, 59.00%,11.409999999999997%,4b1d96
05061,5.16%, 44.79%, 49.95%,5.259999999999991%,720d7f
05063,2.87%, 49.90%, 47.02%,3.0799999999999983%,7f0777
05065,23.67%, 35.94%, 59.61%,4.450000000000003%,5b0b98
05067,16.94%, 38.50%, 55.44%,6.060000000000002%,620f8d
05069,23.65%, 31.76%, 55.41%,12.829999999999998%,50208d
05071,12.72%, 42.29%, 55.01%,2.700000000000003%,6b068c
05073,24.65%, 30.67%, 55.31%,14.019999999999996%,4e238d
05075,6.74%, 44.28%, 51.02%,4.699999999999989%,700b82
05077,13.88%, 38.28%, 52.17%,9.549999999999997%,611885
05079,43.61%, 23.66%, 67.27%,9.070000000000007%,3c17ab
05081,35.39%, 29.79%, 65.17%,5.039999999999992%,4b0ca6
05083,13.06%, 42.28%, 55.33%,2.3900000000000006%,6b068d
05085,26.76%, 29.17%, 55.93%,14.900000000000006%,4a258e
05087,17.69%, 58.20%, 40.51%,1.289999999999992%,940367
05089,2.39%, 50.60%, 48.21%,1.1899999999999977%,81037a
05091,17.70%, 38.35%, 56.06%,5.590000000000003%,610e8e
05093,1.46%, 47.08%, 48.54%,4.3799999999999955%,780b7b
05095,33.34%, 27.15%, 60.50%,12.349999999999994%,451f9a
05097,2.86%, 49.85%, 46.99%,3.1599999999999966%,7f0877
05099,24.28%, 34.06%, 58.34%,7.599999999999994%,561394
05101,36.10%, 67.51%, 31.41%,1.0799999999999983%,ac0250
05103,33.33%, 29.77%, 63.10%,7.1299999999999955%,4b12a0
05105,20.79%, 36.17%, 56.97%,6.859999999999999%,5c1191
05107,29.01%, 32.47%, 61.48%,6.050000000000011%,520f9c
05109,0.76%, 48.19%, 47.43%,4.3799999999999955%,7a0b78
05111,7.11%, 44.64%, 51.75%,3.6099999999999994%,710983
05113,6.80%, 51.82%, 45.02%,3.1599999999999966%,840872
05115,3.35%, 46.04%, 49.38%,4.579999999999998%,750b7d
05117,35.89%, 27.85%, 63.73%,8.420000000000002%,4715a2
05119,6.97%, 39.70%, 46.67%,13.629999999999995%,652277
05121,1.95%, 49.42%, 47.47%,3.1099999999999994%,7e0779
05123,14.30%, 39.53%, 53.83%,6.640000000000001%,641089
05125,25.08%, 32.32%, 57.40%,10.280000000000001%,521a92
05127,0.93%, 50.22%, 49.29%,0.4900000000000091%,80017d
05129,38.05%, 68.55%, 30.50%,0.9500000000000028%,ae024d
05131,14.58%, 56.75%, 42.16%,1.0900000000000034%,90026b
05133,15.49%, 40.25%, 55.73%,4.02000000000001%,660a8e
05135,5.82%, 51.01%, 45.18%,3.8100000000000023%,820973
05137,3.19%, 49.36%, 46.17%,4.469999999999999%,7d0b75
05139,6.41%, 41.51%, 47.92%,10.569999999999993%,691a7a
05141,6.57%, 44.51%, 51.08%,4.409999999999997%,710b82
05143,29.96%, 64.34%, 34.38%,1.2800000000000011%,a40357
05145,12.80%, 40.52%, 53.33%,6.150000000000006%,670f87
05147,37.32%, 26.31%, 63.63%,10.060000000000002%,4319a2
05149,20.54%, 37.96%, 58.49%,3.549999999999997%,600995
06001,8.41%, 45.61%, 54.02%,0.37000000000000455%,740089
06003,53.49%, 76.74%, 23.26%,0.0%,c3003b
06005,10.54%, 44.51%, 55.04%,0.45000000000000284%,71018c
06007,15.69%, 57.60%, 41.92%,0.47999999999998977%,92016a
06009,5.80%, 52.60%, 46.80%,0.5999999999999943%,860177
06011,3.07%, 51.37%, 48.30%,0.3300000000000125%,82007b
06013,6.04%, 46.82%, 52.86%,0.3199999999999932%,770086
06015,3.19%, 48.05%, 51.24%,0.710000000000008%,7a0182
06017,0.89%, 49.16%, 50.05%,0.7900000000000063%,7d027f
06019,10.89%, 44.32%, 55.21%,0.46999999999999886%,71018c
06021,6.81%, 53.17%, 46.36%,0.46999999999999886%,870176
06023,5.99%, 46.71%, 52.70%,0.5900000000000034%,770186
06025,7.51%, 53.55%, 46.04%,0.4099999999999966%,880175
06027,9.58%, 54.65%, 45.07%,0.28000000000000114%,8b0072
06029,1.30%, 50.43%, 49.13%,0.4399999999999977%,80017d
06031,14.82%, 42.31%, 57.13%,0.5600000000000023%,6b0191
06033,17.99%, 58.74%, 40.75%,0.5099999999999909%,950167
06035,18.84%, 40.24%, 59.08%,0.6800000000000068%,660196
06037,0.80%, 49.45%, 50.25%,0.29999999999999716%,7e0080
06039,16.06%, 41.75%, 57.81%,0.4399999999999977%,6a0193
06041,14.82%, 57.29%, 42.47%,0.2400000000000091%,92006c
06043,8.81%, 53.97%, 45.16%,0.8700000000000045%,890273
06045,0.93%, 49.29%, 50.21%,0.5%,7d0180
06047,12.86%, 43.37%, 56.23%,0.4000000000000057%,6e018f
06049,4.17%, 51.80%, 47.63%,0.5699999999999932%,840179
06051,33.09%, 66.33%, 33.24%,0.4300000000000068%,a90154
06053,12.83%, 56.26%, 43.43%,0.3100000000000023%,8f006e
06055,5.65%, 52.56%, 46.91%,0.5300000000000011%,860177
06057,7.75%, 53.44%, 45.69%,0.8700000000000045%,880274
06059,21.87%, 60.81%, 38.95%,0.23999999999999488%,9b0063
06061,12.01%, 43.75%, 55.75%,0.5%,6f018e
06063,24.51%, 37.47%, 61.97%,0.5600000000000023%,5f019e
06065,12.77%, 56.15%, 43.38%,0.46999999999999886%,8f016e
06067,13.06%, 43.26%, 56.32%,0.4200000000000017%,6e018f
06069,3.03%, 51.40%, 48.38%,0.21999999999999886%,83007b
06071,4.49%, 52.00%, 47.51%,0.4900000000000091%,840179
06073,13.10%, 56.41%, 43.31%,0.28000000000000114%,8f006e
06075,15.99%, 41.79%, 57.78%,0.4300000000000068%,6a0193
06077,6.09%, 52.85%, 46.76%,0.39000000000000057%,860077
06079,8.73%, 54.04%, 45.30%,0.6599999999999966%,890173
06081,3.67%, 51.70%, 48.04%,0.2599999999999909%,83007a
06083,13.74%, 56.73%, 42.99%,0.28000000000000114%,90006d
06085,5.63%, 52.67%, 47.05%,0.28000000000000114%,860077
06087,19.66%, 59.61%, 39.95%,0.4399999999999977%,980165
06089,21.52%, 38.94%, 60.45%,0.6099999999999994%,63019a
06091,5.77%, 46.79%, 52.56%,0.6500000000000057%,770186
06093,13.45%, 42.95%, 56.40%,0.6500000000000057%,6d018f
06095,17.93%, 40.88%, 58.81%,0.3100000000000023%,680095
06097,8.58%, 54.10%, 45.52%,0.37999999999999545%,890074
06099,0.15%, 49.62%, 49.77%,0.6099999999999994%,7e017e
06101,26.28%, 62.91%, 36.63%,0.46000000000000796%,a0015d
06103,0.35%, 49.96%, 49.61%,0.4300000000000068%,7f017e
06105,22.82%, 38.35%, 61.17%,0.47999999999998977%,61019b
06107,8.37%, 53.97%, 45.60%,0.4300000000000068%,890174
06109,1.20%, 49.11%, 50.31%,0.5799999999999983%,7d0180
06111,0.37%, 49.59%, 49.96%,0.44999999999998863%,7e017f
06113,10.14%, 44.73%, 54.87%,0.4000000000000057%,72018b
06115,4.02%, 51.72%, 47.71%,0.5699999999999932%,830179
08001,6.82%, 46.36%, 53.19%,0.45000000000000284%,760187
08003,11.26%, 55.58%, 44.32%,0.09999999999999432%,8d0071
08005,20.45%, 60.07%, 39.62%,0.3100000000000023%,990065
08007,7.38%, 46.26%, 53.64%,0.09999999999999432%,750088
08009,31.13%, 65.48%, 34.34%,0.1799999999999926%,a60057
08011,15.25%, 57.54%, 42.29%,0.1700000000000017%,92006b
08013,23.34%, 61.47%, 38.13%,0.4000000000000057%,9c0161
08014,0%,-,-,0,000000
08015,4.38%, 52.14%, 47.76%,0.09999999999999432%,840079
08017,31.54%, 65.69%, 34.15%,0.1599999999999966%,a70057
08019,16.71%, 58.35%, 41.65%,0.0%,94006a
08021,19.93%, 38.80%, 58.73%,2.469999999999999%,620695
08023,35.68%, 31.83%, 67.52%,0.6500000000000057%,5101ac
08025,21.83%, 60.89%, 39.06%,0.04999999999999716%,9b0063
08027,23.69%, 61.85%, 38.15%,0.0%,9d0061
08029,26.62%, 63.24%, 36.62%,0.14000000000000057%,a1005d
08031,0.09%, 49.59%, 49.68%,0.7299999999999898%,7e017e
08033,10.44%, 55.22%, 44.78%,0.0%,8c0072
08035,28.84%, 64.42%, 35.58%,0.0%,a4005a
08037,5.83%, 52.86%, 47.03%,0.10999999999999943%,860077
08039,28.73%, 64.32%, 35.58%,0.10000000000000853%,a4005a
08041,29.99%, 64.93%, 34.94%,0.12999999999999545%,a50059
08043,20.73%, 60.19%, 39.45%,0.35999999999999943%,990064
08045,16.28%, 58.04%, 41.76%,0.20000000000000284%,94006a
08047,17.10%, 58.55%, 41.45%,0.0%,950069
08049,25.35%, 62.62%, 37.27%,0.10999999999999943%,9f005f
08051,10.76%, 55.31%, 44.56%,0.12999999999999545%,8d0071
08053,25.45%, 62.73%, 37.27%,0.0%,9f005f
08055,32.22%, 33.73%, 65.95%,0.3199999999999932%,5600a8
08057,16.65%, 58.27%, 41.62%,0.10999999999999943%,94006a
08059,19.48%, 59.62%, 40.14%,0.2400000000000091%,980066
08061,26.91%, 63.42%, 36.51%,0.06999999999999318%,a1005d
08063,34.07%, 66.88%, 32.82%,0.30000000000001137%,aa0053
08065,31.68%, 34.03%, 65.72%,0.25%,5600a7
08067,17.79%, 58.83%, 41.04%,0.12999999999999545%,960068
08069,34.92%, 67.39%, 32.47%,0.14000000000000057%,ab0052
08071,38.21%, 30.74%, 68.96%,0.30000000000001137%,4e00af
08073,17.98%, 58.93%, 40.95%,0.12000000000000455%,960068
08075,20.00%, 59.97%, 39.97%,0.060000000000002274%,980065
08077,17.82%, 58.81%, 40.99%,0.19999999999998863%,950068
08079,3.93%, 47.87%, 51.80%,0.3300000000000125%,7a0084
08081,18.74%, 59.32%, 40.58%,0.09999999999999432%,970067
08083,13.53%, 56.69%, 43.16%,0.15000000000000568%,90006e
08085,17.03%, 58.34%, 41.31%,0.3499999999999943%,940069
08087,23.50%, 61.65%, 38.15%,0.20000000000000284%,9d0061
08089,17.75%, 58.80%, 41.05%,0.15000000000000568%,950068
08091,8.09%, 54.04%, 45.96%,0.0%,890075
08093,18.85%, 59.33%, 40.48%,0.18999999999999773%,970067
08095,25.58%, 62.77%, 37.19%,0.03999999999999204%,a0005e
08097,16.37%, 58.18%, 41.82%,0.0%,94006a
08099,18.41%, 59.15%, 40.75%,0.09999999999999432%,960067
08101,14.08%, 42.36%, 56.44%,1.2000000000000028%,6c038f
08103,27.29%, 63.57%, 36.29%,0.14000000000000057%,a2005c
08105,17.21%, 58.53%, 41.33%,0.14000000000000057%,950069
08107,7.73%, 53.83%, 46.10%,0.06999999999999318%,890075
08109,1.44%, 49.05%, 50.49%,0.46000000000000796%,7d0180
08111,8.92%, 45.23%, 54.15%,0.6200000000000045%,73018a
08113,7.64%, 46.09%, 53.73%,0.18000000000000682%,750089
08115,23.02%, 61.41%, 38.39%,0.20000000000000284%,9c0061
08117,2.90%, 51.27%, 48.37%,0.35999999999999943%,82007b
08119,7.49%, 53.60%, 46.11%,0.28999999999999204%,880075
08121,31.11%, 65.49%, 34.38%,0.12999999999999545%,a60057
08123,22.16%, 60.99%, 38.83%,0.18000000000000682%,9b0063
08125,30.59%, 65.18%, 34.59%,0.22999999999998977%,a60058
09001,6.79%, 53.39%, 46.60%,0.009999999999990905%,880076
09003,17.76%, 41.12%, 58.88%,0.0%,680096
09005,7.89%, 53.94%, 46.05%,0.010000000000005116%,890075
09007,0.26%, 49.87%, 50.13%,0.0%,7f007f
09009,15.92%, 42.04%, 57.96%,0.0%,6b0093
09011,3.25%, 48.38%, 51.62%,0.0%,7b0083
09013,2.71%, 51.35%, 48.65%,0.0%,82007c
09015,13.96%, 43.02%, 56.98%,0.0%,6d0091
10001,0.26%, 49.49%, 49.75%,0.7599999999999909%,7e017e
10003,2.85%, 48.46%, 51.31%,0.22999999999998977%,7b0082
10005,2.87%, 51.08%, 48.21%,0.710000000000008%,82017a
11001,0%,-,-,0,000000
12001,4.10%, 52.05%, 47.95%,0.0%,84007a
12003,57.36%, 21.32%, 78.68%,0.0%,3600c8
12005,32.12%, 33.94%, 66.06%,0.0%,5600a8
12007,38.30%, 30.85%, 69.15%,0.0%,4e00b0
12009,22.74%, 61.37%, 38.63%,0.0%,9c0062
12011,17.64%, 58.82%, 41.18%,0.0%,950069
12013,43.09%, 28.46%, 71.54%,0.0%,4800b6
12015,21.84%, 60.92%, 39.08%,0.0%,9b0063
12017,3.65%, 51.82%, 48.18%,0.0%,84007a
12019,4.06%, 47.97%, 52.03%,0.0%,7a0084
12021,21.49%, 60.74%, 39.26%,0.0%,9a0064
12023,27.66%, 36.17%, 63.83%,0.0%,5c00a2
12027,0.21%, 50.10%, 49.90%,0.0%,7f007f
12029,42.69%, 28.65%, 71.35%,0.0%,4900b5
12031,8.53%, 45.73%, 54.27%,0.0%,74008a
12033,22.42%, 38.79%, 61.21%,0.0%,62009c
12035,37.31%, 31.35%, 68.65%,0.0%,4f00af
12037,32.33%, 33.84%, 66.16%,0.0%,5600a8
12039,7.65%, 46.18%, 53.82%,0.0%,750089
12041,50.14%, 24.93%, 75.07%,0.0%,3f00bf
12043,11.30%, 44.35%, 55.65%,0.0%,71008d
12045,56.27%, 21.86%, 78.14%,0.0%,3700c7
12047,33.97%, 33.01%, 66.99%,0.0%,5400aa
12049,5.92%, 52.96%, 47.04%,0.0%,870077
12051,11.23%, 44.38%, 55.62%,0.0%,71008d
12053,4.01%, 48.00%, 52.00%,0.0%,7a0084
12055,16.65%, 58.32%, 41.68%,0.0%,94006a
12057,12.02%, 43.99%, 56.01%,0.0%,70008e
12059,31.48%, 34.26%, 65.74%,0.0%,5700a7
12061,22.11%, 61.05%, 38.95%,0.0%,9b0063
12063,35.53%, 32.23%, 67.77%,0.0%,5200ac
12065,30.60%, 34.70%, 65.30%,0.0%,5800a6
12067,45.50%, 27.25%, 72.75%,0.0%,4500b9
12069,44.90%, 72.45%, 27.55%,0.0%,b80046
12071,30.68%, 65.34%, 34.66%,0.0%,a60058
12073,6.94%, 46.53%, 53.47%,0.0%,760088
12075,33.58%, 33.21%, 66.79%,0.0%,5400aa
12077,56.02%, 21.99%, 78.01%,0.0%,3800c6
12079,28.80%, 35.60%, 64.40%,0.0%,5a00a4
12081,30.26%, 65.13%, 34.87%,0.0%,a60058
12083,1.14%, 49.43%, 50.57%,0.0%,7e0080
12085,16.29%, 58.15%, 41.85%,0.0%,94006a
12086,15.30%, 42.35%, 57.65%,0.0%,6b0093
12087,34.23%, 32.88%, 67.12%,0.0%,5300ab
12089,32.66%, 33.67%, 66.33%,0.0%,5500a9
12091,27.63%, 36.18%, 63.82%,0.0%,5c00a2
12093,28.13%, 35.93%, 64.07%,0.0%,5b00a3
12095,41.95%, 70.98%, 29.02%,0.0%,b4004a
12097,36.58%, 68.29%, 31.71%,0.0%,ae0050
12099,20.56%, 60.28%, 39.72%,0.0%,990065
12101,10.41%, 55.21%, 44.79%,0.0%,8c0072
12103,27.36%, 63.68%, 36.32%,0.0%,a2005c
12105,14.63%, 57.32%, 42.68%,0.0%,92006c
12107,2.56%, 48.72%, 51.28%,0.0%,7c0082
12109,15.02%, 42.49%, 57.51%,0.0%,6c0092
12111,8.49%, 54.24%, 45.76%,0.0%,8a0074
12113,28.22%, 35.89%, 64.11%,0.0%,5b00a3
12115,41.40%, 70.70%, 29.30%,0.0%,b4004a
12117,29.25%, 64.63%, 35.37%,0.0%,a4005a
12119,34.10%, 32.95%, 67.05%,0.0%,5400aa
12121,28.97%, 35.51%, 64.49%,0.0%,5a00a4
12123,22.31%, 38.85%, 61.15%,0.0%,63009b
12125,50.32%, 24.84%, 75.16%,0.0%,3f00bf
12127,9.64%, 54.82%, 45.18%,0.0%,8b0073
12129,50.30%, 24.85%, 75.15%,0.0%,3f00bf
12131,42.10%, 28.95%, 71.05%,0.0%,4900b5
12133,26.08%, 36.96%, 63.04%,0.0%,5e00a0
13001,46.69%, 26.65%, 73.35%,0.0%,4300bb
13003,68.90%, 15.55%, 84.45%,0.0%,2700d7
13005,33.71%, 33.14%, 66.86%,0.0%,5400aa
13007,83.21%, 8.40%, 91.60%,0.0%,1500e9
13009,28.30%, 35.85%, 64.15%,0.0%,5b00a3
13011,68.22%, 15.89%, 84.11%,0.0%,2800d6
13013,65.41%, 17.30%, 82.70%,0.0%,2c00d2
13015,46.58%, 26.71%, 73.29%,0.0%,4400ba
13017,54.24%, 22.88%, 77.12%,0.0%,3a00c4
13019,76.67%, 11.66%, 88.34%,0.0%,1d00e1
13021,15.51%, 42.24%, 57.76%,0.0%,6b0093
13023,46.90%, 26.55%, 73.45%,0.0%,4300bb
13025,58.97%, 20.51%, 79.49%,0.0%,3400ca
13027,32.45%, 33.77%, 66.23%,0.0%,5600a8
13029,51.11%, 24.44%, 75.56%,0.0%,3e00c0
13031,38.27%, 30.87%, 69.13%,0.0%,4e00b0
13033,6.17%, 46.92%, 53.08%,0.0%,770087
13035,62.82%, 18.59%, 81.41%,0.0%,2f00cf
13037,71.95%, 14.03%, 85.97%,0.0%,2300db
13039,16.34%, 41.83%, 58.17%,0.0%,6a0094
13043,37.06%, 31.47%, 68.53%,0.0%,5000ae
13045,46.20%, 26.90%, 73.10%,0.0%,4400ba
13047,0.96%, 49.52%, 50.48%,0.0%,7e0080
13049,43.44%, 28.28%, 71.72%,0.0%,4800b6
13051,4.96%, 52.48%, 47.52%,0.0%,850079
13053,48.44%, 25.78%, 74.22%,0.0%,4100bd
13055,39.57%, 30.22%, 69.78%,0.0%,4d00b1
13057,13.58%, 43.21%, 56.79%,0.0%,6e0090
13059,36.28%, 31.86%, 68.14%,0.0%,5100ad
13061,72.55%, 13.73%, 86.27%,0.0%,2300db
13063,33.23%, 33.39%, 66.61%,0.0%,5500a9
13065,38.69%, 30.66%, 69.34%,0.0%,4e00b0
13067,22.07%, 38.97%, 61.03%,0.0%,63009b
13069,54.76%, 22.62%, 77.38%,0.0%,3900c5
13071,44.59%, 27.70%, 72.30%,0.0%,4600b8
13073,1.49%, 49.25%, 50.75%,0.0%,7d0081
13075,65.81%, 17.10%, 82.90%,0.0%,2b00d3
13077,53.77%, 23.12%, 76.88%,0.0%,3a00c4
13079,59.40%, 20.30%, 79.70%,0.0%,3300cb
13081,42.13%, 28.94%, 71.06%,0.0%,4900b5
13083,1.84%, 49.08%, 50.92%,0.0%,7d0081
13085,39.10%, 30.45%, 69.55%,0.0%,4d00b1
13087,50.35%, 24.82%, 75.18%,0.0%,3f00bf
13089,0.15%, 49.93%, 50.07%,0.0%,7f007f
13091,52.39%, 23.80%, 76.20%,0.0%,3c00c2
13093,77.47%, 11.26%, 88.74%,0.0%,1c00e2
13095,2.25%, 48.88%, 51.12%,0.0%,7c0082
13097,38.79%, 30.60%, 69.40%,0.0%,4e00b0
13099,76.46%, 11.77%, 88.23%,0.0%,1e00e0
13101,40.82%, 29.59%, 70.41%,0.0%,4b00b3
13103,0.28%, 50.14%, 49.86%,0.0%,7f007f
13105,71.55%, 14.23%, 85.77%,0.0%,2400da
13107,38.34%, 30.83%, 69.17%,0.0%,4e00b0
13109,30.68%, 34.66%, 65.34%,0.0%,5800a6
13111,31.36%, 65.68%, 34.32%,0.0%,a70057
13113,53.89%, 23.06%, 76.94%,0.0%,3a00c4
13115,9.23%, 45.39%, 54.61%,0.0%,73008b
13117,46.60%, 26.70%, 73.30%,0.0%,4400ba
13119,82.49%, 8.76%, 91.24%,0.0%,1600e8
13121,1.70%, 49.15%, 50.85%,0.0%,7d0081
13123,11.38%, 55.69%, 44.31%,0.0%,8e0070
13125,24.84%, 37.58%, 62.42%,0.0%,5f009f
13127,10.11%, 44.95%, 55.05%,0.0%,72008c
13129,30.45%, 34.78%, 65.22%,0.0%,5800a6
13131,62.21%, 18.90%, 81.10%,0.0%,3000ce
13133,71.56%, 14.22%, 85.78%,0.0%,2400da
13135,47.00%, 26.50%, 73.50%,0.0%,4300bb
13137,47.74%, 26.13%, 73.87%,0.0%,4200bc
13139,36.93%, 31.53%, 68.47%,0.0%,5000ae
13141,46.34%, 26.83%, 73.17%,0.0%,4400ba
13143,19.65%, 40.18%, 59.82%,0.0%,660098
13145,29.90%, 35.05%, 64.95%,0.0%,5900a5
13147,87.02%, 6.49%, 93.51%,0.0%,1000ee
13149,74.23%, 12.88%, 87.12%,0.0%,2000de
13151,47.92%, 26.04%, 73.96%,0.0%,4200bc
13153,39.31%, 30.35%, 69.65%,0.0%,4d00b1
13155,64.39%, 17.80%, 82.20%,0.0%,2d00d1
13157,77.12%, 11.44%, 88.56%,0.0%,1d00e1
13159,55.57%, 22.21%, 77.79%,0.0%,3800c6
13161,34.47%, 32.76%, 67.24%,0.0%,5300ab
13163,12.59%, 43.71%, 56.29%,0.0%,6f008f
13165,62.45%, 18.78%, 81.22%,0.0%,2f00cf
13167,45.35%, 27.32%, 72.68%,0.0%,4500b9
13169,48.63%, 25.68%, 74.32%,0.0%,4100bd
13171,47.99%, 26.00%, 74.00%,0.0%,4200bc
13173,68.24%, 15.88%, 84.12%,0.0%,2800d6
13175,42.31%, 28.84%, 71.16%,0.0%,4900b5
13177,35.80%, 32.10%, 67.90%,0.0%,5100ad
13179,26.24%, 36.88%, 63.12%,0.0%,5e00a0
13181,54.50%, 22.75%, 77.25%,0.0%,3a00c4
13183,52.72%, 76.36%, 23.64%,0.0%,c2003c
13185,10.70%, 44.65%, 55.35%,0.0%,71008d
13187,27.74%, 36.13%, 63.87%,0.0%,5c00a2
13189,1.89%, 49.06%, 50.94%,0.0%,7d0081
13191,27.55%, 36.22%, 63.78%,0.0%,5c00a2
13193,54.52%, 22.74%, 77.26%,0.0%,3900c5
13195,84.37%, 7.82%, 92.18%,0.0%,1300eb
13197,61.45%, 19.27%, 80.73%,0.0%,3100cd
13199,62.90%, 18.55%, 81.45%,0.0%,2f00cf
13201,89.47%, 5.26%, 94.74%,0.0%,0d00f1
13205,76.72%, 11.64%, 88.36%,0.0%,1d00e1
13207,47.73%, 26.14%, 73.86%,0.0%,4200bc
13209,58.41%, 20.80%, 79.20%,0.0%,3500c9
13211,59.91%, 20.04%, 79.96%,0.0%,3300cb
13213,33.95%, 33.02%, 66.98%,0.0%,5400aa
13215,5.65%, 52.83%, 47.17%,0.0%,860078
13217,63.63%, 18.19%, 81.81%,0.0%,2e00d0
13219,60.79%, 19.60%, 80.40%,0.0%,3100cd
13221,81.65%, 9.17%, 90.83%,0.0%,1700e7
13223,49.38%, 25.31%, 74.69%,0.0%,4000be
13225,39.06%, 30.47%, 69.53%,0.0%,4d00b1
13227,13.76%, 56.88%, 43.12%,0.0%,91006d
13229,45.41%, 27.30%, 72.70%,0.0%,4500b9
13231,60.25%, 19.88%, 80.12%,0.0%,3200cc
13233,42.73%, 28.64%, 71.36%,0.0%,4900b5
13235,55.17%, 22.42%, 77.58%,0.0%,3900c5
13237,56.71%, 21.65%, 78.35%,0.0%,3700c7
13239,70.55%, 14.73%, 85.27%,0.0%,2500d9
13241,53.97%, 23.02%, 76.98%,0.0%,3a00c4
13243,51.72%, 24.14%, 75.86%,0.0%,3d00c1
13245,9.66%, 54.83%, 45.17%,0.0%,8b0073
13247,56.13%, 21.94%, 78.06%,0.0%,3700c7
13249,54.38%, 22.81%, 77.19%,0.0%,3a00c4
13251,21.78%, 39.11%, 60.89%,0.0%,63009b
13253,90.70%, 4.65%, 95.35%,0.0%,0b00f3
13255,43.26%, 28.37%, 71.63%,0.0%,4800b6
13257,58.23%, 20.89%, 79.11%,0.0%,3500c9
13259,36.29%, 31.86%, 68.14%,0.0%,5100ad
13261,40.54%, 29.73%, 70.27%,0.0%,4b00b3
13263,57.67%, 21.17%, 78.83%,0.0%,3500c9
13265,63.14%, 18.43%, 81.57%,0.0%,2e00d0
13267,37.41%, 31.29%, 68.71%,0.0%,4f00af
13269,53.38%, 23.31%, 76.69%,0.0%,3b00c3
13271,57.39%, 21.30%, 78.70%,0.0%,3600c8
13273,65.18%, 17.41%, 82.59%,0.0%,2c00d2
13275,17.07%, 41.46%, 58.54%,0.0%,690095
13277,35.13%, 32.44%, 67.56%,0.0%,5200ac
13279,36.06%, 31.97%, 68.03%,0.0%,5100ad
13281,9.47%, 54.73%, 45.27%,0.0%,8b0073
13283,62.20%, 18.90%, 81.10%,0.0%,3000ce
13285,34.34%, 32.83%, 67.17%,0.0%,5300ab
13287,64.98%, 17.51%, 82.49%,0.0%,2c00d2
13289,52.53%, 23.74%, 76.26%,0.0%,3c00c2
13291,12.93%, 56.47%, 43.53%,0.0%,8f006f
13293,53.04%, 23.48%, 76.52%,0.0%,3b00c3
13295,6.27%, 46.86%, 53.14%,0.0%,770087
13297,76.96%, 11.52%, 88.48%,0.0%,1d00e1
13299,39.05%, 30.47%, 69.53%,0.0%,4d00b1
13301,11.35%, 44.33%, 55.67%,0.0%,71008d
13303,35.41%, 32.30%, 67.70%,0.0%,5200ac
13305,34.81%, 32.60%, 67.40%,0.0%,5300ab
13307,58.82%, 20.59%, 79.41%,0.0%,3400ca
13309,62.21%, 18.90%, 81.10%,0.0%,3000ce
13311,45.87%, 27.06%, 72.94%,0.0%,4500b9
13313,7.02%, 53.51%, 46.49%,0.0%,880076
13315,69.70%, 15.15%, 84.85%,0.0%,2600d8
13317,63.78%, 18.11%, 81.89%,0.0%,2e00d0
13319,35.45%, 32.28%, 67.72%,0.0%,5200ac
13321,72.39%, 13.81%, 86.19%,0.0%,2300db
15001,2.91%, 51.46%, 48.54%,0.0%,83007b
15003,2.51%, 48.75%, 51.25%,0.0%,7c0082
15005,0%,-,-,0,000000
15007,9.90%, 54.95%, 45.05%,0.0%,8c0072
15009,9.57%, 54.79%, 45.21%,0.0%,8b0073
16001,23.90%, 61.95%, 38.05%,0.0%,9d0061
16003,4.92%, 52.46%, 47.54%,0.0%,850079
16005,15.77%, 42.11%, 57.89%,0.0%,6b0093
16007,11.34%, 55.67%, 44.33%,0.0%,8d0071
16009,15.91%, 42.05%, 57.95%,0.0%,6b0093
16011,10.12%, 55.06%, 44.94%,0.0%,8c0072
16013,1.46%, 49.27%, 50.73%,0.0%,7d0081
16015,2.70%, 51.35%, 48.65%,0.0%,82007c
16017,6.40%, 46.80%, 53.20%,0.0%,770087
16019,11.35%, 55.68%, 44.32%,0.0%,8d0071
16021,9.64%, 45.18%, 54.82%,0.0%,73008b
16023,19.10%, 40.45%, 59.55%,0.0%,670097
16025,6.27%, 46.86%, 53.14%,0.0%,770087
16027,24.21%, 62.10%, 37.90%,0.0%,9e0060
16029,8.85%, 54.42%, 45.58%,0.0%,8a0074
16031,27.47%, 63.73%, 36.27%,0.0%,a2005c
16033,23.31%, 61.66%, 38.34%,0.0%,9d0061
16035,33.72%, 33.14%, 66.86%,0.0%,5400aa
16037,12.56%, 43.72%, 56.28%,0.0%,6f008f
16039,4.59%, 47.71%, 52.29%,0.0%,790085
16041,32.15%, 66.07%, 33.93%,0.0%,a80056
16043,8.33%, 54.17%, 45.83%,0.0%,8a0074
16045,10.26%, 55.13%, 44.87%,0.0%,8c0072
16047,11.44%, 55.72%, 44.28%,0.0%,8e0070
16049,18.31%, 40.84%, 59.16%,0.0%,680096
16051,5.02%, 52.51%, 47.49%,0.0%,850079
16053,16.98%, 58.49%, 41.51%,0.0%,950069
16055,7.20%, 46.40%, 53.60%,0.0%,760088
16057,1.62%, 50.81%, 49.19%,0.0%,81007d
16059,2.73%, 51.36%, 48.64%,0.0%,82007c
16061,29.42%, 35.29%, 64.71%,0.0%,5900a5
16063,10.67%, 55.33%, 44.67%,0.0%,8d0071
16065,17.18%, 58.59%, 41.41%,0.0%,950069
16067,15.33%, 57.66%, 42.34%,0.0%,93006b
16069,20.85%, 39.58%, 60.42%,0.0%,64009a
16071,16.34%, 58.17%, 41.83%,0.0%,94006a
16073,14.11%, 57.06%, 42.94%,0.0%,91006d
16075,23.89%, 61.94%, 38.06%,0.0%,9d0061
16077,5.19%, 52.59%, 47.41%,0.0%,860078
16079,18.61%, 40.70%, 59.30%,0.0%,670097
16081,11.30%, 55.65%, 44.35%,0.0%,8d0071
16083,24.30%, 62.15%, 37.85%,0.0%,9e0060
16085,12.55%, 56.28%, 43.72%,0.0%,8f006f
16087,11.71%, 55.86%, 44.14%,0.0%,8e0070
17001,11.47%, 55.70%, 44.22%,0.0799999999999983%,8e0070
17003,3.87%, 47.96%, 51.83%,0.21000000000000796%,7a0084
17005,20.12%, 60.00%, 39.88%,0.12000000000000455%,990065
17007,43.08%, 71.51%, 28.43%,0.060000000000002274%,b60048
17009,1.07%, 50.51%, 49.44%,0.05000000000001137%,80007e
17011,23.58%, 61.73%, 38.15%,0.12000000000000455%,9d0061
17013,1.41%, 50.63%, 49.22%,0.15000000000000568%,81007d
17015,33.82%, 66.70%, 32.88%,0.4199999999999875%,aa0153
17017,4.19%, 52.04%, 47.85%,0.10999999999999943%,84007a
17019,23.50%, 61.16%, 37.66%,1.1800000000000068%,9b0360
17021,4.84%, 47.54%, 52.38%,0.0799999999999983%,790085
17023,14.77%, 57.36%, 42.59%,0.04999999999999716%,92006c
17025,20.38%, 60.13%, 39.75%,0.12000000000000455%,990065
17027,4.02%, 47.96%, 51.99%,0.04999999999999716%,7a0084
17029,16.99%, 58.45%, 41.46%,0.09000000000000341%,950069
17031,13.03%, 43.33%, 56.37%,0.30000000000001137%,6e008f
17033,23.19%, 61.58%, 38.39%,0.030000000000001137%,9d0061
17035,9.91%, 54.91%, 45.00%,0.09000000000000341%,8c0072
17037,39.32%, 69.62%, 30.30%,0.0799999999999983%,b1004d
17039,16.88%, 58.40%, 41.51%,0.09000000000000341%,940069
17041,23.97%, 61.95%, 37.98%,0.06999999999999318%,9d0060
17043,39.02%, 69.45%, 30.43%,0.12000000000000455%,b1004d
17045,18.78%, 59.37%, 40.59%,0.03999999999999204%,970067
17047,38.88%, 69.36%, 30.47%,0.1700000000000017%,b0004d
17049,6.07%, 53.01%, 46.94%,0.05000000000001137%,870077
17051,14.59%, 57.25%, 42.65%,0.09999999999999432%,91006c
17053,36.34%, 68.16%, 31.82%,0.020000000000010232%,ad0051
17055,2.12%, 50.98%, 48.86%,0.1599999999999966%,81007c
17057,8.11%, 53.93%, 45.81%,0.2599999999999909%,890074
17059,4.53%, 47.68%, 52.21%,0.10999999999999943%,790085
17061,7.67%, 53.78%, 46.10%,0.12000000000000455%,890075
17063,23.80%, 61.88%, 38.08%,0.03999999999999204%,9d0061
17065,18.05%, 58.94%, 40.89%,0.1700000000000017%,960068
17067,23.78%, 61.86%, 38.08%,0.060000000000002274%,9d0061
17069,14.03%, 56.96%, 42.92%,0.12000000000000455%,91006d
17071,20.48%, 60.19%, 39.71%,0.09999999999999432%,990065
17073,15.90%, 57.91%, 42.01%,0.0800000000000125%,93006b
17075,32.27%, 66.09%, 33.82%,0.09000000000000341%,a80056
17077,10.68%, 55.30%, 44.62%,0.0800000000000125%,8d0071
17079,5.70%, 52.84%, 47.14%,0.01999999999999602%,860078
17081,11.67%, 55.84%, 44.16%,0.0%,8e0070
17083,1.92%, 50.90%, 48.99%,0.10999999999999943%,81007c
17085,17.45%, 58.66%, 41.21%,0.12999999999999545%,950069
17087,32.52%, 66.19%, 33.67%,0.14000000000000057%,a80055
17089,27.79%, 63.84%, 36.05%,0.10999999999999943%,a2005b
17091,8.53%, 54.23%, 45.70%,0.06999999999999318%,8a0074
17093,45.37%, 72.62%, 27.25%,0.12999999999999545%,b90045
17095,20.26%, 60.09%, 39.83%,0.0799999999999983%,990065
17097,18.16%, 59.02%, 40.85%,0.12999999999999545%,960068
17099,0.04%, 49.98%, 49.94%,0.0800000000000125%,7f007f
17101,25.03%, 62.45%, 37.42%,0.12999999999999545%,9f005f
17103,29.51%, 64.73%, 35.22%,0.04999999999999716%,a50059
17105,32.84%, 66.42%, 33.57%,0.009999999999990905%,a90055
17107,24.47%, 62.18%, 37.71%,0.10999999999999943%,9e0060
17109,34.86%, 67.39%, 32.53%,0.0799999999999983%,ab0052
17111,34.09%, 66.97%, 32.87%,0.1599999999999966%,aa0053
17113,27.83%, 63.87%, 36.04%,0.09000000000000341%,a2005b
17115,2.11%, 50.95%, 48.85%,0.19999999999998863%,81007c
17117,5.58%, 47.12%, 52.70%,0.18000000000000682%,780086
17119,12.06%, 43.90%, 55.96%,0.14000000000000057%,6f008e
17121,9.90%, 54.92%, 45.02%,0.060000000000002274%,8c0072
17123,16.38%, 58.14%, 41.76%,0.09999999999999432%,94006a
17125,6.27%, 53.02%, 46.75%,0.22999999999998977%,870077
17127,26.17%, 63.05%, 36.87%,0.0800000000000125%,a0005e
17129,20.26%, 60.08%, 39.82%,0.09999999999999432%,990065
17131,23.24%, 61.60%, 38.36%,0.03999999999999204%,9d0061
17133,16.39%, 58.17%, 41.78%,0.04999999999999716%,94006a
17135,2.02%, 50.97%, 48.95%,0.0799999999999983%,81007c
17137,14.84%, 57.38%, 42.54%,0.0799999999999983%,92006c
17139,9.85%, 54.93%, 45.07%,0.0%,8c0072
17141,46.79%, 73.38%, 26.59%,0.030000000000001137%,bb0043
17143,7.64%, 53.77%, 46.13%,0.09999999999999432%,890075
17145,14.99%, 57.47%, 42.48%,0.05000000000001137%,92006c
17147,21.85%, 60.90%, 39.05%,0.05000000000001137%,9b0063
17149,4.41%, 52.16%, 47.75%,0.09000000000000341%,850079
17151,26.94%, 63.38%, 36.44%,0.18000000000000682%,a1005c
17153,6.03%, 52.83%, 46.81%,0.35999999999999943%,860077
17155,11.34%, 55.63%, 44.29%,0.0799999999999983%,8d0070
17157,4.20%, 52.05%, 47.85%,0.09999999999999432%,84007a
17159,27.70%, 63.80%, 36.09%,0.10999999999999943%,a2005c
17161,1.92%, 48.96%, 50.88%,0.1599999999999966%,7c0081
17163,23.07%, 38.31%, 61.38%,0.3100000000000023%,61009c
17165,12.85%, 56.36%, 43.52%,0.12000000000000455%,8f006e
17167,7.36%, 53.64%, 46.28%,0.0799999999999983%,880076
17169,18.05%, 59.00%, 40.96%,0.03999999999999204%,960068
17171,18.98%, 59.44%, 40.46%,0.09999999999999432%,970067
17173,9.14%, 54.53%, 45.39%,0.0799999999999983%,8b0073
17175,35.74%, 67.80%, 32.06%,0.14000000000000057%,ac0051
17177,26.45%, 63.07%, 36.62%,0.3100000000000023%,a0005d
17179,7.74%, 53.83%, 46.09%,0.0799999999999983%,890075
17181,1.27%, 50.58%, 49.31%,0.10999999999999943%,80007d
17183,14.82%, 57.34%, 42.51%,0.15000000000000568%,92006c
17185,17.15%, 58.55%, 41.40%,0.05000000000001137%,950069
17187,30.60%, 65.25%, 34.66%,0.09000000000000341%,a60058
17189,24.03%, 61.95%, 37.92%,0.12999999999999545%,9d0060
17191,25.42%, 62.67%, 37.25%,0.0799999999999983%,9f005e
17193,9.97%, 54.93%, 44.97%,0.09999999999999432%,8c0072
17195,31.30%, 65.56%, 34.27%,0.1699999999999875%,a70057
17197,1.81%, 50.86%, 49.04%,0.09999999999999432%,81007d
17199,9.55%, 54.72%, 45.17%,0.10999999999999943%,8b0073
17201,10.53%, 55.20%, 44.67%,0.12999999999999545%,8c0071
17203,29.58%, 64.76%, 35.18%,0.060000000000002274%,a50059
18001,23.09%, 61.11%, 38.02%,0.8700000000000045%,9b0260
18003,20.95%, 60.33%, 39.39%,0.28000000000000114%,990064
18005,18.74%, 59.09%, 40.35%,0.5600000000000023%,960166
18007,20.34%, 60.11%, 39.77%,0.12000000000000455%,990065
18009,7.28%, 53.33%, 46.06%,0.6099999999999994%,870175
18011,24.99%, 62.28%, 37.30%,0.4200000000000017%,9e015f
18013,4.50%, 51.76%, 47.26%,0.980000000000004%,830278
18015,24.15%, 61.88%, 37.73%,0.39000000000000057%,9d0060
18017,16.86%, 58.19%, 41.33%,0.480000000000004%,940169
18019,5.96%, 46.89%, 52.85%,0.2599999999999909%,770086
18021,16.30%, 57.92%, 41.62%,0.46000000000000796%,93016a
18023,19.04%, 59.32%, 40.28%,0.4000000000000057%,970166
18025,11.61%, 55.47%, 43.86%,0.6700000000000017%,8d016f
18027,20.72%, 60.20%, 39.48%,0.3199999999999932%,990064
18029,10.13%, 54.99%, 44.87%,0.14000000000000057%,8c0072
18031,20.83%, 60.17%, 39.34%,0.4899999999999949%,990164
18033,25.74%, 62.66%, 36.92%,0.4200000000000017%,9f015e
18035,5.85%, 52.75%, 46.90%,0.3499999999999943%,860077
18037,23.19%, 38.32%, 61.51%,0.1700000000000017%,61009c
18039,26.38%, 62.77%, 36.39%,0.8400000000000034%,a0025c
18041,12.33%, 55.97%, 43.63%,0.4000000000000057%,8e016f
18043,2.98%, 48.38%, 51.36%,0.2599999999999909%,7b0082
18045,17.70%, 58.71%, 41.01%,0.28000000000000114%,950068
18047,7.65%, 53.73%, 46.08%,0.18999999999999773%,890075
18049,32.75%, 66.11%, 33.36%,0.5300000000000011%,a80155
18051,8.29%, 53.89%, 45.61%,0.5%,890174
18053,16.38%, 57.92%, 41.54%,0.539999999999992%,930169
18055,16.31%, 57.81%, 41.51%,0.6800000000000068%,930169
18057,41.60%, 70.63%, 29.03%,0.3400000000000034%,b4004a
18059,20.86%, 60.21%, 39.35%,0.4399999999999977%,990164
18061,8.09%, 53.80%, 45.71%,0.4900000000000091%,890174
18063,31.52%, 65.51%, 33.99%,0.5%,a70156
18065,17.52%, 58.44%, 40.92%,0.6400000000000006%,950168
18067,14.36%, 56.94%, 42.58%,0.480000000000004%,91016c
18069,19.49%, 59.44%, 39.95%,0.6099999999999994%,970165
18071,10.98%, 55.27%, 44.29%,0.4399999999999977%,8c0170
18073,28.84%, 64.32%, 35.48%,0.20000000000001705%,a4005a
18075,14.10%, 56.73%, 42.63%,0.6400000000000006%,90016c
18077,10.56%, 55.11%, 44.54%,0.3499999999999943%,8c0071
18079,13.59%, 56.63%, 43.03%,0.3400000000000034%,90006d
18081,25.23%, 62.38%, 37.15%,0.46999999999999886%,9f015e
18083,7.31%, 53.40%, 46.10%,0.5%,880175
18085,39.30%, 69.11%, 29.80%,1.0900000000000034%,b0024b
18087,38.43%, 69.03%, 30.60%,0.37000000000000455%,b0004e
18089,25.68%, 37.04%, 62.72%,0.2400000000000091%,5e009f
18091,5.61%, 52.71%, 47.10%,0.18999999999999773%,860078
18093,22.78%, 61.15%, 38.37%,0.480000000000004%,9b0161
18095,4.95%, 52.31%, 47.36%,0.3299999999999983%,850078
18097,15.57%, 57.67%, 42.10%,0.22999999999998977%,93006b
18099,25.38%, 62.47%, 37.09%,0.4399999999999977%,9f015e
18101,3.20%, 51.55%, 48.35%,0.09999999999999432%,83007b
18103,17.53%, 58.45%, 40.92%,0.6299999999999955%,950168
18105,31.46%, 65.42%, 33.97%,0.6099999999999994%,a60156
18107,33.19%, 66.36%, 33.17%,0.46999999999999886%,a90154
18109,27.19%, 63.36%, 36.17%,0.46999999999999886%,a1015c
18111,30.49%, 65.12%, 34.62%,0.2599999999999909%,a60058
18113,20.95%, 60.27%, 39.32%,0.4099999999999966%,990164
18115,12.80%, 56.25%, 43.45%,0.29999999999999716%,8f006e
18117,18.76%, 59.19%, 40.44%,0.37000000000000455%,960067
18119,21.56%, 60.38%, 38.82%,0.7999999999999972%,990262
18121,16.17%, 57.94%, 41.77%,0.28999999999999204%,93006a
18123,5.89%, 46.97%, 52.86%,0.1700000000000017%,770086
18125,20.22%, 59.69%, 39.48%,0.8300000000000125%,980264
18127,18.63%, 59.18%, 40.54%,0.28000000000000114%,960067
18129,9.25%, 54.47%, 45.22%,0.3100000000000023%,8a0073
18131,17.12%, 57.67%, 40.56%,1.769999999999996%,930467
18133,15.63%, 57.63%, 42.00%,0.37000000000000455%,92006b
18135,30.61%, 64.92%, 34.31%,0.769999999999996%,a50157
18137,12.23%, 55.95%, 43.72%,0.3299999999999983%,8e006f
18139,27.59%, 63.54%, 35.94%,0.5200000000000102%,a2015b
18141,8.45%, 45.64%, 54.09%,0.269999999999996%,740089
18143,2.36%, 50.99%, 48.63%,0.37999999999999545%,82007c
18145,13.91%, 56.75%, 42.83%,0.4200000000000017%,90016d
18147,7.97%, 53.88%, 45.91%,0.21000000000000796%,890075
18149,6.93%, 53.28%, 46.35%,0.37000000000000455%,870076
18151,35.60%, 67.63%, 32.03%,0.3400000000000034%,ac0051
18153,0.31%, 49.85%, 49.54%,0.6099999999999994%,7f017e
18155,0.67%, 49.40%, 50.06%,0.539999999999992%,7d017f
18157,27.23%, 63.55%, 36.31%,0.14000000000000057%,a2005c
18159,19.76%, 59.88%, 40.12%,0.0%,980066
18161,27.69%, 63.73%, 36.03%,0.2400000000000091%,a2005b
18163,6.10%, 52.90%, 46.80%,0.30000000000001137%,860077
18165,5.80%, 46.92%, 52.71%,0.37000000000000455%,770086
18167,0.33%, 49.70%, 50.03%,0.269999999999996%,7e007f
18169,36.82%, 68.12%, 31.30%,0.5799999999999983%,ad014f
18171,29.03%, 64.29%, 35.26%,0.44999999999998863%,a30159
18173,12.46%, 56.10%, 43.64%,0.2599999999999909%,8f006f
18175,13.87%, 56.74%, 42.87%,0.39000000000000057%,90006d
18177,21.62%, 60.66%, 39.05%,0.29000000000000625%,9a0063
18179,18.61%, 58.91%, 40.30%,0.7900000000000063%,960266
18181,26.05%, 62.93%, 36.88%,0.18999999999999773%,a0005e
18183,21.52%, 60.50%, 38.98%,0.5200000000000102%,9a0163
19001,20.21%, 60.09%, 39.88%,0.030000000000001137%,990065
19003,14.16%, 57.08%, 42.92%,0.0%,91006d
19005,25.73%, 62.78%, 37.05%,0.1700000000000017%,a0005e
19007,19.08%, 59.43%, 40.35%,0.21999999999999886%,970066
19009,6.15%, 53.05%, 46.91%,0.04000000000000625%,870077
19011,12.75%, 56.33%, 43.58%,0.09000000000000341%,8f006f
19013,8.29%, 54.11%, 45.82%,0.06999999999999318%,890074
19015,8.00%, 53.97%, 45.97%,0.060000000000002274%,890075
19017,33.57%, 66.76%, 33.20%,0.03999999999999204%,aa0054
19019,9.84%, 54.90%, 45.07%,0.030000000000001137%,8b0072
19021,27.15%, 63.54%, 36.38%,0.0799999999999983%,a2005c
19023,40.40%, 70.18%, 29.78%,0.03999999999999204%,b2004b
19025,17.89%, 58.90%, 41.01%,0.09000000000000341%,960068
19027,20.61%, 39.66%, 60.27%,0.06999999999999318%,650099
19029,34.54%, 67.24%, 32.70%,0.060000000000002274%,ab0053
19031,23.91%, 61.92%, 38.02%,0.060000000000002274%,9d0060
19033,12.17%, 56.05%, 43.88%,0.06999999999999318%,8e006f
19035,18.28%, 59.10%, 40.82%,0.0799999999999983%,960068
19037,3.05%, 48.45%, 51.50%,0.04999999999999716%,7b0083
19039,15.93%, 57.82%, 41.89%,0.28999999999999204%,93006a
19041,20.08%, 60.03%, 39.95%,0.01999999999999602%,990065
19043,16.54%, 58.25%, 41.71%,0.03999999999999204%,94006a
19045,13.52%, 56.71%, 43.19%,0.09999999999999432%,90006e
19047,12.57%, 56.25%, 43.67%,0.0799999999999983%,8f006f
19049,7.96%, 53.93%, 45.97%,0.09999999999999432%,890075
19051,6.83%, 53.36%, 46.53%,0.10999999999999943%,880076
19053,11.51%, 55.69%, 44.18%,0.12999999999999545%,8e0070
