id,margin,mccain,obama,other,hex_color
01001,47.84%, 73.61%, 25.77%, 0.61%,bb0141
01003,51.45%, 75.26%, 23.81%, 0.93%,bf023c
01005,1.45%, 50.44%, 48.99%, 0.58%,80017c
01007,45.85%, 72.44%, 26.60%, 0.96%,b80243
01009,69.51%, 84.02%, 14.51%, 1.47%,d60325
01011,48.38%, 25.69%, 74.07%, 0.24%,4100bc
01013,13.36%, 56.49%, 43.14%, 0.37%,90006e
01015,32.52%, 65.69%, 33.17%, 1.14%,a70254
01017,8.48%, 53.94%, 45.46%, 0.60%,890173
01019,51.23%, 74.89%, 23.66%, 1.45%,be033c
01021,57.84%, 78.49%, 20.66%, 0.85%,c80234
01023,7.44%, 53.50%, 46.06%, 0.44%,880175
01025,11.55%, 55.57%, 44.02%, 0.41%,8d0170
01027,47.28%, 73.09%, 25.81%, 1.10%,ba0241
01029,62.35%, 80.35%, 17.99%, 1.66%,cc042d
01031,48.89%, 74.12%, 25.23%, 0.65%,bd0140
01033,20.27%, 59.33%, 39.06%, 1.61%,970463
01035,0.59%, 49.98%, 49.39%, 0.63%,7f017d
01037,17.53%, 58.39%, 40.86%, 0.75%,940168
01039,58.30%, 78.82%, 20.52%, 0.65%,c80134
01041,37.85%, 68.65%, 30.81%, 0.54%,af014e
01043,65.24%, 81.85%, 16.61%, 1.54%,d0032a
01045,44.60%, 71.87%, 27.28%, 0.85%,b70245
01047,34.47%, 32.60%, 67.07%, 0.33%,5300ab
01049,51.21%, 74.77%, 23.56%, 1.67%,be043c
01051,50.93%, 75.12%, 24.19%, 0.69%,bf013d
01053,28.53%, 63.89%, 35.36%, 0.76%,a2015a
01055,38.22%, 68.39%, 30.17%, 1.44%,ae034c
01057,48.88%, 73.93%, 25.06%, 1.01%,bc023f
01059,39.16%, 68.83%, 29.67%, 1.51%,af034b
01061,62.48%, 80.78%, 18.31%, 0.91%,cd022e
01063,66.58%, 16.51%, 83.09%, 0.40%,2a01d3
01065,21.69%, 38.96%, 60.65%, 0.39%,63009a
01067,29.68%, 64.58%, 34.90%, 0.52%,a40158
01069,40.80%, 70.09%, 29.29%, 0.61%,b2014a
01071,36.93%, 67.47%, 30.54%, 2.00%,ac054d
01073,5.09%, 47.07%, 52.15%, 0.78%,780184
01075,53.78%, 76.59%, 22.81%, 0.59%,c3013a
01077,28.18%, 63.16%, 34.98%, 1.86%,a10459
01079,28.02%, 63.19%, 35.18%, 1.63%,a10459
01081,19.76%, 59.33%, 39.57%, 1.10%,970264
01083,41.91%, 70.33%, 28.42%, 1.24%,b30348
01085,50.01%, 24.86%, 74.87%, 0.27%,3f00be
01087,74.05%, 12.83%, 86.88%, 0.29%,2000dd
01089,14.94%, 56.88%, 41.93%, 1.19%,91036a
01091,3.57%, 48.09%, 51.66%, 0.25%,7a0083
01093,56.14%, 77.18%, 21.04%, 1.77%,c40435
01095,56.35%, 77.57%, 21.22%, 1.21%,c50336
01097,8.75%, 54.04%, 45.30%, 0.66%,890173
01099,10.22%, 54.88%, 44.66%, 0.46%,8b0171
01101,19.22%, 40.13%, 59.35%, 0.52%,660197
01103,43.76%, 71.26%, 27.49%, 1.25%,b50346
01105,45.10%, 27.26%, 72.37%, 0.37%,4500b8
01107,8.34%, 53.98%, 45.63%, 0.39%,890074
01109,15.23%, 57.36%, 42.13%, 0.52%,92016b
01111,39.59%, 69.10%, 29.51%, 1.40%,b0034b
01113,7.30%, 46.02%, 53.32%, 0.66%,750187
01115,63.24%, 81.11%, 17.87%, 1.02%,ce022d
01117,53.43%, 76.19%, 22.75%, 1.06%,c2023a
01119,50.33%, 24.66%, 74.99%, 0.36%,3e00bf
01121,18.52%, 58.80%, 40.28%, 0.92%,950266
01123,36.52%, 67.92%, 31.40%, 0.68%,ad0150
01125,15.98%, 57.54%, 41.56%, 0.90%,920269
01127,46.43%, 72.32%, 25.90%, 1.78%,b80442
01129,29.48%, 64.43%, 34.95%, 0.62%,a40159
01131,42.25%, 28.77%, 71.02%, 0.22%,4900b5
01133,63.26%, 80.78%, 17.52%, 1.70%,cd042c
02013,0%,-,-,-,000000
02016,0%,-,-,-,000000
02020,0%,-,-,-,000000
02050,0%,-,-,-,000000
02060,0%,-,-,-,000000
02068,0%,-,-,-,000000
02070,0%,-,-,-,000000
02090,0%,-,-,-,000000
02100,0%,-,-,-,000000
02105,0%,-,-,-,000000
02110,0%,-,-,-,000000
02122,0%,-,-,-,000000
02130,0%,-,-,-,000000
02150,0%,-,-,-,000000
02164,0%,-,-,-,000000
02170,0%,-,-,-,000000
02180,0%,-,-,-,000000
02185,0%,-,-,-,000000
02188,0%,-,-,-,000000
02195,0%,-,-,-,000000
02198,0%,-,-,-,000000
02220,0%,-,-,-,000000
02230,0%,-,-,-,000000
02240,0%,-,-,-,000000
02261,0%,-,-,-,000000
02270,0%,-,-,-,000000
02275,0%,-,-,-,000000
02282,0%,-,-,-,000000
02290,0%,-,-,-,000000
04001,28.08%, 35.11%, 63.19%, 1.70%,5904a1
04003,20.54%, 59.14%, 38.60%, 2.27%,960562
04005,16.94%, 40.65%, 57.59%, 1.77%,670492
04007,27.71%, 62.88%, 35.17%, 1.95%,a00459
04009,40.51%, 69.40%, 28.89%, 1.71%,b00449
04011,18.73%, 58.63%, 39.90%, 1.47%,950365
04012,28.33%, 62.92%, 34.59%, 2.49%,a00658
04013,10.52%, 54.43%, 43.91%, 1.66%,8a046f
04015,32.71%, 65.20%, 32.49%, 2.31%,a60552
04017,11.64%, 55.00%, 43.36%, 1.65%,8c046e
04019,6.04%, 46.20%, 52.24%, 1.57%,750485
04021,14.39%, 56.38%, 41.99%, 1.63%,8f046b
04023,31.21%, 33.86%, 65.07%, 1.07%,5602a5
04025,24.26%, 61.08%, 36.82%, 2.10%,9b055d
04027,13.75%, 56.15%, 42.40%, 1.45%,8f036c
05001,22.44%, 59.97%, 37.53%, 2.49%,98065f
05003,28.12%, 62.55%, 34.44%, 3.01%,9f0757
05005,31.60%, 64.32%, 32.73%, 2.95%,a40753
05007,36.53%, 67.20%, 30.67%, 2.13%,ab054e
05009,39.68%, 68.34%, 28.66%, 3.00%,ae0749
05011,14.40%, 55.98%, 41.57%, 2.45%,8e066a
05013,34.78%, 65.94%, 31.17%, 2.89%,a8074f
05015,18.06%, 57.50%, 39.44%, 3.06%,920764
05017,17.74%, 40.69%, 58.43%, 0.88%,670294
05019,3.75%, 50.67%, 46.92%, 2.41%,810677
05021,14.30%, 55.02%, 40.72%, 1.78%,8c0467
05023,44.20%, 70.22%, 26.03%, 3.75%,b30942
05025,43.94%, 69.93%, 25.99%, 1.94%,b20442
05027,24.14%, 61.32%, 37.18%, 1.50%,9c035e
05029,18.95%, 57.64%, 38.70%, 3.66%,920962
05031,24.50%, 60.97%, 36.47%, 2.56%,9b065c
05033,46.03%, 71.54%, 25.51%, 2.95%,b60741
05035,14.68%, 41.91%, 56.59%, 1.51%,6a0390
05037,25.43%, 61.61%, 36.19%, 2.20%,9d055c
05039,8.62%, 52.95%, 44.33%, 2.71%,870671
05041,12.18%, 42.73%, 54.92%, 2.35%,6c058c
05043,19.09%, 58.40%, 39.30%, 2.30%,940564
05045,25.27%, 61.59%, 36.32%, 2.09%,9d055c
05047,39.26%, 68.12%, 28.86%, 3.01%,ad0749
05049,18.88%, 57.78%, 38.90%, 3.31%,930863
05051,24.99%, 61.36%, 36.37%, 2.28%,9c055c
05053,50.95%, 73.94%, 22.99%, 3.06%,bc073a
05055,29.66%, 63.02%, 33.36%, 1.59%,a00455
05057,19.10%, 58.14%, 39.04%, 2.82%,940763
05059,24.43%, 60.30%, 35.87%, 1.69%,99045b
05061,24.99%, 61.02%, 36.03%, 2.95%,9b075b
05063,37.13%, 67.12%, 29.99%, 2.89%,ab074c
05065,26.85%, 61.19%, 34.34%, 2.45%,9c0657
05067,16.32%, 55.86%, 39.54%, 1.76%,8e0464
05069,26.31%, 35.89%, 62.19%, 1.92%,5b049e
05071,23.08%, 60.17%, 37.09%, 2.74%,99065e
05073,19.02%, 58.06%, 39.04%, 2.89%,940763
05075,20.91%, 57.58%, 36.67%, 2.44%,92065d
05077,21.50%, 38.64%, 60.14%, 1.22%,620399
05079,18.23%, 57.04%, 38.81%, 4.15%,910a62
05081,29.00%, 63.02%, 34.03%, 2.95%,a00756
05083,38.75%, 67.66%, 28.91%, 1.39%,ac0349
05085,47.49%, 72.63%, 25.14%, 2.24%,b90540
05087,28.89%, 62.77%, 33.88%, 3.35%,a00856
05089,29.88%, 63.17%, 33.29%, 3.55%,a10954
05091,33.49%, 65.81%, 32.32%, 1.87%,a70452
05093,2.21%, 49.79%, 47.59%, 2.62%,7e0679
05095,4.03%, 50.86%, 46.83%, 2.32%,810577
05097,35.15%, 65.30%, 30.15%, 2.26%,a6054c
05099,16.18%, 56.73%, 40.55%, 2.72%,900667
05101,35.51%, 65.35%, 29.85%, 2.55%,a6064c
05103,10.85%, 54.49%, 43.63%, 1.88%,8a046f
05105,32.51%, 64.10%, 31.60%, 2.06%,a30550
05107,28.97%, 34.53%, 63.50%, 1.97%,5805a1
05109,41.30%, 68.76%, 27.46%, 3.78%,af0946
05111,27.26%, 61.84%, 34.59%, 1.03%,9d0258
05113,45.78%, 71.25%, 25.48%, 3.27%,b50840
05115,43.33%, 70.51%, 27.18%, 2.31%,b30545
05117,34.75%, 65.75%, 31.00%, 3.25%,a7084f
05119,11.55%, 43.52%, 55.07%, 1.41%,6e038c
05121,18.14%, 57.21%, 39.07%, 3.72%,910963
05123,16.51%, 41.21%, 57.72%, 1.07%,690293
05125,40.95%, 69.38%, 28.43%, 2.19%,b00548
05127,43.50%, 69.86%, 26.36%, 3.78%,b20943
05129,45.88%, 70.86%, 24.98%, 4.16%,b40a3f
05131,34.63%, 66.27%, 31.64%, 2.09%,a80550
05133,40.04%, 68.23%, 28.19%, 1.51%,ad0347
05135,28.94%, 62.53%, 33.59%, 1.67%,9f0455
05137,36.36%, 66.38%, 30.02%, 3.61%,a9094c
05139,26.12%, 62.15%, 36.03%, 1.82%,9e045b
05141,31.70%, 63.79%, 32.09%, 1.97%,a20551
05143,13.08%, 55.52%, 42.44%, 2.04%,8d056c
05145,47.25%, 72.22%, 24.97%, 2.80%,b8073f
05147,7.46%, 43.68%, 51.14%, 2.57%,6f0682
05149,29.90%, 63.09%, 33.18%, 3.73%,a00954
06001,59.33%, 19.19%, 78.52%, 2.29%,3005c8
06003,24.50%, 36.31%, 60.81%, 2.88%,5c079b
06005,14.56%, 55.94%, 41.38%, 2.67%,8e0669
06007,2.34%, 47.32%, 49.66%, 3.03%,78077e
06009,12.90%, 54.80%, 41.90%, 3.30%,8b086a
06011,18.05%, 57.89%, 39.84%, 2.26%,930565
06013,37.63%, 30.10%, 67.73%, 2.17%,4c05ac
06015,6.76%, 52.11%, 45.36%, 2.53%,840673
06017,10.49%, 53.92%, 43.44%, 2.64%,89066e
06019,2.08%, 47.91%, 49.99%, 2.10%,7a057f
06021,22.03%, 59.82%, 37.80%, 2.38%,980660
06023,28.11%, 33.94%, 62.05%, 4.01%,560a9e
06025,26.16%, 36.08%, 62.24%, 1.67%,5c049e
06027,9.12%, 52.88%, 43.76%, 3.37%,86086f
06029,17.68%, 57.65%, 39.97%, 2.38%,930665
06031,14.14%, 56.14%, 42.00%, 1.85%,8f046b
06033,19.19%, 38.76%, 57.96%, 3.28%,620893
06035,34.09%, 65.45%, 31.37%, 3.18%,a6084f
06037,40.37%, 28.82%, 69.19%, 1.99%,4905b0
06039,13.26%, 55.52%, 42.27%, 2.21%,8d056b
06041,57.58%, 20.19%, 77.77%, 2.04%,3305c6
06043,12.38%, 54.75%, 42.37%, 2.88%,8b076c
06045,42.61%, 26.68%, 69.29%, 4.03%,440ab0
06047,8.32%, 44.81%, 53.13%, 2.05%,720587
06049,37.74%, 67.44%, 29.71%, 2.85%,ab074b
06051,13.27%, 42.25%, 55.52%, 2.23%,6b058d
06053,38.26%, 29.89%, 68.15%, 1.95%,4c04ad
06055,32.47%, 32.67%, 65.14%, 2.19%,5305a6
06057,5.31%, 46.12%, 51.43%, 2.46%,750683
06059,2.56%, 50.19%, 47.63%, 2.17%,7f0579
06061,11.24%, 54.45%, 43.21%, 2.33%,8a056e
06063,11.97%, 54.72%, 42.75%, 2.52%,8b066d
06065,2.31%, 47.90%, 50.21%, 1.89%,7a0480
06067,18.96%, 39.34%, 58.30%, 2.35%,640594
06069,22.70%, 37.52%, 60.22%, 2.25%,5f0599
06071,6.32%, 45.75%, 52.07%, 2.18%,740584
06073,10.16%, 43.79%, 53.95%, 2.26%,6f0589
06075,70.33%, 13.62%, 83.96%, 2.42%,2206d6
06077,10.64%, 43.56%, 54.19%, 2.25%,6f058a
06079,5.35%, 45.85%, 51.20%, 2.95%,740782
06081,48.72%, 24.75%, 73.47%, 1.78%,3f04bb
06083,22.82%, 37.39%, 60.21%, 2.40%,5f0699
06085,40.90%, 28.55%, 69.45%, 2.00%,4805b1
06087,57.54%, 19.76%, 77.30%, 2.93%,3207c5
06089,25.78%, 61.68%, 35.91%, 2.41%,9d065b
06091,20.84%, 58.16%, 37.32%, 4.52%,940b5f
06093,10.33%, 53.42%, 43.09%, 3.49%,88086d
06095,28.50%, 34.68%, 63.18%, 2.14%,5805a1
06097,49.60%, 24.04%, 73.64%, 2.33%,3d05bb
06099,1.72%, 47.98%, 49.70%, 2.31%,7a057e
06101,16.65%, 57.27%, 40.62%, 2.11%,920567
06103,24.01%, 60.44%, 36.42%, 3.14%,9a085c
06105,4.56%, 45.72%, 50.28%, 4.00%,740a80
06107,15.29%, 56.64%, 41.35%, 2.01%,900569
06109,12.66%, 54.90%, 42.24%, 2.87%,8b076b
06111,12.24%, 42.77%, 55.01%, 2.22%,6d058c
06113,36.23%, 30.84%, 67.07%, 2.09%,4e05ab
06115,14.68%, 56.10%, 41.43%, 2.47%,8f0669
08001,18.36%, 39.86%, 58.22%, 1.92%,650494
08003,14.09%, 41.92%, 56.01%, 2.07%,6a058e
08005,12.91%, 42.78%, 55.69%, 1.53%,6d038e
08007,12.11%, 54.91%, 42.81%, 2.28%,8c056d
08009,47.63%, 72.28%, 24.64%, 3.08%,b8073e
08011,14.48%, 56.09%, 41.61%, 2.29%,8f056a
08013,46.14%, 26.14%, 72.29%, 1.57%,4204b8
08014,11.58%, 43.31%, 54.89%, 1.79%,6e048b
08015,0.11%, 49.12%, 49.01%, 1.87%,7d047c
08017,62.29%, 80.11%, 17.82%, 2.07%,cc052d
08019,17.89%, 39.88%, 57.78%, 2.34%,650593
08021,12.93%, 42.67%, 55.60%, 1.73%,6c048d
08023,48.91%, 24.45%, 73.36%, 2.18%,3e05bb
08025,27.21%, 62.64%, 35.43%, 1.93%,9f045a
08027,28.91%, 63.60%, 34.69%, 1.71%,a20458
08029,32.29%, 65.23%, 32.94%, 1.83%,a60453
08031,52.41%, 23.04%, 75.45%, 1.50%,3a03c0
08033,36.89%, 67.21%, 30.32%, 2.47%,ab064d
08035,17.22%, 58.03%, 40.81%, 1.15%,930268
08037,23.13%, 37.77%, 60.91%, 1.32%,60039b
08039,40.05%, 68.97%, 28.92%, 2.11%,af0549
08041,18.82%, 58.69%, 39.86%, 1.45%,950365
08043,29.24%, 63.60%, 34.36%, 2.04%,a20557
08045,0.01%, 49.21%, 49.20%, 1.59%,7d047d
08047,20.99%, 38.08%, 59.07%, 2.85%,610796
08049,1.10%, 49.68%, 48.59%, 1.73%,7e047b
08051,27.35%, 35.29%, 62.64%, 2.06%,59059f
08053,17.36%, 57.43%, 40.07%, 2.50%,920666
08055,11.23%, 43.37%, 54.60%, 2.03%,6e058b
08057,37.96%, 68.27%, 30.31%, 1.42%,ae034d
08059,8.99%, 44.61%, 53.60%, 1.79%,710488
08061,55.40%, 76.29%, 20.89%, 2.82%,c20735
08063,44.83%, 71.32%, 26.50%, 2.18%,b50543
08065,26.02%, 35.91%, 61.93%, 2.17%,5b059d
08067,16.28%, 41.11%, 57.39%, 1.50%,680392
08069,9.73%, 44.26%, 53.99%, 1.75%,700489
08071,7.04%, 45.64%, 52.68%, 1.67%,740486
08073,50.82%, 74.52%, 23.70%, 1.78%,be043c
08075,35.16%, 66.86%, 31.70%, 1.44%,aa0350
08077,29.54%, 64.02%, 34.48%, 1.50%,a30357
08079,10.27%, 53.61%, 43.34%, 3.05%,88076e
08081,43.48%, 70.43%, 26.95%, 2.62%,b30644
08083,19.45%, 58.87%, 39.42%, 1.72%,960464
08085,29.78%, 63.69%, 33.91%, 2.40%,a20656
08087,24.03%, 61.29%, 37.26%, 1.46%,9c035f
08089,10.49%, 54.47%, 43.98%, 1.55%,8a0370
08091,8.79%, 44.67%, 53.46%, 1.86%,710488
08093,6.88%, 52.18%, 45.29%, 2.53%,850673
08095,43.83%, 71.34%, 27.51%, 1.15%,b50246
08097,48.82%, 24.92%, 73.74%, 1.33%,3f03bc
08099,33.72%, 65.94%, 32.22%, 1.84%,a80452
08101,14.97%, 41.78%, 56.74%, 1.48%,6a0390
08103,56.63%, 77.44%, 20.81%, 1.75%,c50435
08105,8.85%, 53.82%, 44.97%, 1.21%,890372
08107,26.86%, 35.80%, 62.66%, 1.55%,5b039f
08109,28.15%, 34.76%, 62.91%, 2.33%,5805a0
08111,9.27%, 43.95%, 53.23%, 2.82%,700787
08113,55.54%, 21.45%, 76.99%, 1.56%,3603c4
08115,28.79%, 63.43%, 34.64%, 1.92%,a10458
08117,33.02%, 32.77%, 65.79%, 1.44%,5303a7
08119,28.15%, 63.12%, 34.97%, 1.91%,a00459
08121,56.51%, 77.56%, 21.05%, 1.39%,c50335
08123,8.72%, 53.39%, 44.67%, 1.93%,880471
08125,48.38%, 73.30%, 24.92%, 1.78%,ba043f
09001,18.18%, 40.54%, 58.72%, 0.74%,670195
09003,31.43%, 33.67%, 65.11%, 1.22%,5503a6
09005,4.92%, 46.66%, 51.57%, 1.77%,760483
09007,23.00%, 37.73%, 60.72%, 1.55%,60039a
09009,23.23%, 37.78%, 61.01%, 1.21%,60039b
09011,21.05%, 38.83%, 59.88%, 1.29%,630398
09013,20.91%, 38.76%, 59.67%, 1.57%,620498
09015,14.68%, 41.72%, 56.39%, 1.89%,6a048f
10001,9.81%, 44.57%, 54.38%, 1.05%,71028a
10003,40.59%, 29.07%, 69.66%, 1.26%,4a03b1
10005,8.58%, 53.82%, 45.24%, 0.93%,890273
11001,85.92%, 6.53%, 92.46%, 1.01%,1002eb
12001,21.48%, 38.51%, 59.99%, 1.50%,620398
12003,57.23%, 78.22%, 20.99%, 0.79%,c70235
12005,40.59%, 69.66%, 29.07%, 1.27%,b1034a
12007,40.21%, 69.52%, 29.31%, 1.17%,b1024a
12009,10.37%, 54.54%, 44.17%, 1.29%,8b0370
12011,34.68%, 32.34%, 67.02%, 0.64%,5201aa
12013,40.29%, 69.36%, 29.07%, 1.56%,b0034a
12015,7.22%, 52.87%, 45.65%, 1.48%,860374
12017,16.01%, 57.13%, 41.12%, 1.76%,910468
12019,42.76%, 70.95%, 28.18%, 0.87%,b40247
12021,22.49%, 60.84%, 38.35%, 0.82%,9b0261
12023,33.67%, 66.17%, 32.50%, 1.33%,a80352
12027,12.29%, 55.41%, 43.12%, 1.47%,8d036d
12029,44.82%, 71.22%, 26.40%, 2.39%,b50643
12031,1.90%, 50.53%, 48.63%, 0.85%,80027c
12033,19.27%, 59.02%, 39.76%, 1.22%,960365
12035,1.57%, 48.66%, 50.24%, 1.10%,7c0280
12037,27.84%, 63.12%, 35.28%, 1.60%,a00459
12039,38.92%, 30.22%, 69.14%, 0.64%,4d01b0
12041,46.81%, 72.34%, 25.53%, 2.14%,b80541
12043,20.16%, 59.45%, 39.29%, 1.27%,970364
12045,39.22%, 68.99%, 29.77%, 1.23%,af034b
12047,14.56%, 56.81%, 42.24%, 0.95%,90026b
12049,29.49%, 64.00%, 34.51%, 1.49%,a30358
12051,7.16%, 52.94%, 45.78%, 1.27%,860374
12053,3.55%, 51.01%, 47.46%, 1.53%,820379
12055,18.00%, 58.37%, 40.37%, 1.26%,940366
12057,7.12%, 45.94%, 53.05%, 1.01%,750287
12059,64.84%, 81.63%, 16.78%, 1.59%,d0042a
12061,14.78%, 56.74%, 41.96%, 1.29%,90036a
12063,27.97%, 63.47%, 35.49%, 1.04%,a1025a
12065,3.65%, 47.59%, 51.24%, 1.17%,790282
12067,60.32%, 79.33%, 19.01%, 1.66%,ca0430
12069,13.47%, 56.19%, 42.71%, 1.10%,8f026c
12071,10.34%, 54.67%, 44.34%, 0.99%,8b0271
12073,24.20%, 37.40%, 61.60%, 1.00%,5f029d
12075,26.84%, 62.56%, 35.72%, 1.72%,9f045b
12077,43.94%, 71.18%, 27.24%, 1.58%,b50445
12079,3.08%, 51.02%, 47.94%, 1.04%,82027a
12081,7.01%, 52.94%, 45.93%, 1.12%,860275
12083,11.56%, 55.14%, 43.58%, 1.28%,8c036f
12085,13.54%, 56.22%, 42.67%, 1.11%,8f026c
12086,16.11%, 41.70%, 57.81%, 0.49%,6a0193
12087,4.89%, 46.86%, 51.75%, 1.39%,770383
12089,43.72%, 71.38%, 27.66%, 0.97%,b60246
12091,44.81%, 71.82%, 27.01%, 1.17%,b70244
12093,19.11%, 58.89%, 39.79%, 1.32%,960365
12095,18.61%, 40.35%, 58.96%, 0.69%,660196
12097,19.69%, 39.72%, 59.41%, 0.87%,650297
12099,22.87%, 38.22%, 61.08%, 0.70%,61019b
12101,3.57%, 51.07%, 47.51%, 1.42%,820379
12103,8.22%, 45.16%, 53.38%, 1.46%,730388
12105,6.11%, 52.45%, 46.34%, 1.21%,850376
12107,19.23%, 59.01%, 39.77%, 1.22%,960365
12109,31.51%, 65.25%, 33.74%, 1.01%,a60256
12111,12.08%, 43.41%, 55.49%, 1.11%,6e028d
12113,47.79%, 73.28%, 25.49%, 1.22%,ba0340
12115,0.10%, 49.47%, 49.37%, 1.16%,7e027d
12117,2.78%, 50.90%, 48.12%, 0.98%,81027a
12119,26.97%, 63.01%, 36.04%, 0.94%,a0025b
12121,43.01%, 70.77%, 27.76%, 1.47%,b40346
12123,38.93%, 68.79%, 29.86%, 1.35%,af034c
12125,49.72%, 74.20%, 24.48%, 1.32%,bd033e
12127,5.66%, 46.53%, 52.19%, 1.28%,760385
12129,24.81%, 61.75%, 36.94%, 1.31%,9d035e
12131,45.64%, 72.08%, 26.43%, 1.49%,b70343
12133,47.60%, 73.23%, 25.64%, 1.13%,ba0241
13001,46.26%, 72.62%, 26.36%, 1.01%,b90243
13003,34.50%, 66.77%, 32.27%, 0.96%,aa0252
13005,57.64%, 78.36%, 20.73%, 0.91%,c70234
13007,1.07%, 49.02%, 50.09%, 0.89%,7d027f
13009,4.61%, 47.23%, 51.84%, 0.93%,780284
13011,65.50%, 81.93%, 16.43%, 1.63%,d00429
13013,44.53%, 71.55%, 27.02%, 1.42%,b60344
13015,45.10%, 71.81%, 26.71%, 1.48%,b70344
13017,13.66%, 56.46%, 42.80%, 0.74%,8f016d
13019,53.15%, 75.95%, 22.80%, 1.26%,c1033a
13021,17.98%, 40.69%, 58.67%, 0.64%,670195
13023,44.79%, 71.93%, 27.14%, 0.92%,b70245
13025,62.99%, 80.79%, 17.80%, 1.42%,ce032d
13027,13.51%, 56.52%, 43.01%, 0.47%,90016d
13029,42.56%, 70.82%, 28.26%, 0.92%,b40248
13031,19.14%, 59.12%, 39.98%, 0.90%,960265
13033,9.22%, 45.08%, 54.30%, 0.62%,72018a
13035,31.66%, 65.32%, 33.67%, 1.01%,a60255
13037,21.70%, 38.97%, 60.67%, 0.36%,63009a
13039,23.50%, 61.39%, 37.89%, 0.72%,9c0160
13043,30.58%, 64.91%, 34.33%, 0.77%,a50157
13045,32.87%, 65.76%, 32.89%, 1.35%,a70353
13047,49.55%, 74.04%, 24.49%, 1.47%,bc033e
13049,34.33%, 66.70%, 32.38%, 0.92%,aa0252
13051,14.42%, 42.40%, 56.82%, 0.78%,6c0190
13053,1.15%, 48.97%, 50.12%, 0.91%,7c027f
13055,35.70%, 66.83%, 31.14%, 2.03%,aa054f
13057,51.00%, 74.79%, 23.78%, 1.43%,be033c
13059,31.22%, 33.58%, 64.80%, 1.62%,5504a5
13061,22.29%, 38.75%, 61.04%, 0.21%,62009b
13063,66.34%, 16.59%, 82.93%, 0.48%,2a01d3
13065,25.50%, 62.10%, 36.60%, 1.30%,9e035d
13067,9.41%, 54.08%, 44.67%, 1.25%,890371
13069,29.52%, 64.49%, 34.97%, 0.55%,a40159
13071,37.51%, 68.27%, 30.76%, 0.97%,ae024e
13073,42.58%, 70.89%, 28.31%, 0.80%,b40248
13075,28.89%, 64.00%, 35.12%, 0.88%,a30259
13077,41.11%, 70.05%, 28.94%, 1.01%,b20249
13079,29.08%, 63.99%, 34.91%, 1.11%,a30259
13081,17.73%, 58.56%, 40.84%, 0.60%,950168
13083,47.98%, 73.01%, 25.02%, 1.97%,ba053f
13085,66.19%, 82.54%, 16.34%, 1.12%,d20229
13087,14.12%, 56.72%, 42.60%, 0.68%,90016c
13089,58.55%, 20.31%, 78.86%, 0.83%,3302c9
13091,35.85%, 67.40%, 31.55%, 1.05%,ab0250
13093,3.53%, 47.85%, 51.38%, 0.77%,7a0183
13095,34.94%, 32.27%, 67.21%, 0.52%,5201ab
13097,1.84%, 48.58%, 50.41%, 1.01%,7b0280
13099,2.02%, 50.74%, 48.72%, 0.54%,81017c
13101,65.66%, 82.58%, 16.92%, 0.51%,d2012b
13103,50.61%, 74.87%, 24.27%, 0.86%,be023d
13105,18.03%, 58.43%, 40.40%, 1.18%,940367
13107,24.75%, 61.92%, 37.18%, 0.90%,9d025e
13109,28.22%, 63.85%, 35.63%, 0.52%,a2015a
13111,48.82%, 73.35%, 24.53%, 2.11%,bb053e
13113,30.60%, 64.77%, 34.17%, 1.05%,a50257
13115,36.25%, 67.40%, 31.15%, 1.45%,ab034f
13117,57.96%, 78.36%, 20.40%, 1.23%,c70334
13119,51.28%, 74.90%, 23.62%, 1.48%,be033c
13121,34.97%, 32.08%, 67.06%, 0.86%,5102ab
13123,51.80%, 75.17%, 23.37%, 1.47%,bf033b
13125,69.47%, 84.17%, 14.71%, 1.12%,d60225
13127,23.36%, 61.31%, 37.95%, 0.74%,9c0160
13129,50.10%, 74.27%, 24.17%, 1.55%,bd033d
13131,23.86%, 61.63%, 37.77%, 0.61%,9d0160
13133,15.06%, 57.21%, 42.15%, 0.63%,91016b
13135,10.22%, 54.56%, 44.35%, 1.09%,8b0271
13137,59.67%, 79.18%, 19.52%, 1.30%,c90331
13139,50.73%, 74.77%, 24.04%, 1.18%,be033d
13141,63.02%, 18.28%, 81.30%, 0.41%,2e01cf
13143,57.59%, 77.79%, 20.20%, 2.01%,c60533
13145,43.25%, 71.25%, 28.00%, 0.76%,b50147
13147,31.64%, 65.21%, 33.57%, 1.22%,a60355
13149,49.42%, 74.05%, 24.63%, 1.32%,bc033e
13151,7.45%, 53.29%, 45.85%, 0.86%,870274
13153,20.16%, 59.59%, 39.43%, 0.98%,970264
13155,36.67%, 67.84%, 31.17%, 0.99%,ac024f
13157,55.73%, 77.23%, 21.51%, 1.26%,c40336
13159,33.51%, 66.25%, 32.74%, 1.02%,a80253
13161,47.50%, 73.16%, 25.65%, 1.19%,ba0341
13163,15.04%, 42.31%, 57.35%, 0.35%,6b0092
13165,13.19%, 56.25%, 43.06%, 0.70%,8f016d
13167,33.64%, 66.47%, 32.82%, 0.71%,a90153
13169,25.76%, 62.46%, 36.69%, 0.85%,9f025d
13171,27.53%, 63.24%, 35.72%, 1.04%,a1025b
13173,25.17%, 62.05%, 36.88%, 1.08%,9e025e
13175,21.45%, 60.37%, 38.92%, 0.71%,990163
13177,52.05%, 75.69%, 23.64%, 0.66%,c1013c
13179,28.33%, 35.54%, 63.87%, 0.60%,5a01a2
13181,24.43%, 61.73%, 37.30%, 0.97%,9d025f
13183,24.02%, 61.24%, 37.23%, 1.53%,9c035e
13185,9.36%, 54.19%, 44.83%, 0.98%,8a0272
13187,51.67%, 74.95%, 23.28%, 1.76%,bf043b
13189,14.92%, 57.11%, 42.19%, 0.70%,91016b
13191,6.05%, 52.63%, 46.58%, 0.79%,860276
13193,30.88%, 34.35%, 65.23%, 0.42%,5701a6
13195,46.29%, 72.38%, 26.09%, 1.53%,b80342
13197,12.26%, 55.58%, 43.32%, 1.10%,8d026e
13199,5.43%, 52.34%, 46.91%, 0.75%,850177
13201,39.45%, 69.31%, 29.85%, 0.84%,b0024c
13205,4.05%, 51.66%, 47.61%, 0.73%,830179
13207,31.51%, 65.31%, 33.80%, 0.89%,a60256
13209,41.08%, 70.16%, 29.08%, 0.75%,b2014a
13211,31.60%, 65.32%, 33.73%, 0.95%,a60256
13213,45.02%, 71.46%, 26.43%, 2.11%,b60543
13215,19.67%, 39.87%, 59.54%, 0.59%,650197
13217,1.18%, 49.03%, 50.21%, 0.77%,7d0180
13219,42.48%, 70.57%, 28.09%, 1.33%,b30347
13221,29.58%, 64.12%, 34.54%, 1.35%,a30358
13223,38.48%, 68.67%, 30.19%, 1.15%,af024c
13225,6.73%, 46.20%, 52.94%, 0.86%,750286
13227,57.82%, 78.08%, 20.25%, 1.67%,c70433
13229,62.48%, 80.92%, 18.43%, 0.65%,ce012e
13231,60.48%, 79.64%, 19.16%, 1.20%,cb0330
13233,40.97%, 69.60%, 28.63%, 1.77%,b10449
13235,29.68%, 64.44%, 34.76%, 0.81%,a40258
13237,31.34%, 65.28%, 33.94%, 0.78%,a60156
13239,7.89%, 45.61%, 53.49%, 0.90%,740288
13241,45.67%, 71.89%, 26.22%, 1.90%,b70442
13243,14.39%, 42.59%, 56.98%, 0.44%,6c0191
13245,31.80%, 33.80%, 65.60%, 0.60%,5601a7
13247,9.54%, 44.78%, 54.32%, 0.89%,72028a
13249,44.45%, 72.00%, 27.54%, 0.46%,b70146
13251,6.15%, 52.77%, 46.62%, 0.62%,860176
13253,16.35%, 57.77%, 41.43%, 0.80%,930269
13255,18.75%, 58.85%, 40.09%, 1.06%,960266
13257,47.23%, 72.87%, 25.63%, 1.50%,b90341
13259,24.75%, 37.13%, 61.88%, 1.00%,5e029d
13261,6.01%, 46.65%, 52.66%, 0.69%,760186
13263,28.86%, 35.15%, 64.01%, 0.84%,5902a3
13265,30.71%, 34.24%, 64.95%, 0.81%,5702a5
13267,41.60%, 70.32%, 28.72%, 0.95%,b30249
13269,13.52%, 56.34%, 42.82%, 0.84%,8f026d
13271,14.26%, 56.81%, 42.55%, 0.64%,90016c
13273,13.82%, 42.75%, 56.57%, 0.68%,6d0190
13275,15.80%, 57.54%, 41.74%, 0.71%,92016a
13277,32.81%, 66.09%, 33.28%, 0.62%,a80154
13279,38.07%, 68.61%, 30.54%, 0.85%,ae024d
13281,50.33%, 74.46%, 24.13%, 1.41%,bd033d
13283,24.11%, 61.65%, 37.54%, 0.81%,9d025f
13285,18.94%, 59.04%, 40.11%, 0.85%,960266
13287,18.81%, 58.94%, 40.13%, 0.93%,960266
13289,6.97%, 46.15%, 53.12%, 0.73%,750187
13291,51.70%, 74.96%, 23.26%, 1.79%,bf043b
13293,28.25%, 63.77%, 35.52%, 0.72%,a2015a
13295,46.57%, 72.33%, 25.77%, 1.90%,b80441
13297,52.06%, 75.54%, 23.47%, 0.99%,c0023b
13299,34.39%, 66.83%, 32.44%, 0.73%,aa0152
13301,17.54%, 40.83%, 58.38%, 0.79%,680294
13303,4.40%, 47.49%, 51.89%, 0.62%,790184
13305,44.85%, 71.88%, 27.03%, 1.10%,b70244
13307,6.57%, 52.93%, 46.35%, 0.72%,860176
13309,27.73%, 63.60%, 35.86%, 0.54%,a2015b
13311,58.27%, 78.41%, 20.13%, 1.46%,c70333
13313,39.81%, 69.20%, 29.39%, 1.42%,b0034a
13315,37.33%, 68.24%, 30.91%, 0.85%,ae024e
13317,7.71%, 53.46%, 45.75%, 0.79%,880274
13319,1.09%, 50.21%, 49.12%, 0.66%,80017d
13321,38.63%, 68.96%, 30.33%, 0.72%,af014d
15001,53.73%, 22.22%, 75.94%, 1.84%,3804c1
15003,41.09%, 28.74%, 69.83%, 1.44%,4903b2
15005,0%,-,-,-,000000
15007,52.05%, 22.94%, 74.99%, 2.07%,3a05bf
15009,55.17%, 21.54%, 76.71%, 1.75%,3604c3
16001,6.14%, 51.63%, 45.49%, 2.87%,830773
16003,34.01%, 65.39%, 31.38%, 3.23%,a60850
16005,12.88%, 54.62%, 41.74%, 3.64%,8b096a
16007,63.71%, 80.77%, 17.06%, 2.17%,cd052b
16009,29.76%, 63.54%, 33.79%, 2.67%,a20656
16011,45.50%, 71.29%, 25.79%, 2.93%,b50741
16013,33.18%, 32.53%, 65.71%, 1.77%,5204a7
16015,31.62%, 64.48%, 32.87%, 2.65%,a40653
16017,16.91%, 57.01%, 40.10%, 2.89%,910766
16019,42.96%, 70.34%, 27.38%, 2.28%,b30545
16021,33.67%, 65.02%, 31.35%, 3.63%,a5094f
16023,52.34%, 74.89%, 22.55%, 2.55%,be0639
16025,38.03%, 68.28%, 30.26%, 1.46%,ae034d
16027,34.93%, 66.07%, 31.14%, 2.79%,a8074f
16029,63.69%, 80.44%, 16.75%, 2.82%,cd072a
16031,63.06%, 79.93%, 16.88%, 3.19%,cb082b
16033,64.27%, 81.33%, 17.07%, 1.60%,cf042b
16035,34.77%, 65.77%, 31.00%, 3.23%,a7084f
16037,46.03%, 71.99%, 25.97%, 2.04%,b70542
16039,36.22%, 66.76%, 30.53%, 2.71%,aa064d
16041,71.86%, 83.68%, 11.82%, 1.69%,d5041e
16043,61.81%, 79.92%, 18.11%, 1.97%,cb052e
16045,43.02%, 70.27%, 27.25%, 2.48%,b30645
16047,42.22%, 69.84%, 27.62%, 2.54%,b20646
16049,47.22%, 71.79%, 24.56%, 1.62%,b7043e
16051,66.08%, 81.79%, 15.72%, 2.49%,d00628
16053,45.32%, 71.52%, 26.20%, 2.28%,b60542
16055,26.01%, 61.38%, 35.37%, 3.24%,9c085a
16057,6.74%, 44.59%, 51.32%, 4.09%,710a82
16059,45.72%, 71.57%, 25.85%, 2.58%,b60641
16061,44.12%, 70.68%, 26.55%, 2.77%,b40743
16063,36.74%, 65.88%, 29.14%, 0.86%,a7024a
16065,72.78%, 85.24%, 12.46%, 2.30%,d9051f
16067,50.17%, 73.83%, 23.66%, 2.51%,bc063c
16069,18.15%, 58.11%, 39.97%, 1.92%,940465
16071,62.12%, 79.74%, 17.62%, 2.64%,cb062c
16073,51.26%, 74.52%, 23.26%, 2.22%,be053b
16075,41.10%, 68.88%, 27.78%, 3.34%,af0846
16077,25.58%, 61.72%, 36.14%, 2.15%,9d055c
16079,7.62%, 52.11%, 44.49%, 3.41%,840871
16081,0.84%, 48.57%, 49.41%, 2.02%,7b057d
16083,36.39%, 66.52%, 30.13%, 3.36%,a9084c
16085,6.93%, 52.33%, 45.40%, 2.27%,850573
16087,42.77%, 70.31%, 27.54%, 2.15%,b30546
17001,22.38%, 60.55%, 38.17%, 1.28%,9a0361
17003,12.59%, 42.87%, 55.46%, 1.67%,6d048d
17005,1.31%, 49.59%, 48.28%, 2.14%,7e057b
17007,4.18%, 46.78%, 50.96%, 2.26%,770581
17009,21.65%, 59.91%, 38.26%, 1.82%,980461
17011,5.70%, 46.12%, 51.82%, 2.06%,750584
17013,7.46%, 45.12%, 52.59%, 2.29%,730586
17015,4.80%, 46.74%, 51.54%, 1.72%,770483
17017,1.34%, 48.18%, 49.52%, 2.30%,7a057e
17019,17.45%, 40.13%, 57.57%, 2.30%,660592
17021,6.29%, 51.94%, 45.65%, 2.41%,840674
17023,8.02%, 53.04%, 45.02%, 1.94%,870472
17025,23.21%, 60.72%, 37.50%, 1.78%,9a045f
17027,9.82%, 54.04%, 44.22%, 1.73%,890470
17029,3.19%, 47.42%, 50.60%, 1.98%,780581
17031,53.39%, 22.82%, 76.21%, 0.97%,3a02c2
17033,12.97%, 55.39%, 42.42%, 2.19%,8d056c
17035,20.62%, 59.11%, 38.49%, 2.40%,960662
17037,16.72%, 40.61%, 57.33%, 2.05%,670592
17039,13.28%, 55.52%, 42.24%, 2.23%,8d056b
17041,21.21%, 59.73%, 38.52%, 1.74%,980462
17043,10.78%, 43.93%, 54.72%, 1.35%,70038b
17045,7.91%, 53.09%, 45.18%, 1.73%,870473
17047,29.65%, 63.56%, 33.91%, 2.53%,a20656
17049,35.91%, 67.08%, 31.17%, 1.75%,ab044f
17051,15.78%, 56.64%, 40.86%, 2.49%,900668
17053,28.94%, 63.73%, 34.80%, 1.47%,a20358
17055,2.80%, 50.25%, 47.45%, 2.30%,800578
17057,21.27%, 38.19%, 59.45%, 2.36%,610697
17059,13.06%, 42.20%, 55.26%, 2.54%,6b068c
17061,7.45%, 52.40%, 44.95%, 2.64%,850672
17063,1.69%, 48.07%, 49.76%, 2.17%,7a057e
17065,13.00%, 54.93%, 41.92%, 3.15%,8c086a
17067,10.77%, 54.50%, 43.73%, 1.76%,8a046f
17069,19.36%, 58.80%, 39.43%, 1.77%,950464
17071,17.60%, 40.25%, 57.85%, 1.91%,660493
17073,7.72%, 45.33%, 53.04%, 1.63%,730487
17075,29.74%, 63.82%, 34.08%, 2.10%,a20556
17077,21.71%, 37.81%, 59.52%, 2.66%,600697
17079,17.52%, 57.64%, 40.12%, 2.24%,920566
17081,10.68%, 54.02%, 43.33%, 2.65%,89066e
17083,2.70%, 50.20%, 47.50%, 2.30%,800579
17085,10.49%, 44.00%, 54.49%, 1.51%,70038a
17087,34.51%, 66.15%, 31.64%, 2.22%,a80550
17089,11.79%, 43.42%, 55.21%, 1.37%,6e038c
17091,4.62%, 46.80%, 51.41%, 1.79%,770483
17093,7.19%, 45.75%, 52.95%, 1.30%,740387
17095,19.80%, 39.09%, 58.89%, 2.03%,630596
17097,19.57%, 39.53%, 59.10%, 1.37%,640396
17099,11.07%, 43.47%, 54.55%, 1.98%,6e058b
17101,5.90%, 51.89%, 45.99%, 2.12%,840575
17103,3.01%, 50.49%, 47.47%, 2.04%,800579
17105,19.16%, 58.66%, 39.50%, 1.84%,950464
17107,16.84%, 57.41%, 40.57%, 2.02%,920567
17109,5.57%, 46.32%, 51.89%, 1.79%,760484
17111,5.33%, 46.44%, 51.77%, 1.79%,760484
17113,1.22%, 48.46%, 49.67%, 1.87%,7b047e
17115,1.05%, 48.55%, 49.60%, 1.86%,7b047e
17117,9.80%, 44.07%, 53.87%, 2.06%,700589
17119,9.17%, 44.43%, 53.60%, 1.97%,710588
17121,1.99%, 49.92%, 47.93%, 2.15%,7f057a
17123,1.01%, 49.54%, 48.53%, 1.92%,7e047b
17125,5.87%, 45.98%, 51.85%, 2.17%,750584
17127,23.28%, 60.63%, 37.36%, 2.01%,9a055f
17129,14.91%, 56.69%, 41.78%, 1.53%,90036a
17131,11.88%, 43.21%, 55.10%, 1.69%,6e048c
17133,10.63%, 54.50%, 43.87%, 1.63%,8a046f
17135,2.64%, 47.64%, 50.28%, 2.08%,790580
17137,0.81%, 49.31%, 48.51%, 2.18%,7d057b
17139,12.80%, 55.33%, 42.53%, 2.14%,8d056c
17141,7.58%, 52.72%, 45.13%, 2.15%,860573
17143,13.86%, 42.32%, 56.19%, 1.49%,6b038f
17145,3.85%, 50.89%, 47.03%, 2.08%,810577
17147,12.55%, 55.34%, 42.79%, 1.86%,8d046d
17149,18.75%, 58.31%, 39.57%, 2.12%,940564
17151,22.32%, 60.20%, 37.88%, 1.93%,990460
17153,1.38%, 48.72%, 50.09%, 1.19%,7c037f
17155,15.62%, 41.23%, 56.85%, 1.92%,690490
17157,0.94%, 49.59%, 48.64%, 1.77%,7e047c
17159,14.96%, 56.42%, 41.46%, 2.12%,8f0569
17161,24.55%, 36.97%, 61.52%, 1.51%,5e039c
17163,22.37%, 38.05%, 60.42%, 1.54%,61039a
17165,8.85%, 53.15%, 44.29%, 2.56%,870670
17167,4.35%, 46.90%, 51.25%, 1.86%,770482
17169,1.75%, 47.75%, 49.49%, 2.76%,79077e
17171,14.00%, 55.81%, 41.81%, 2.38%,8e066a
17173,19.73%, 58.67%, 38.94%, 2.39%,950663
17175,5.34%, 51.83%, 46.49%, 1.68%,840476
17177,6.65%, 45.75%, 52.40%, 1.84%,740485
17179,6.03%, 51.90%, 45.87%, 2.23%,840574
17181,11.85%, 54.65%, 42.80%, 2.55%,8b066d
17183,0.58%, 48.62%, 49.21%, 2.17%,7b057d
17185,13.67%, 56.16%, 42.49%, 1.35%,8f036c
17187,8.05%, 45.12%, 53.17%, 1.71%,730487
17189,14.26%, 56.39%, 42.13%, 1.48%,8f036b
17191,35.22%, 66.78%, 31.56%, 1.66%,aa0450
17193,9.02%, 53.50%, 44.48%, 2.03%,880571
17195,17.50%, 40.32%, 57.82%, 1.87%,660493
17197,13.17%, 42.69%, 55.86%, 1.45%,6c038e
17199,14.70%, 56.30%, 41.59%, 2.11%,8f056a
17201,12.74%, 42.53%, 55.27%, 2.20%,6c058c
17203,26.57%, 62.39%, 35.82%, 1.79%,9f045b
18001,25.67%, 62.07%, 36.40%, 1.53%,9e035c
18003,4.34%, 51.67%, 47.34%, 0.99%,830278
18005,11.26%, 54.90%, 43.64%, 1.46%,8b036f
18007,16.24%, 57.19%, 40.95%, 1.86%,910468
18009,0.24%, 49.36%, 49.12%, 1.52%,7d037d
18011,25.74%, 62.27%, 36.54%, 1.19%,9e035d
18013,2.56%, 50.40%, 47.85%, 1.75%,80047a
18015,12.84%, 55.61%, 42.77%, 1.63%,8d046d
18017,8.53%, 53.32%, 44.79%, 1.89%,870472
18019,7.04%, 52.89%, 45.85%, 1.26%,860374
18021,11.52%, 55.00%, 43.48%, 1.53%,8c036e
18023,13.00%, 55.79%, 42.79%, 1.41%,8e036d
18025,2.26%, 50.44%, 48.19%, 1.37%,80037a
18027,35.22%, 67.05%, 31.83%, 1.11%,aa0251
18029,34.94%, 67.00%, 32.06%, 0.94%,aa0251
18031,24.35%, 61.40%, 37.06%, 1.54%,9c035e
18033,15.17%, 56.95%, 41.78%, 1.28%,91036a
18035,14.94%, 41.85%, 56.80%, 1.35%,6a0390
18037,4.18%, 51.23%, 47.05%, 1.72%,820477
18039,11.17%, 55.00%, 43.83%, 1.17%,8c026f
18041,5.57%, 51.87%, 46.30%, 1.83%,840476
18043,10.07%, 54.43%, 44.35%, 1.22%,8a0371
18045,14.33%, 55.99%, 41.66%, 0.22%,8e006a
18047,33.96%, 65.95%, 31.99%, 2.07%,a80551
18049,16.04%, 57.15%, 41.11%, 1.74%,910468
18051,13.15%, 55.72%, 42.57%, 1.71%,8e046c
18053,13.06%, 55.93%, 42.87%, 1.20%,8e036d
18055,14.52%, 56.34%, 41.82%, 1.83%,8f046a
18057,22.20%, 60.64%, 38.45%, 0.91%,9a0262
18059,29.59%, 64.25%, 34.67%, 1.08%,a30258
18061,17.95%, 58.06%, 40.10%, 1.84%,940466
18063,23.33%, 61.07%, 37.73%, 1.20%,9b0360
18065,3.93%, 51.11%, 47.18%, 1.71%,820478
18067,6.12%, 52.14%, 46.02%, 1.84%,840475
18069,27.19%, 62.91%, 35.72%, 1.36%,a0035b
18071,13.60%, 55.77%, 42.17%, 2.06%,8e056b
18073,20.33%, 59.39%, 39.06%, 1.55%,970363
18075,7.85%, 52.88%, 45.03%, 2.09%,860572
18077,5.91%, 52.21%, 46.30%, 1.50%,850376
18079,8.02%, 52.88%, 44.87%, 0.04%,860072
18081,25.40%, 62.07%, 36.66%, 1.27%,9e035d
18083,6.51%, 52.60%, 46.08%, 1.32%,860375
18085,37.28%, 67.87%, 30.60%, 1.53%,ad034e
18087,21.38%, 59.80%, 38.42%, 1.78%,980461
18089,34.23%, 32.41%, 66.64%, 0.95%,5202a9
18091,21.99%, 38.11%, 60.10%, 1.79%,610499
18093,20.56%, 59.45%, 38.89%, 1.66%,970463
18095,6.53%, 45.96%, 52.49%, 1.55%,750385
18097,28.33%, 35.34%, 63.67%, 1.00%,5a02a2
18099,13.55%, 56.03%, 42.48%, 1.49%,8e036c
18101,28.88%, 63.68%, 34.80%, 1.53%,a20358
18103,19.41%, 58.72%, 39.30%, 1.98%,950564
18105,32.08%, 33.32%, 65.39%, 1.29%,5403a6
18107,19.93%, 59.27%, 39.34%, 1.39%,970364
18109,27.07%, 62.92%, 35.85%, 1.22%,a0035b
18111,11.17%, 54.53%, 43.36%, 2.11%,8b056e
18113,15.34%, 56.88%, 41.54%, 1.59%,910469
18115,19.02%, 58.70%, 39.68%, 1.61%,950465
18117,14.13%, 55.94%, 41.81%, 2.24%,8e056a
18119,10.34%, 54.04%, 43.70%, 2.26%,89056f
18121,14.09%, 55.92%, 41.83%, 2.25%,8e056a
18123,22.84%, 37.71%, 60.55%, 1.73%,60049a
18125,8.64%, 53.43%, 44.79%, 1.78%,880472
18127,7.17%, 45.60%, 52.77%, 1.63%,740486
18129,7.64%, 53.28%, 45.63%, 1.09%,870274
18131,15.46%, 56.81%, 41.35%, 1.84%,900469
18133,11.94%, 55.10%, 43.16%, 1.74%,8c046e
18135,8.77%, 53.48%, 44.71%, 1.80%,880472
18137,29.48%, 63.71%, 34.22%, 2.07%,a20557
18139,13.66%, 55.98%, 42.33%, 1.69%,8e046b
18141,17.01%, 40.85%, 57.87%, 1.28%,680393
18143,1.95%, 49.75%, 47.80%, 2.45%,7e0679
18145,19.01%, 58.70%, 39.69%, 1.60%,950465
18147,0.37%, 49.05%, 49.42%, 1.53%,7d037e
18149,3.22%, 47.19%, 50.41%, 0.35%,780080
18151,9.80%, 54.09%, 44.29%, 1.62%,890470
18153,0.67%, 49.45%, 48.78%, 1.76%,7e047c
18155,8.30%, 53.30%, 45.00%, 1.70%,870472
18157,11.60%, 43.45%, 55.05%, 1.51%,6e038c
18159,15.34%, 56.80%, 41.46%, 1.74%,900469
18161,24.95%, 61.43%, 36.48%, 2.09%,9c055d
18163,2.45%, 48.15%, 50.60%, 1.26%,7a0381
18165,13.92%, 42.19%, 56.10%, 1.71%,6b048f
18167,15.77%, 41.29%, 57.06%, 1.65%,690491
18169,20.03%, 59.30%, 39.27%, 1.43%,970364
18171,10.28%, 54.18%, 43.90%, 1.93%,8a046f
18173,12.83%, 55.75%, 42.93%, 1.32%,8e036d
18175,17.24%, 57.43%, 40.19%, 2.39%,920666
18177,3.84%, 50.83%, 46.99%, 2.18%,810577
18179,31.33%, 64.98%, 33.64%, 1.38%,a50355
18181,8.26%, 53.04%, 44.78%, 2.17%,870572
18183,21.45%, 59.99%, 38.55%, 1.46%,980362
19001,3.36%, 50.83%, 47.47%, 1.70%,810479
19003,3.26%, 47.42%, 50.68%, 1.90%,780481
19005,14.25%, 41.99%, 56.23%, 1.78%,6b048f
19007,1.88%, 49.94%, 48.07%, 1.99%,7f057a
19009,3.06%, 47.56%, 50.61%, 1.83%,790481
19011,4.45%, 47.00%, 51.45%, 1.55%,770383
19013,22.41%, 38.07%, 60.48%, 1.45%,61039a
19015,7.63%, 45.17%, 52.80%, 2.02%,730586
19017,9.31%, 44.60%, 53.92%, 1.48%,710389
19019,18.48%, 40.02%, 58.50%, 1.48%,660395
19021,1.76%, 50.15%, 48.40%, 1.45%,7f037b
19023,4.69%, 51.63%, 46.94%, 1.42%,830377
19025,7.70%, 52.76%, 45.06%, 2.18%,860572
19027,3.66%, 47.35%, 51.01%, 1.65%,780482
19029,10.81%, 54.49%, 43.68%, 1.84%,8a046f
19031,9.64%, 44.38%, 54.02%, 1.60%,710489
19033,20.83%, 38.83%, 59.67%, 1.50%,630398
19035,7.57%, 52.95%, 45.38%, 1.66%,870473
19037,20.74%, 38.82%, 59.57%, 1.61%,620497
19039,2.25%, 47.65%, 49.90%, 2.45%,79067f
19041,5.12%, 51.83%, 46.72%, 1.45%,840377
19043,17.17%, 40.61%, 57.79%, 1.60%,670493
19045,23.03%, 37.72%, 60.75%, 1.54%,60039a
19047,5.15%, 46.52%, 51.66%, 1.82%,760483
19049,5.53%, 51.94%, 46.41%, 1.65%,840476
19051,9.14%, 53.14%, 44.00%, 2.85%,870770
19053,0.83%, 49.20%, 48.37%, 2.44%,7d067b
19055,6.02%, 46.20%, 52.22%, 1.58%,750485
19057,23.04%, 37.53%, 60.57%, 1.90%,5f049a
19059,5.42%, 52.10%, 46.68%, 1.21%,840377
19061,20.77%, 38.89%, 59.65%, 1.46%,630398
19063,3.93%, 47.32%, 51.25%, 1.44%,780382
19065,16.60%, 40.98%, 57.57%, 1.45%,680392
19067,21.88%, 37.70%, 59.58%, 2.72%,600697
19069,1.44%, 48.57%, 50.01%, 1.42%,7b037f
19071,3.62%, 51.05%, 47.43%, 1.51%,820378
19073,0.46%, 48.90%, 49.35%, 1.75%,7c047d
19075,16.91%, 57.77%, 40.86%, 1.38%,930368
19077,7.68%, 52.56%, 44.88%, 2.56%,860672
19079,1.30%, 48.42%, 49.72%, 1.86%,7b047e
19081,3.56%, 50.86%, 47.30%, 1.84%,810478
19083,0.88%, 48.70%, 49.58%, 1.73%,7c047e
19085,4.67%, 51.55%, 46.88%, 1.57%,830477
19087,5.04%, 51.41%, 46.36%, 2.23%,830576
19089,25.78%, 36.41%, 62.19%, 1.40%,5c039e
19091,14.35%, 56.51%, 42.16%, 1.33%,90036b
19093,16.41%, 57.40%, 40.99%, 1.61%,920468
19095,0.16%, 48.99%, 49.16%, 1.85%,7c047d
19097,24.39%, 36.89%, 61.28%, 1.83%,5e049c
19099,7.50%, 45.28%, 52.78%, 1.95%,730486
19101,20.23%, 38.51%, 58.73%, 2.76%,620795
19103,41.51%, 28.40%, 69.91%, 1.69%,4804b2
19105,10.40%, 44.01%, 54.42%, 1.57%,70048a
19107,3.62%, 50.58%, 46.96%, 2.46%,800677
19109,3.25%, 47.57%, 50.82%, 1.60%,790481
19111,16.01%, 40.99%, 57.00%, 2.01%,680591
19113,21.53%, 38.48%, 60.01%, 1.50%,620399
19115,4.25%, 47.02%, 51.27%, 1.71%,770482
19117,6.72%, 52.06%, 45.33%, 2.61%,840673
19119,44.95%, 71.88%, 26.93%, 1.19%,b70344
19121,9.98%, 53.99%, 44.02%, 1.99%,890570
19123,16.53%, 57.35%, 40.83%, 1.82%,920468
19125,10.77%, 54.34%, 43.57%, 2.08%,8a056f
19127,9.35%, 44.36%, 53.71%, 1.94%,710488
19129,16.57%, 57.44%, 40.86%, 1.70%,920468
19131,12.31%, 42.82%, 55.13%, 2.05%,6d058c
19133,2.42%, 50.26%, 47.84%, 1.90%,800479
19135,5.21%, 51.63%, 46.41%, 1.96%,830476
19137,10.61%, 54.58%, 43.98%, 1.44%,8b0370
19139,15.64%, 41.47%, 57.11%, 1.42%,690391
19141,34.86%, 66.74%, 31.88%, 1.38%,aa0351
19143,31.64%, 64.78%, 33.14%, 2.08%,a50554
19145,19.72%, 59.12%, 39.41%, 1.47%,960364
19147,2.79%, 47.71%, 50.50%, 1.79%,790480
19149,25.06%, 62.05%, 36.99%, 0.97%,9e025e
19151,8.42%, 53.29%, 44.87%, 1.84%,870472
19153,14.61%, 41.82%, 56.43%, 1.75%,6a048f
19155,1.89%, 50.18%, 48.28%, 1.54%,7f037b
19157,11.75%, 43.26%, 55.01%, 1.73%,6e048c
19159,6.14%, 52.10%, 45.97%, 1.93%,840475
19161,8.89%, 53.53%, 44.65%, 1.82%,880471
19163,14.54%, 42.10%, 56.64%, 1.26%,6b0390
19165,9.68%, 54.04%, 44.35%, 1.61%,890471
19167,62.77%, 80.95%, 18.18%, 0.87%,ce022e
19169,16.21%, 40.78%, 56.99%, 2.23%,670591
19171,12.19%, 43.15%, 55.34%, 1.50%,6e038d
19173,8.59%, 53.11%, 44.51%, 2.38%,870671
19175,3.70%, 47.02%, 50.73%, 2.25%,770581
19177,12.18%, 54.98%, 42.80%, 2.21%,8c056d
19179,13.53%, 41.80%, 55.33%, 2.87%,6a078d
19181,0.62%, 48.79%, 49.42%, 1.79%,7c047e
19183,0.72%, 49.36%, 48.64%, 1.99%,7d057c
19185,6.98%, 52.50%, 45.52%, 1.98%,850574
19187,8.51%, 44.93%, 53.44%, 1.63%,720488
19189,8.61%, 44.86%, 53.48%, 1.66%,720488
19191,22.65%, 37.87%, 60.52%, 1.61%,60049a
19193,0.53%, 49.58%, 49.05%, 1.37%,7e037d
19195,22.42%, 37.85%, 60.27%, 1.88%,600499
19197,1.50%, 50.01%, 48.51%, 1.49%,7f037b
20001,23.28%, 60.67%, 37.39%, 1.95%,9a045f
20003,32.74%, 65.14%, 32.40%, 2.45%,a60652
20005,7.65%, 52.72%, 45.07%, 2.21%,860572
20007,50.16%, 74.45%, 24.29%, 1.26%,bd033d
20009,43.19%, 70.56%, 27.38%, 2.06%,b30545
20011,27.22%, 62.53%, 35.30%, 2.17%,9f055a
20013,38.12%, 68.21%, 30.10%, 1.69%,ad044c
20015,32.27%, 65.13%, 32.86%, 2.01%,a60553
20017,42.85%, 70.52%, 27.67%, 1.81%,b30446
20019,54.91%, 76.57%, 21.65%, 1.78%,c30437
20021,23.71%, 60.90%, 37.19%, 1.91%,9b045e
20023,55.07%, 76.64%, 21.56%, 1.80%,c30436
20025,56.26%, 77.39%, 21.14%, 1.47%,c50335
20027,49.06%, 73.95%, 24.89%, 1.16%,bc023f
20029,42.42%, 70.12%, 27.70%, 2.18%,b20546
20031,45.68%, 72.16%, 26.49%, 1.35%,b80343
20033,58.62%, 78.54%, 19.92%, 1.54%,c80332
20035,25.24%, 61.59%, 36.35%, 2.05%,9d055c
20037,1.38%, 48.12%, 49.50%, 2.38%,7a067e
20039,54.65%, 76.81%, 22.16%, 1.03%,c30238
20041,42.22%, 70.16%, 27.95%, 1.89%,b20447
20043,35.27%, 66.55%, 31.29%, 2.16%,a9054f
20045,30.70%, 33.42%, 64.13%, 2.45%,5506a3
20047,48.78%, 73.32%, 24.54%, 2.14%,ba053e
20049,47.35%, 72.66%, 25.31%, 2.02%,b90540
20051,33.72%, 65.94%, 32.22%, 1.85%,a80452
20053,39.82%, 68.79%, 28.97%, 2.25%,af0549
20055,35.26%, 66.89%, 31.63%, 1.48%,aa0350
20057,30.90%, 64.64%, 33.74%, 1.61%,a40456
20059,22.44%, 60.04%, 37.60%, 2.37%,99065f
20061,12.37%, 55.50%, 43.13%, 1.37%,8d036d
20063,61.71%, 80.11%, 18.41%, 1.48%,cc032e
20065,51.65%, 74.49%, 22.84%, 2.67%,bd063a
20067,51.11%, 74.97%, 23.86%, 1.16%,bf023c
20069,56.96%, 77.54%, 20.58%, 1.89%,c50434
20071,59.06%, 79.33%, 20.27%, 0.40%,ca0133
20073,43.75%, 71.04%, 27.29%, 1.67%,b50445
20075,55.75%, 77.01%, 21.26%, 1.73%,c40436
20077,45.17%, 71.49%, 26.32%, 2.18%,b60543
20079,17.13%, 57.40%, 40.27%, 2.34%,920566
20081,63.63%, 81.34%, 17.71%, 0.96%,cf022d
20083,59.67%, 78.92%, 19.25%, 1.82%,c90431
20085,24.04%, 60.95%, 36.91%, 2.14%,9b055e
20087,18.75%, 58.32%, 39.58%, 2.10%,940564
20089,57.95%, 77.71%, 19.76%, 2.53%,c60632
20091,8.98%, 53.70%, 44.72%, 1.58%,880472
20093,57.35%, 78.21%, 20.85%, 0.94%,c70235
20095,44.76%, 71.04%, 26.28%, 2.67%,b50643
20097,62.73%, 80.35%, 17.62%, 2.03%,cc052c
20099,12.87%, 55.38%, 42.51%, 2.11%,8d056c
20101,60.47%, 79.26%, 18.79%, 1.95%,ca042f
20103,11.56%, 54.89%, 43.33%, 1.78%,8b046e
20105,54.04%, 75.91%, 21.88%, 2.21%,c10537
20107,35.98%, 66.84%, 30.86%, 2.30%,aa054e
20109,66.81%, 82.43%, 15.63%, 1.94%,d20427
20111,5.99%, 51.88%, 45.88%, 2.24%,840574
20113,35.25%, 66.76%, 31.51%, 1.73%,aa0450
20115,38.92%, 68.64%, 29.72%, 1.63%,af044b
20117,27.26%, 62.69%, 35.42%, 1.89%,9f045a
20119,61.26%, 79.75%, 18.49%, 1.76%,cb042f
20121,23.67%, 61.01%, 37.34%, 1.65%,9b045f
