id,margin,bush,dukakis,trash,other,hex_color
01001,35.70%, 67.17%, 31.47%,-,1.3599999999999994%,ab0350
01003,46.81%, 72.85%, 26.04%,-,1.1100000000000136%,b90242
01005,12.61%, 55.71%, 43.11%,-,1.1800000000000068%,8e036d
01007,12.46%, 56.06%, 43.61%,-,0.3299999999999983%,8e006f
01009,31.51%, 64.61%, 33.10%, 2.17%,2.289999999999992%,a40554
01011,37.11%, 31.00%, 68.11%,-,0.8900000000000006%,4f02ad
01013,6.14%, 52.59%, 46.45%,-,0.9599999999999937%,860276
01015,21.65%, 58.31%, 36.66%,-,5.030000000000001%,940c5d
01017,20.00%, 59.39%, 39.39%,-,1.2199999999999989%,970364
01019,5.05%, 47.01%, 52.06%,-,0.9300000000000068%,770284
01021,39.14%, 69.41%, 30.26%,-,0.3299999999999983%,b0004d
01023,1.94%, 50.89%, 48.96%,-,0.15000000000000568%,81007c
01025,14.88%, 56.97%, 42.09%,-,0.9399999999999977%,91026b
01027,36.16%, 66.74%, 30.58%,-,2.680000000000007%,aa064d
01029,37.59%, 68.40%, 30.80%,-,0.7999999999999972%,ae024e
01031,34.23%, 66.57%, 32.34%,-,1.0900000000000034%,a90252
01033,14.25%, 42.25%, 56.49%,-,1.259999999999991%,6b0390
01035,3.68%, 51.22%, 47.54%,-,1.240000000000009%,820379
01037,12.72%, 56.15%, 43.43%,-,0.4200000000000017%,8f016e
01039,35.49%, 67.34%, 31.85%,-,0.8100000000000023%,ab0251
01041,17.44%, 58.44%, 41.00%,-,0.5600000000000023%,950168
01043,25.15%, 61.87%, 36.72%,-,1.4099999999999966%,9d035d
01045,44.87%, 71.80%, 26.94%,-,1.2600000000000051%,b70344
01047,11.65%, 43.79%, 55.44%,-,0.7700000000000102%,6f018d
01049,21.88%, 60.60%, 38.72%,-,0.6800000000000068%,9a0162
01051,40.87%, 69.84%, 28.97%,-,1.1899999999999977%,b20349
01053,25.44%, 62.14%, 36.70%,-,1.1599999999999966%,9e025d
01055,0.18%, 49.67%, 49.49%,-,0.8400000000000034%,7e027e
01057,15.24%, 57.40%, 42.16%,-,0.4399999999999977%,92016b
01059,1.81%, 50.25%, 48.44%,-,1.3100000000000023%,80037b
01061,35.62%, 67.32%, 31.69%,-,0.9900000000000091%,ab0250
01063,51.34%, 23.94%, 75.28%,-,0.7800000000000011%,3d01bf
01065,13.68%, 42.71%, 56.39%,-,0.9000000000000057%,6c028f
01067,24.08%, 61.82%, 37.75%,-,0.4300000000000068%,9d0160
01069,48.00%, 73.87%, 25.87%,-,0.2599999999999909%,bc0041
01071,9.72%, 44.55%, 54.27%,-,1.1800000000000068%,71038a
01073,15.95%, 57.74%, 41.80%,-,0.46000000000000796%,93016a
01075,17.10%, 58.48%, 41.38%,-,0.14000000000000057%,950069
01077,0.31%, 49.43%, 49.13%,-,1.4399999999999977%,7e037d
01079,12.24%, 42.96%, 55.20%,-,1.8400000000000034%,6d048c
01081,30.36%, 64.39%, 34.02%,-,1.5900000000000034%,a40456
01083,24.60%, 61.56%, 36.96%,-,1.4799999999999898%,9c035e
01085,40.26%, 29.42%, 69.68%,-,0.8999999999999915%,4b02b1
01087,65.07%, 16.81%, 81.88%,-,1.3100000000000023%,2a03d0
01089,34.76%, 67.06%, 32.29%,-,0.6500000000000057%,ab0152
01091,1.85%, 48.61%, 50.45%,-,0.9399999999999977%,7b0280
01093,13.81%, 56.73%, 42.92%,-,0.3499999999999943%,90006d
01095,24.02%, 60.90%, 36.88%,-,2.219999999999999%,9b055e
01097,22.50%, 60.88%, 38.39%,-,0.7299999999999898%,9b0161
01099,20.88%, 60.07%, 39.19%,-,0.7400000000000091%,990163
01101,17.65%, 58.43%, 40.79%,-,0.7800000000000011%,940168
01103,27.50%, 63.54%, 36.04%,-,0.4200000000000017%,a2015b
01105,25.48%, 36.59%, 62.07%,-,1.3400000000000034%,5d039e
01107,10.66%, 55.16%, 44.50%,-,0.3400000000000034%,8c0071
01109,21.22%, 60.04%, 38.82%,-,1.1400000000000006%,990262
01111,29.94%, 64.02%, 34.08%,-,1.9000000000000057%,a30456
01113,1.96%, 48.40%, 50.35%,-,1.25%,7b0380
01115,41.80%, 70.71%, 28.91%,-,0.38000000000000966%,b40049
01117,58.03%, 78.84%, 20.80%,-,0.35999999999999943%,c90035
01119,32.85%, 33.36%, 66.21%,-,0.4300000000000068%,5501a8
01121,21.77%, 60.32%, 38.55%,-,1.1299999999999955%,990262
01123,29.36%, 63.93%, 34.58%,-,1.490000000000009%,a30358
01125,20.17%, 59.87%, 39.70%,-,0.4300000000000068%,980165
01127,1.44%, 48.51%, 49.95%,-,1.539999999999992%,7b037f
01129,4.73%, 52.23%, 47.49%,-,0.28000000000000114%,850079
01131,31.85%, 33.98%, 65.83%,-,0.18999999999999773%,5600a7
01133,35.57%, 67.59%, 32.02%,-,0.38999999999998636%,ac0051
02013,0%,-,-,-,0,000000
02016,0%,-,-,-,0,000000
02020,0%,-,-,-,0,000000
02050,0%,-,-,-,0,000000
02060,0%,-,-,-,0,000000
02068,0%,-,-,-,0,000000
02070,0%,-,-,-,0,000000
02090,0%,-,-,-,0,000000
02100,0%,-,-,-,0,000000
02105,0%,-,-,-,0,000000
02110,0%,-,-,-,0,000000
02122,0%,-,-,-,0,000000
02130,0%,-,-,-,0,000000
02150,0%,-,-,-,0,000000
02164,0%,-,-,-,0,000000
02170,0%,-,-,-,0,000000
02180,0%,-,-,-,0,000000
02185,0%,-,-,-,0,000000
02188,0%,-,-,-,0,000000
02195,0%,-,-,-,0,000000
02198,0%,-,-,-,0,000000
02220,0%,-,-,-,0,000000
02230,0%,-,-,-,0,000000
02240,0%,-,-,-,0,000000
02261,0%,-,-,-,0,000000
02270,0%,-,-,-,0,000000
02275,0%,-,-,-,0,000000
02282,0%,-,-,-,0,000000
02290,0%,-,-,-,0,000000
04001,24.73%, 36.76%, 61.50%,-,1.740000000000009%,5d049c
04003,14.27%, 56.38%, 42.11%,-,1.509999999999991%,8f036b
04005,6.19%, 51.80%, 45.61%, 2.36%,2.5900000000000034%,840674
04007,4.67%, 51.38%, 46.72%,-,1.9000000000000057%,830477
04009,19.80%, 59.18%, 39.38%,-,1.4399999999999977%,960364
04011,6.27%, 46.21%, 52.48%,-,1.3100000000000023%,750385
04012,18.65%, 58.55%, 39.90%,-,1.5500000000000114%,950365
04013,31.02%, 64.90%, 33.89%,-,1.2099999999999937%,a50356
04015,26.35%, 62.40%, 36.05%,-,1.5500000000000114%,9f035b
04017,6.96%, 52.82%, 45.86%,-,1.3199999999999932%,860374
04019,1.74%, 50.28%, 48.54%,-,1.1800000000000068%,80037b
04021,3.82%, 51.29%, 47.46%,-,1.25%,820379
04023,0.78%, 49.63%, 48.85%,-,1.519999999999996%,7e037c
04025,30.85%, 64.44%, 33.59%,-,1.9699999999999989%,a40555
04027,19.13%, 58.95%, 39.82%,-,1.2299999999999898%,960365
05001,12.94%, 55.61%, 42.68%,-,1.710000000000008%,8d046c
05003,4.10%, 47.48%, 51.58%,-,0.9399999999999977%,790283
05005,27.99%, 63.35%, 35.36%,-,1.289999999999992%,a1035a
05007,43.67%, 71.23%, 27.55%,-,1.2199999999999989%,b50346
05009,30.20%, 64.04%, 33.84%,-,2.1199999999999903%,a30556
05011,1.83%, 48.93%, 50.76%,-,0.3100000000000023%,7c0081
05013,12.46%, 56.14%, 43.69%,-,0.1700000000000017%,8f006f
05015,26.49%, 62.77%, 36.29%,-,0.9399999999999977%,a0025c
05017,12.08%, 43.74%, 55.82%,-,0.4399999999999977%,6f018e
05019,15.82%, 41.69%, 57.50%,-,0.8100000000000023%,6a0292
05021,10.83%, 44.33%, 55.16%,-,0.5100000000000051%,71018c
05023,18.23%, 58.85%, 40.62%,-,0.5300000000000011%,960167
05025,2.01%, 50.75%, 48.73%,-,0.5200000000000102%,81017c
05027,21.47%, 59.27%, 37.81%,-,2.9199999999999875%,970760
05029,0.83%, 49.35%, 50.18%,-,0.46999999999999886%,7d017f
05031,12.97%, 54.99%, 42.02%,-,2.989999999999995%,8c076b
05033,42.94%, 70.85%, 27.91%,-,1.240000000000009%,b40347
05035,5.14%, 51.73%, 46.59%,-,1.6800000000000068%,830476
05037,3.17%, 51.29%, 48.12%,-,0.5900000000000034%,82017a
05039,1.09%, 49.19%, 50.28%,-,0.5300000000000011%,7d0180
05041,9.66%, 42.94%, 52.60%,-,4.460000000000008%,6d0b86
05043,7.42%, 53.29%, 45.87%,-,0.8400000000000034%,870274
05045,18.47%, 58.42%, 39.95%,-,1.6299999999999955%,940465
05047,18.56%, 58.93%, 40.37%,-,0.7000000000000028%,960166
05049,2.53%, 48.47%, 51.00%,-,0.5300000000000011%,7b0182
05051,24.89%, 60.93%, 36.05%,-,3.0200000000000102%,9b075b
05053,11.73%, 55.40%, 43.68%,-,0.9200000000000017%,8d026f
05055,0.93%, 50.06%, 49.13%,-,0.8100000000000023%,7f027d
05057,1.24%, 50.49%, 49.25%,-,0.2599999999999909%,80007d
05059,9.67%, 44.46%, 54.12%,-,1.4200000000000017%,71038a
05061,15.96%, 57.87%, 41.92%,-,0.21000000000000796%,93006a
05063,18.86%, 59.22%, 40.36%,-,0.4200000000000017%,970166
05065,3.12%, 51.19%, 48.07%,-,0.7400000000000091%,82017a
05067,15.81%, 41.90%, 57.71%,-,0.39000000000000057%,6a0093
05069,13.93%, 42.08%, 56.01%,-,1.9099999999999966%,6b048e
05071,17.69%, 58.29%, 40.60%,-,1.1099999999999994%,940267
05073,1.45%, 48.95%, 50.39%,-,0.6599999999999966%,7c0180
05075,0.40%, 49.91%, 49.51%,-,0.5800000000000125%,7f017e
05077,21.09%, 38.72%, 59.81%,-,1.4699999999999989%,620398
05079,17.05%, 41.04%, 58.09%,-,0.8700000000000045%,680294
05081,7.68%, 45.85%, 53.53%,-,0.6200000000000045%,740188
05083,27.08%, 62.87%, 35.79%,-,1.3400000000000034%,a0035b
05085,20.09%, 59.68%, 39.59%,-,0.7299999999999898%,980164
05087,18.40%, 58.72%, 40.32%,-,0.960000000000008%,950266
05089,18.54%, 57.80%, 39.26%,-,2.9399999999999977%,930764
05091,13.25%, 56.30%, 43.05%,-,0.6500000000000057%,8f016d
05093,7.27%, 52.67%, 45.40%,-,1.9300000000000068%,860473
05095,4.78%, 46.88%, 51.66%,-,1.460000000000008%,770383
05097,12.46%, 55.99%, 43.53%,-,0.47999999999998977%,8e016f
05099,0.52%, 49.55%, 50.07%,-,0.37999999999999545%,7e007f
05101,25.13%, 62.00%, 36.87%,-,1.1299999999999955%,9e025e
05103,8.87%, 52.29%, 43.42%,-,4.289999999999992%,850a6e
05105,5.02%, 52.01%, 46.99%,-,1.0%,840277
05107,17.12%, 39.47%, 56.59%,-,3.9399999999999977%,640a90
05109,11.17%, 55.44%, 44.27%,-,0.28999999999999204%,8d0070
05111,3.03%, 48.16%, 51.19%,-,0.6500000000000057%,7a0182
05113,25.91%, 62.15%, 36.24%,-,1.6099999999999994%,9e045c
05115,34.01%, 66.68%, 32.67%,-,0.6499999999999915%,aa0153
05117,7.08%, 53.25%, 46.17%,-,0.5799999999999983%,870175
05119,11.46%, 54.98%, 43.53%,-,1.490000000000009%,8c036f
05121,4.08%, 47.25%, 51.33%,-,1.4200000000000017%,780382
05123,3.99%, 47.86%, 51.85%,-,0.28999999999999204%,7a0084
05125,18.67%, 58.89%, 40.22%,-,0.8900000000000006%,960266
05127,18.77%, 58.82%, 40.05%,-,1.1299999999999955%,950266
05129,33.86%, 66.21%, 32.34%,-,1.4500000000000028%,a80352
05131,42.81%, 70.94%, 28.13%,-,0.9300000000000068%,b40247
05133,5.02%, 52.09%, 47.08%,-,0.8299999999999983%,840278
05135,10.10%, 54.79%, 44.69%,-,0.5200000000000102%,8b0171
05137,11.56%, 55.17%, 43.61%,-,1.2199999999999989%,8c036f
05139,26.95%, 61.32%, 34.37%,-,4.310000000000002%,9c0a57
05141,15.38%, 57.37%, 41.99%,-,0.6400000000000006%,92016b
05143,30.13%, 64.38%, 34.25%,-,1.3700000000000045%,a40357
05145,22.69%, 60.84%, 38.15%,-,1.009999999999991%,9b0261
05147,27.26%, 36.16%, 63.41%,-,0.4300000000000068%,5c01a1
05149,12.19%, 55.84%, 43.64%,-,0.519999999999996%,8e016f
06001,30.79%, 33.99%, 64.78%,-,1.2299999999999898%,5603a5
06003,13.77%, 55.43%, 41.67%,-,2.9000000000000057%,8d076a
06005,13.75%, 55.87%, 42.12%,-,2.010000000000005%,8e056b
06007,13.59%, 56.04%, 42.45%,-,1.509999999999991%,8e036c
06009,14.48%, 56.28%, 41.80%,-,1.9200000000000017%,8f046a
06011,20.40%, 59.49%, 39.10%,-,1.4099999999999966%,970363
06013,3.25%, 47.86%, 51.10%,-,1.039999999999992%,7a0282
06015,1.70%, 49.73%, 48.03%,-,2.240000000000009%,7e057a
06017,20.20%, 59.33%, 39.13%,-,1.539999999999992%,970363
06019,1.16%, 49.95%, 48.79%,-,1.259999999999991%,7f037c
06021,25.73%, 62.06%, 36.33%,-,1.6099999999999994%,9e045c
06023,15.96%, 41.15%, 57.11%,-,1.740000000000009%,680491
06025,11.32%, 55.16%, 43.84%,-,1.0%,8c026f
06027,30.48%, 64.34%, 33.85%,-,1.8100000000000023%,a40456
06029,24.08%, 61.48%, 37.40%,-,1.1200000000000045%,9c025f
06031,13.85%, 56.41%, 42.56%,-,1.0300000000000011%,8f026c
06033,2.37%, 48.03%, 50.39%,-,1.5799999999999983%,7a0480
06035,19.44%, 58.59%, 39.15%,-,2.259999999999991%,950563
06037,5.02%, 46.88%, 51.89%,-,1.2299999999999898%,770384
06039,10.76%, 54.59%, 43.83%,-,1.5799999999999983%,8b046f
06041,19.11%, 39.73%, 58.85%,-,1.4200000000000017%,650396
06043,11.14%, 54.53%, 43.39%,-,2.0799999999999983%,8b056e
06045,13.48%, 41.94%, 55.42%,-,2.6400000000000006%,6a068d
06047,3.80%, 51.20%, 47.40%,-,1.4000000000000057%,820378
06049,27.43%, 62.68%, 35.25%,-,2.069999999999993%,9f0559
06051,25.18%, 61.38%, 36.20%,-,2.4199999999999875%,9c065c
06053,1.02%, 49.83%, 48.81%,-,1.3599999999999994%,7f037c
06055,2.06%, 50.19%, 48.14%,-,1.6700000000000017%,7f047a
06057,17.29%, 57.76%, 40.46%,-,1.7800000000000011%,930467
06059,36.66%, 67.75%, 31.09%,-,1.1599999999999966%,ac024f
06061,20.64%, 59.59%, 38.95%,-,1.4599999999999937%,970363
06063,3.90%, 51.06%, 47.15%,-,1.789999999999992%,820478
06065,19.88%, 59.46%, 39.58%,-,0.960000000000008%,970264
06067,3.35%, 51.01%, 47.65%,-,1.3400000000000034%,820379
06069,9.89%, 54.11%, 44.23%,-,1.6599999999999966%,890470
06071,21.44%, 59.99%, 38.55%,-,1.460000000000008%,980362
06073,21.85%, 60.19%, 38.34%,-,1.4699999999999989%,990361
06075,46.64%, 26.14%, 72.78%,-,1.0799999999999983%,4202b9
06077,9.83%, 54.39%, 44.56%,-,1.0499999999999972%,8a0271
06079,13.11%, 55.85%, 42.73%,-,1.4200000000000017%,8e036c
06081,12.81%, 42.94%, 55.74%,-,1.3199999999999932%,6d038e
06083,9.75%, 54.24%, 44.48%,-,1.2800000000000011%,8a0371
06085,4.32%, 46.99%, 51.30%,-,1.710000000000008%,770482
06087,24.76%, 36.77%, 61.53%,-,1.6999999999999886%,5d049c
06089,20.58%, 59.36%, 38.79%,-,1.8499999999999943%,970462
06091,4.07%, 50.71%, 46.64%,-,2.6500000000000057%,810676
06093,3.88%, 50.88%, 47.00%,-,2.1200000000000045%,810577
06095,3.80%, 47.43%, 51.23%,-,1.3400000000000034%,780382
06097,14.57%, 41.91%, 56.48%,-,1.6100000000000136%,6a0490
06099,7.16%, 53.07%, 45.92%,-,1.009999999999991%,870275
06101,36.09%, 67.47%, 31.38%,-,1.1500000000000057%,ac0250
06103,15.15%, 56.52%, 41.37%,-,2.1099999999999994%,900569
06105,12.53%, 54.63%, 42.11%,-,3.259999999999991%,8b086b
06107,20.57%, 59.61%, 39.04%,-,1.3499999999999943%,980363
06109,9.78%, 54.00%, 44.22%,-,1.7800000000000011%,890470
06111,24.44%, 61.64%, 37.19%,-,1.1700000000000017%,9d025e
06113,15.12%, 41.89%, 57.01%,-,1.0999999999999943%,6a0291
06115,23.99%, 61.37%, 37.38%,-,1.25%,9c035f
08001,6.70%, 45.87%, 52.57%,-,1.5600000000000023%,740386
08003,8.81%, 53.70%, 44.90%,-,1.4000000000000057%,880372
08005,21.86%, 60.24%, 38.38%,-,1.3799999999999955%,990361
08007,28.51%, 63.66%, 35.15%,-,1.1899999999999977%,a20359
08009,32.04%, 65.34%, 33.29%,-,1.3700000000000045%,a60354
08011,2.58%, 47.62%, 50.21%,-,2.1700000000000017%,790580
08013,8.48%, 44.93%, 53.41%,-,1.6599999999999966%,720488
08014,0%,-,-,-,0,000000
08015,9.31%, 53.90%, 44.59%,-,1.509999999999991%,890371
08017,30.44%, 64.08%, 33.64%,-,2.280000000000001%,a30555
08019,3.36%, 50.11%, 46.75%, 2.67%,3.1400000000000006%,7f0877
08021,15.40%, 41.92%, 57.33%,-,0.75%,6a0192
08023,42.13%, 28.72%, 70.84%,-,0.4399999999999977%,4901b4
08025,15.47%, 57.47%, 42.00%,-,0.5300000000000011%,92016b
08027,40.87%, 69.46%, 28.60%,-,1.9399999999999977%,b10448
08029,21.08%, 59.59%, 38.51%,-,1.9000000000000057%,970462
08031,23.60%, 37.13%, 60.72%,-,2.1500000000000057%,5e059a
08033,35.25%, 66.67%, 31.42%,-,1.9099999999999966%,aa0450
08035,41.49%, 69.96%, 28.46%,-,1.5800000000000125%,b20448
08037,13.47%, 55.91%, 42.44%,-,1.6500000000000057%,8e046c
08039,27.86%, 63.06%, 35.21%,-,1.7299999999999898%,a00459
08041,41.14%, 70.03%, 28.88%,-,1.0900000000000034%,b20249
08043,17.92%, 58.24%, 40.33%,-,1.4300000000000068%,940366
08045,15.64%, 57.21%, 41.57%,-,1.2199999999999989%,91036a
08047,4.78%, 45.79%, 50.57%, 2.96%,3.6400000000000006%,740980
08049,22.28%, 60.08%, 37.81%,-,2.1099999999999994%,990560
08051,13.77%, 55.72%, 41.94%,-,2.3400000000000034%,8e056a
08053,45.21%, 72.48%, 27.27%,-,0.25%,b80045
08055,26.83%, 36.32%, 63.14%,-,0.539999999999992%,5c01a1
08057,32.55%, 65.54%, 33.00%,-,1.4599999999999937%,a70354
08059,14.76%, 56.39%, 41.64%,-,1.9699999999999989%,8f056a
08061,23.46%, 61.25%, 37.80%,-,0.9500000000000028%,9c0260
08063,30.35%, 64.41%, 34.05%,-,1.5400000000000063%,a40356
08065,21.51%, 38.10%, 59.61%,-,2.289999999999992%,610598
08067,17.00%, 57.73%, 40.73%,-,1.5400000000000063%,930367
08069,12.36%, 55.34%, 42.98%,-,1.6800000000000068%,8d046d
08071,30.22%, 34.15%, 64.37%,-,1.4799999999999898%,5703a4
08073,21.43%, 60.29%, 38.86%,-,0.8499999999999943%,990263
08075,13.83%, 56.24%, 42.41%,-,1.3499999999999943%,8f036c
08077,20.93%, 59.62%, 38.68%,-,1.7000000000000028%,980462
08079,10.91%, 55.08%, 44.16%,-,0.7600000000000051%,8c0170
08081,24.85%, 61.01%, 36.16%,-,2.8300000000000125%,9b075c
08083,30.15%, 64.23%, 34.09%,-,1.6799999999999926%,a30456
08085,22.66%, 60.16%, 37.51%,-,2.3300000000000125%,99055f
08087,12.29%, 55.24%, 42.95%,-,1.8100000000000023%,8c046d
08089,4.28%, 51.39%, 47.11%,-,1.5%,830378
08091,29.43%, 63.89%, 34.46%,-,1.6500000000000057%,a20457
08093,16.86%, 56.87%, 40.01%, 2.50%,3.1200000000000045%,910766
08095,17.30%, 57.81%, 40.52%,-,1.6699999999999875%,930467
08097,9.79%, 44.28%, 54.06%,-,1.6599999999999966%,700489
08099,14.59%, 56.34%, 41.75%,-,1.9099999999999966%,8f046a
08101,23.76%, 37.73%, 61.50%,-,0.7700000000000102%,60019c
08103,38.24%, 68.41%, 30.17%,-,1.4200000000000017%,ae034c
08105,25.53%, 62.01%, 36.48%,-,1.5100000000000051%,9e035d
08107,5.41%, 51.65%, 46.24%,-,2.1099999999999994%,830575
08109,4.37%, 46.94%, 51.32%,-,1.740000000000009%,770482
08111,4.32%, 50.36%, 46.04%, 2.40%,3.5999999999999943%,800975
08113,8.86%, 43.39%, 52.26%, 3.86%,4.349999999999994%,6e0b85
08115,20.06%, 59.61%, 39.55%,-,0.8400000000000034%,980264
08117,5.30%, 51.44%, 46.14%, 2.04%,2.4200000000000017%,830675
08119,38.25%, 68.36%, 30.11%,-,1.5300000000000011%,ae034c
08121,27.59%, 62.87%, 35.29%,-,1.8400000000000034%,a00459
08123,12.44%, 55.42%, 42.98%,-,1.5999999999999943%,8d046d
08125,15.36%, 56.93%, 41.57%,-,1.5%,91036a
09001,19.12%, 59.04%, 39.91%,-,1.0500000000000114%,960265
09003,7.12%, 45.95%, 53.08%,-,0.9699999999999989%,750287
09005,13.05%, 55.97%, 42.91%,-,1.1200000000000045%,8e026d
09007,1.06%, 50.01%, 48.95%,-,1.039999999999992%,7f027c
09009,3.24%, 50.90%, 47.66%,-,1.4399999999999977%,810379
09011,3.69%, 51.22%, 47.53%,-,1.25%,820379
09013,2.67%, 50.80%, 48.13%,-,1.0699999999999932%,81027a
09015,3.02%, 50.88%, 47.86%,-,1.259999999999991%,81037a
10001,20.92%, 60.17%, 39.25%,-,0.5799999999999983%,990164
10003,7.77%, 53.52%, 45.75%,-,0.7299999999999898%,880174
10005,24.27%, 61.97%, 37.70%,-,0.3299999999999983%,9e0060
11001,68.34%, 14.30%, 82.65%,-,3.049999999999997%,2407d2
12001,1.26%, 50.08%, 48.82%,-,1.0999999999999943%,7f027c
12003,43.15%, 71.49%, 28.34%,-,0.1700000000000017%,b60048
12005,46.05%, 72.51%, 26.46%,-,1.0300000000000011%,b80243
12007,27.65%, 63.61%, 35.96%,-,0.4300000000000068%,a2015b
12009,41.47%, 70.30%, 28.83%,-,0.8700000000000045%,b30249
12011,0.46%, 50.00%, 49.54%,-,0.46000000000000796%,7f017e
12013,28.88%, 64.01%, 35.12%,-,0.8700000000000045%,a30259
12015,28.61%, 63.98%, 35.37%,-,0.6500000000000057%,a3015a
12017,26.55%, 62.95%, 36.40%,-,0.6500000000000057%,a0015c
12019,53.70%, 76.67%, 22.97%,-,0.35999999999999943%,c3003a
12021,50.31%, 74.87%, 24.57%,-,0.5600000000000023%,be013e
12023,30.95%, 65.13%, 34.18%,-,0.6899999999999977%,a60157
12027,31.90%, 65.64%, 33.74%,-,0.6200000000000045%,a70156
12029,19.58%, 59.79%, 40.21%,-,0.0%,980066
12031,26.07%, 62.79%, 36.72%,-,0.4900000000000091%,a0015d
12033,36.65%, 68.05%, 31.40%,-,0.5500000000000114%,ad0150
12035,20.96%, 60.32%, 39.36%,-,0.3199999999999932%,990064
12037,19.27%, 58.52%, 39.25%,-,2.2299999999999898%,950564
12039,3.02%, 47.64%, 50.66%,-,1.7000000000000028%,790481
12041,23.84%, 61.59%, 37.75%,-,0.6599999999999966%,9d0160
12043,19.78%, 59.66%, 39.88%,-,0.46000000000000796%,980165
12045,27.79%, 62.44%, 34.65%, 2.38%,2.9099999999999966%,9f0758
12047,21.91%, 60.72%, 38.81%,-,0.46999999999999886%,9a0162
12049,35.91%, 66.96%, 31.05%,-,1.990000000000009%,aa054f
12051,31.96%, 65.70%, 33.74%,-,0.5600000000000023%,a70156
12053,15.62%, 57.50%, 41.88%,-,0.6200000000000045%,92016a
12055,34.61%, 67.05%, 32.44%,-,0.5100000000000051%,aa0152
12057,20.40%, 59.89%, 39.49%,-,0.6200000000000045%,980164
12059,43.83%, 71.61%, 27.78%,-,0.6099999999999994%,b60146
12061,40.13%, 69.71%, 29.58%,-,0.710000000000008%,b1014b
12063,25.14%, 62.20%, 37.06%,-,0.7399999999999949%,9e015e
12065,6.16%, 52.89%, 46.73%,-,0.37999999999999545%,860077
12067,33.36%, 66.41%, 33.04%,-,0.5500000000000114%,a90154
12069,37.68%, 68.40%, 30.72%,-,0.8799999999999955%,ae024e
12071,36.12%, 67.71%, 31.59%,-,0.7000000000000028%,ac0150
12073,3.68%, 51.39%, 47.71%,-,0.9000000000000057%,830279
12075,20.69%, 59.75%, 39.06%,-,1.1899999999999977%,980363
12077,32.71%, 65.27%, 32.57%,-,2.1599999999999966%,a60553
12079,13.51%, 56.59%, 43.08%,-,0.3299999999999983%,90006d
12081,31.45%, 65.53%, 34.08%,-,0.39000000000000057%,a70056
12083,33.29%, 66.38%, 33.09%,-,0.5300000000000011%,a90154
12085,45.94%, 72.60%, 26.66%,-,0.7400000000000091%,b90143
12086,11.01%, 55.26%, 44.26%,-,0.480000000000004%,8c0170
12087,21.86%, 60.32%, 38.47%,-,1.210000000000008%,990362
12089,33.65%, 66.59%, 32.95%,-,0.45999999999999375%,a90154
12091,60.71%, 80.04%, 19.33%,-,0.6299999999999955%,cc0131
12093,22.19%, 60.79%, 38.60%,-,0.6099999999999994%,9b0162
12095,36.59%, 67.86%, 31.27%,-,0.8700000000000045%,ad024f
12097,36.78%, 68.05%, 31.27%,-,0.6800000000000068%,ad014f
12099,11.40%, 55.47%, 44.07%,-,0.46000000000000796%,8d0170
12101,11.70%, 55.59%, 43.89%,-,0.519999999999996%,8d016f
12103,16.05%, 57.76%, 41.72%,-,0.5200000000000102%,93016a
12105,33.48%, 66.45%, 32.96%,-,0.5900000000000034%,a90154
12107,15.01%, 57.24%, 42.23%,-,0.5300000000000011%,91016b
12109,40.85%, 70.14%, 29.29%,-,0.5699999999999932%,b2014a
12111,29.70%, 64.54%, 34.84%,-,0.6199999999999903%,a40158
12113,56.29%, 77.85%, 21.56%,-,0.5900000000000034%,c60136
12115,33.36%, 66.40%, 33.04%,-,0.5600000000000023%,a90154
12117,45.14%, 72.20%, 27.06%,-,0.7399999999999949%,b80145
12119,20.57%, 59.98%, 39.41%,-,0.6100000000000136%,980164
12121,29.97%, 64.27%, 34.30%,-,1.4300000000000068%,a30357
12123,39.05%, 69.06%, 30.01%,-,0.9299999999999926%,b0024c
12125,40.57%, 69.99%, 29.42%,-,0.5900000000000034%,b2014b
12127,14.27%, 56.56%, 42.28%,-,1.1599999999999966%,90026b
12129,32.32%, 65.72%, 33.40%,-,0.8799999999999955%,a70255
12131,39.37%, 69.30%, 29.93%,-,0.7700000000000102%,b0014c
12133,33.97%, 66.64%, 32.66%,-,0.7000000000000028%,a90153
13001,23.93%, 61.74%, 37.81%,-,0.44999999999998863%,9d0160
13003,11.80%, 55.60%, 43.80%,-,0.5999999999999943%,8d016f
13005,28.58%, 64.13%, 35.55%,-,0.3200000000000074%,a3005a
13007,5.79%, 46.66%, 52.45%,-,0.8900000000000006%,760285
13009,18.61%, 59.05%, 40.44%,-,0.5100000000000051%,960167
13011,23.47%, 61.58%, 38.11%,-,0.3100000000000023%,9d0061
13013,31.81%, 65.64%, 33.83%,-,0.5300000000000011%,a70156
13015,24.19%, 61.63%, 37.44%,-,0.9300000000000068%,9d025f
13017,3.52%, 51.17%, 47.65%,-,1.1800000000000068%,820379
13019,18.98%, 59.36%, 40.38%,-,0.2599999999999909%,970066
13021,0.21%, 49.96%, 49.74%,-,0.29999999999999716%,7f007e
13023,24.70%, 62.14%, 37.44%,-,0.4200000000000017%,9e015f
13025,2.96%, 51.18%, 48.22%,-,0.5999999999999943%,82017a
13027,17.43%, 58.54%, 41.11%,-,0.3499999999999943%,950068
13029,32.56%, 66.16%, 33.60%,-,0.2400000000000091%,a80055
13031,29.99%, 64.88%, 34.89%,-,0.23000000000000398%,a50058
13033,2.16%, 50.89%, 48.72%,-,0.39000000000000057%,81007c
13035,11.57%, 55.66%, 44.09%,-,0.25%,8d0070
13037,16.57%, 41.52%, 58.09%,-,0.38999999999998636%,690094
13039,16.30%, 57.68%, 41.39%,-,0.9300000000000068%,930269
13043,17.91%, 58.82%, 40.90%,-,0.28000000000000114%,950068
13045,38.92%, 69.20%, 30.28%,-,0.519999999999996%,b0014d
13047,44.29%, 72.02%, 27.73%,-,0.25%,b70046
13049,16.67%, 57.60%, 40.93%,-,1.4699999999999989%,920368
13051,17.23%, 58.12%, 40.89%,-,0.9900000000000091%,940268
13053,11.26%, 55.57%, 44.31%,-,0.12000000000000455%,8d0070
13055,24.75%, 62.17%, 37.42%,-,0.4099999999999966%,9e015f
13057,53.52%, 76.45%, 22.94%,-,0.6099999999999994%,c2013a
13059,0.02%, 49.66%, 49.68%,-,0.6599999999999966%,7e017e
13061,19.82%, 40.04%, 59.86%,-,0.09999999999999432%,660098
13063,31.38%, 65.43%, 34.05%,-,0.519999999999996%,a60156
13065,18.36%, 58.91%, 40.55%,-,0.5400000000000063%,960167
13067,45.91%, 72.70%, 26.79%,-,0.5099999999999909%,b90144
13069,18.21%, 58.91%, 40.71%,-,0.37999999999999545%,960067
13071,30.55%, 65.04%, 34.50%,-,0.45999999999999375%,a50157
13073,55.86%, 77.75%, 21.89%,-,0.35999999999999943%,c60037
13075,11.78%, 55.69%, 43.91%,-,0.4000000000000057%,8e016f
13077,39.17%, 69.41%, 30.24%,-,0.3500000000000085%,b0004d
13079,4.04%, 47.55%, 51.60%,-,0.8499999999999943%,790283
13081,26.46%, 62.94%, 36.48%,-,0.5800000000000125%,a0015d
13083,38.65%, 69.16%, 30.51%,-,0.3299999999999983%,b0004d
13085,42.70%, 71.03%, 28.33%,-,0.6400000000000006%,b50148
13087,24.32%, 61.95%, 37.62%,-,0.4300000000000068%,9d015f
13089,1.27%, 48.94%, 50.21%,-,0.8499999999999943%,7c0280
13091,10.53%, 54.95%, 44.42%,-,0.6299999999999955%,8c0171
13093,7.51%, 45.88%, 53.39%,-,0.7299999999999898%,740188
13095,9.64%, 50.86%, 41.22%, 4.64%,7.920000000000002%,811469
13097,45.01%, 72.24%, 27.23%,-,0.5300000000000011%,b80145
13099,17.04%, 58.46%, 41.42%,-,0.12000000000000455%,950069
13101,26.42%, 62.99%, 36.57%,-,0.4399999999999977%,a0015d
13103,34.61%, 67.13%, 32.51%,-,0.36000000000001364%,ab0052
13105,13.77%, 56.77%, 43.01%,-,0.21999999999999886%,90006d
13107,19.09%, 58.95%, 39.86%,-,1.1899999999999977%,960365
13109,24.85%, 62.01%, 37.16%,-,0.8300000000000125%,9e025e
13111,33.42%, 66.45%, 33.03%,-,0.519999999999996%,a90154
13113,56.10%, 77.84%, 21.74%,-,0.4200000000000017%,c60137
13115,26.29%, 62.85%, 36.55%,-,0.5999999999999943%,a0015d
13117,54.14%, 76.83%, 22.69%,-,0.480000000000004%,c30139
13119,17.31%, 58.57%, 41.25%,-,0.18000000000000682%,950069
13121,13.49%, 42.75%, 56.25%,-,1.0%,6d028f
13123,41.93%, 70.65%, 28.72%,-,0.6299999999999955%,b40149
13125,46.84%, 73.42%, 26.58%,-,0.0%,bb0043
13127,27.18%, 63.18%, 35.99%,-,0.8299999999999983%,a1025b
13129,43.60%, 71.65%, 28.05%,-,0.29999999999999716%,b60047
13131,22.61%, 61.10%, 38.49%,-,0.4099999999999966%,9b0162
13133,11.84%, 43.93%, 55.77%,-,0.29999999999999716%,70008e
13135,51.65%, 75.47%, 23.82%,-,0.710000000000008%,c0013c
13137,39.31%, 69.45%, 30.14%,-,0.4099999999999966%,b1014c
13139,38.01%, 68.71%, 30.71%,-,0.5800000000000125%,af014e
13141,51.22%, 23.99%, 75.20%,-,0.8100000000000023%,3d02bf
13143,30.58%, 65.17%, 34.59%,-,0.23999999999999488%,a60058
13145,28.26%, 63.94%, 35.68%,-,0.37999999999999545%,a3005a
13147,10.24%, 54.88%, 44.64%,-,0.47999999999998977%,8b0171
13149,27.84%, 63.77%, 35.94%,-,0.28999999999999204%,a2005b
13151,42.69%, 71.11%, 28.41%,-,0.480000000000004%,b50148
13153,28.80%, 64.02%, 35.22%,-,0.7600000000000051%,a30159
13155,14.32%, 57.00%, 42.68%,-,0.3199999999999932%,91006c
13157,25.55%, 62.56%, 37.00%,-,0.4399999999999977%,9f015e
13159,10.69%, 55.08%, 44.39%,-,0.5300000000000011%,8c0171
13161,24.45%, 62.03%, 37.58%,-,0.39000000000000057%,9e005f
13163,8.58%, 54.13%, 45.54%,-,0.3299999999999983%,8a0074
13165,14.90%, 57.30%, 42.39%,-,0.3100000000000023%,92006c
13167,25.66%, 62.83%, 37.17%,-,0.0%,a0005e
13169,15.17%, 57.41%, 42.24%,-,0.3499999999999943%,92006b
13171,17.59%, 57.83%, 40.24%,-,1.9300000000000068%,930466
13173,1.89%, 50.81%, 48.91%,-,0.28000000000000114%,81007c
13175,17.13%, 57.89%, 40.76%,-,1.3499999999999943%,930367
13177,48.42%, 74.04%, 25.62%,-,0.3399999999999892%,bc0041
13179,3.21%, 51.24%, 48.03%,-,0.7299999999999898%,82017a
13181,22.55%, 60.97%, 38.43%,-,0.5999999999999943%,9b0161
13183,11.41%, 55.32%, 43.91%,-,0.7700000000000102%,8d016f
13185,25.55%, 62.63%, 37.08%,-,0.28999999999999204%,9f005e
13187,35.05%, 67.20%, 32.15%,-,0.6500000000000057%,ab0151
13189,30.74%, 65.04%, 34.30%,-,0.6599999999999966%,a50157
13191,8.99%, 45.08%, 54.07%,-,0.8499999999999943%,720289
13193,23.15%, 38.19%, 61.35%,-,0.46000000000000796%,61019c
13195,38.69%, 69.10%, 30.41%,-,0.4900000000000091%,b0014d
13197,2.42%, 48.67%, 51.09%,-,0.23999999999999488%,7c0082
13199,2.76%, 51.31%, 48.54%,-,0.15000000000000568%,82007b
13201,36.31%, 68.00%, 31.69%,-,0.3100000000000023%,ad0050
13205,6.79%, 53.29%, 46.50%,-,0.21000000000000796%,870076
13207,13.16%, 56.38%, 43.22%,-,0.4000000000000057%,8f016e
13209,15.22%, 57.49%, 42.28%,-,0.22999999999998977%,92006b
13211,16.54%, 58.10%, 41.57%,-,0.3299999999999983%,94006a
13213,40.65%, 70.11%, 29.46%,-,0.4300000000000068%,b2014b
13215,10.20%, 54.90%, 44.70%,-,0.4000000000000057%,8b0171
13217,30.08%, 64.77%, 34.69%,-,0.5400000000000063%,a50158
13219,36.21%, 67.89%, 31.68%,-,0.4300000000000068%,ad0150
13221,25.58%, 62.61%, 37.03%,-,0.35999999999999943%,9f005e
13223,45.70%, 72.63%, 26.92%,-,0.45000000000000284%,b90144
13225,3.28%, 48.00%, 51.28%,-,0.7199999999999989%,7a0182
13227,35.56%, 67.52%, 31.96%,-,0.5200000000000102%,ac0151
13229,11.09%, 55.49%, 44.40%,-,0.10999999999999943%,8d0071
13231,27.43%, 63.35%, 35.92%,-,0.7299999999999898%,a1015b
13233,29.28%, 64.46%, 35.18%,-,0.36000000000001364%,a40059
13235,2.63%, 48.48%, 51.11%,-,0.4099999999999966%,7b0182
13237,15.84%, 57.74%, 41.90%,-,0.35999999999999943%,93006a
13239,18.97%, 40.11%, 59.08%,-,0.8100000000000023%,660296
13241,27.08%, 63.14%, 36.06%,-,0.7999999999999972%,a1025b
13243,1.86%, 48.94%, 50.80%,-,0.2600000000000051%,7c0081
13245,14.66%, 57.12%, 42.46%,-,0.4200000000000017%,91016c
13247,48.04%, 73.77%, 25.73%,-,0.5%,bc0141
13249,18.18%, 58.91%, 40.72%,-,0.37000000000000455%,960067
13251,19.60%, 59.52%, 39.93%,-,0.5499999999999972%,970165
13253,11.27%, 55.54%, 44.27%,-,0.18999999999999773%,8d0070
13255,28.11%, 63.68%, 35.57%,-,0.75%,a2015a
13257,32.73%, 66.09%, 33.36%,-,0.5499999999999972%,a80155
13259,15.41%, 42.17%, 57.58%,-,0.25%,6b0092
13261,12.48%, 55.93%, 43.45%,-,0.6200000000000045%,8e016e
13263,21.65%, 38.93%, 60.58%,-,0.4900000000000091%,63019a
13265,20.98%, 39.38%, 60.36%,-,0.2599999999999909%,640099
13267,30.30%, 65.03%, 34.73%,-,0.2400000000000091%,a50058
13269,0.48%, 50.13%, 49.65%,-,0.21999999999999886%,7f007e
13271,1.11%, 50.21%, 49.10%,-,0.6899999999999977%,80017d
13273,4.61%, 52.22%, 47.61%,-,0.1700000000000017%,850079
13275,29.99%, 64.78%, 34.80%,-,0.4200000000000017%,a50158
13277,31.99%, 65.80%, 33.81%,-,0.39000000000000057%,a70056
13279,58.39%, 78.89%, 20.50%,-,0.6099999999999994%,c90134
13281,30.72%, 65.12%, 34.40%,-,0.47999999999998977%,a60157
13283,14.39%, 57.19%, 42.81%,-,0.0%,91006d
13285,34.94%, 67.31%, 32.38%,-,0.3100000000000023%,ab0052
13287,7.32%, 50.52%, 43.20%, 3.47%,6.280000000000001%,80106e
13289,15.61%, 41.96%, 57.57%,-,0.46999999999999886%,6a0192
13291,31.06%, 65.39%, 34.33%,-,0.28000000000000114%,a60057
13293,26.62%, 63.05%, 36.43%,-,0.5200000000000102%,a0015c
13295,37.53%, 68.63%, 31.11%,-,0.2600000000000051%,af004f
13297,31.64%, 65.56%, 33.92%,-,0.519999999999996%,a70156
13299,5.75%, 52.59%, 46.84%,-,0.5699999999999932%,860177
13301,9.69%, 44.78%, 54.47%,-,0.75%,72018a
13303,2.55%, 51.12%, 48.58%,-,0.30000000000001137%,82007b
13305,16.01%, 57.93%, 41.92%,-,0.15000000000000568%,93006a
13307,8.35%, 45.70%, 54.05%,-,0.25%,740089
13309,3.71%, 51.64%, 47.92%,-,0.4399999999999977%,83017a
13311,43.83%, 71.65%, 27.81%,-,0.539999999999992%,b60146
13313,46.66%, 73.12%, 26.46%,-,0.4199999999999875%,ba0143
13315,6.73%, 53.26%, 46.53%,-,0.21000000000000796%,870076
13317,7.74%, 53.71%, 45.96%,-,0.3299999999999983%,880075
13319,8.35%, 45.30%, 53.65%,-,1.0500000000000114%,730288
13321,33.85%, 66.55%, 32.70%,-,0.75%,a90153
15001,16.68%, 41.00%, 57.68%,-,1.3199999999999932%,680393
15003,7.15%, 45.97%, 53.13%,-,0.9000000000000057%,750287
15005,0%,-,-,-,0,000000
15007,17.13%, 40.95%, 58.08%,-,0.9699999999999989%,680294
15009,14.87%, 41.96%, 56.83%,-,1.210000000000008%,6a0390
16001,27.97%, 62.92%, 34.95%,-,2.1299999999999955%,a00559
16003,25.79%, 61.53%, 35.74%,-,2.7299999999999898%,9c065b
16005,6.69%, 52.40%, 45.71%,-,1.8900000000000006%,850474
16007,40.84%, 69.93%, 29.09%,-,0.9799999999999898%,b2024a
16009,4.08%, 50.96%, 46.88%,-,2.1599999999999966%,810577
16011,39.34%, 68.89%, 29.55%,-,1.5600000000000023%,af034b
16013,10.98%, 54.39%, 43.41%,-,2.200000000000003%,8a056e
16015,24.80%, 61.05%, 36.26%,-,2.6899999999999977%,9b065c
16017,1.45%, 49.94%, 48.49%,-,1.5699999999999932%,7f047b
16019,51.68%, 75.01%, 23.33%,-,1.6599999999999966%,bf043b
16021,14.49%, 56.21%, 41.72%,-,2.069999999999993%,8f056a
16023,26.18%, 62.26%, 36.08%,-,1.6599999999999966%,9e045c
16025,34.78%, 65.90%, 31.12%, 2.06%,2.9799999999999898%,a8074f
16027,34.63%, 66.14%, 31.51%,-,2.3499999999999943%,a80550
16029,43.64%, 71.22%, 27.58%,-,1.2000000000000028%,b50346
16031,48.19%, 73.34%, 25.15%,-,1.509999999999991%,bb0340
16033,35.15%, 66.75%, 31.59%,-,1.6599999999999966%,aa0450
16035,5.58%, 45.87%, 51.45%,-,2.680000000000007%,740683
16037,33.60%, 66.09%, 32.49%,-,1.4199999999999875%,a80352
16039,28.35%, 63.46%, 35.11%,-,1.4300000000000068%,a10359
16041,56.47%, 77.29%, 20.82%,-,1.8899999999999864%,c50435
16043,47.79%, 73.11%, 25.32%,-,1.5699999999999932%,ba0440
16045,16.76%, 56.90%, 40.14%, 2.16%,2.960000000000008%,910766
16047,21.25%, 59.64%, 38.39%,-,1.9699999999999989%,980561
16049,22.88%, 60.31%, 37.44%,-,2.25%,99055f
16051,61.62%, 79.64%, 18.02%,-,2.3400000000000034%,cb052d
16053,30.98%, 64.32%, 33.33%,-,2.3500000000000085%,a40554
16055,12.80%, 55.63%, 42.83%,-,1.539999999999992%,8d036d
16057,1.35%, 48.47%, 49.82%,-,1.710000000000008%,7b047f
16059,34.01%, 66.24%, 32.23%,-,1.5300000000000011%,a80352
16061,1.30%, 48.76%, 50.06%,-,1.1800000000000068%,7c037f
16063,22.56%, 60.20%, 37.64%,-,2.1599999999999966%,99055f
16065,71.05%, 84.87%, 13.82%,-,1.3100000000000023%,d80323
16067,33.17%, 65.73%, 32.56%,-,1.7099999999999937%,a70453
16069,4.84%, 46.78%, 51.62%,-,1.5999999999999943%,770483
16071,42.04%, 70.11%, 28.07%,-,1.8199999999999932%,b20447
16073,32.61%, 64.81%, 32.19%, 2.32%,3.0%,a50752
16075,32.47%, 65.17%, 32.71%,-,2.1200000000000045%,a60553
16077,24.92%, 61.66%, 36.73%,-,1.6100000000000136%,9d045d
16079,22.29%, 38.20%, 60.49%,-,1.3100000000000023%,61039a
16081,29.54%, 64.31%, 34.77%,-,0.9199999999999875%,a30258
16083,29.73%, 63.87%, 34.14%,-,1.990000000000009%,a20557
16085,20.22%, 59.37%, 39.15%,-,1.480000000000004%,970363
16087,26.59%, 61.98%, 35.39%, 2.14%,2.6299999999999955%,9e065a
17001,6.94%, 53.29%, 46.34%,-,0.37000000000000455%,870076
17003,15.85%, 41.90%, 57.75%,-,0.3499999999999943%,6a0093
17005,2.10%, 50.78%, 48.68%,-,0.539999999999992%,81017c
17007,23.96%, 61.69%, 37.73%,-,0.5800000000000125%,9d0160
17009,4.01%, 51.89%, 47.88%,-,0.22999999999998977%,84007a
17011,9.43%, 54.41%, 44.98%,-,0.6100000000000136%,8a0172
17013,10.97%, 44.37%, 55.34%,-,0.28999999999999204%,71008d
17015,19.62%, 59.42%, 39.80%,-,0.7800000000000011%,970165
17017,6.38%, 46.53%, 52.91%,-,0.5600000000000023%,760186
17019,5.53%, 52.36%, 46.82%,-,0.8199999999999932%,850277
17021,8.13%, 45.61%, 53.74%,-,0.6500000000000057%,740189
17023,15.79%, 57.71%, 41.93%,-,0.35999999999999943%,93006a
17025,11.67%, 55.65%, 43.97%,-,0.37999999999999545%,8d0070
17027,12.76%, 56.15%, 43.38%,-,0.46999999999999886%,8f016e
17029,13.93%, 56.62%, 42.69%,-,0.6899999999999977%,90016c
17031,12.41%, 43.36%, 55.77%,-,0.8700000000000045%,6e028e
17033,16.29%, 57.76%, 41.48%,-,0.7600000000000051%,930169
17035,16.59%, 57.98%, 41.39%,-,0.6299999999999955%,930169
17037,18.40%, 58.86%, 40.46%,-,0.6800000000000068%,960167
17039,19.29%, 59.32%, 40.03%,-,0.6500000000000057%,970166
17041,15.71%, 57.62%, 41.91%,-,0.46999999999999886%,92016a
17043,39.36%, 69.39%, 30.02%,-,0.5900000000000034%,b0014c
17045,17.53%, 58.55%, 41.02%,-,0.4300000000000068%,950168
17047,28.81%, 64.12%, 35.30%,-,0.5799999999999983%,a3015a
17049,29.68%, 64.53%, 34.85%,-,0.6200000000000045%,a40158
17051,8.10%, 53.88%, 45.78%,-,0.3400000000000034%,890074
17053,33.08%, 66.05%, 32.97%,-,0.980000000000004%,a80254
17055,17.81%, 40.87%, 58.69%,-,0.4399999999999977%,680195
17057,12.71%, 43.45%, 56.16%,-,0.39000000000000057%,6e008f
17059,21.54%, 38.89%, 60.42%,-,0.6899999999999977%,63019a
17061,1.87%, 50.56%, 48.69%,-,0.75%,80017c
17063,22.41%, 60.88%, 38.47%,-,0.6500000000000057%,9b0162
17065,0.08%, 49.89%, 49.81%,-,0.29999999999999716%,7f007f
17067,1.83%, 48.71%, 50.54%,-,0.75%,7c0180
17069,6.94%, 53.26%, 46.32%,-,0.4200000000000017%,870176
17071,9.40%, 45.17%, 54.57%,-,0.2599999999999909%,73008b
17073,1.02%, 49.28%, 50.30%,-,0.4200000000000017%,7d0180
17075,38.71%, 69.11%, 30.40%,-,0.4900000000000091%,b0014d
17077,7.77%, 45.73%, 53.50%,-,0.7700000000000102%,740188
17079,17.13%, 58.28%, 41.14%,-,0.5799999999999983%,940168
17081,0.68%, 49.42%, 50.10%,-,0.47999999999998977%,7e017f
17083,0.38%, 49.62%, 50.00%,-,0.37999999999999545%,7e007f
17085,8.56%, 53.88%, 45.32%,-,0.7999999999999972%,890273
17087,19.71%, 59.61%, 39.90%,-,0.4900000000000091%,980165
17089,28.93%, 64.10%, 35.17%,-,0.730000000000004%,a30159
17091,14.46%, 56.82%, 42.36%,-,0.8199999999999932%,90026c
17093,41.81%, 70.62%, 28.82%,-,0.5600000000000023%,b40149
17095,8.06%, 45.75%, 53.81%,-,0.4399999999999977%,740189
17097,27.72%, 63.53%, 35.81%,-,0.6599999999999966%,a2015b
17099,0.24%, 49.64%, 49.88%,-,0.47999999999998977%,7e017f
17101,7.55%, 53.57%, 46.02%,-,0.4099999999999966%,880175
17103,31.59%, 65.48%, 33.89%,-,0.6299999999999955%,a60156
17105,34.50%, 67.02%, 32.52%,-,0.46000000000000796%,aa0152
17107,28.32%, 63.90%, 35.58%,-,0.5200000000000102%,a2015a
17109,15.42%, 57.42%, 42.00%,-,0.5799999999999983%,92016b
17111,41.55%, 70.44%, 28.88%,-,0.6800000000000068%,b30149
17113,24.06%, 61.75%, 37.69%,-,0.5600000000000023%,9d0160
17115,3.04%, 48.22%, 51.25%,-,0.5300000000000011%,7a0182
17117,13.07%, 43.20%, 56.28%,-,0.519999999999996%,6e018f
17119,9.30%, 45.04%, 54.34%,-,0.6200000000000045%,72018a
17121,0.59%, 50.05%, 49.46%,-,0.4900000000000091%,7f017e
17123,13.29%, 56.35%, 43.07%,-,0.5799999999999983%,8f016d
17125,0.26%, 49.95%, 49.69%,-,0.35999999999999943%,7f007e
17127,4.14%, 51.86%, 47.72%,-,0.4200000000000017%,840179
17129,25.54%, 62.40%, 36.86%,-,0.7400000000000091%,9f015d
17131,6.57%, 46.45%, 53.02%,-,0.5300000000000011%,760187
17133,16.09%, 57.83%, 41.74%,-,0.4300000000000068%,93016a
17135,6.58%, 46.43%, 53.01%,-,0.5600000000000023%,760187
17137,18.65%, 59.17%, 40.52%,-,0.3100000000000023%,960067
17139,2.48%, 50.98%, 48.50%,-,0.5200000000000102%,81017b
17141,34.51%, 66.94%, 32.43%,-,0.6299999999999955%,aa0152
17143,3.21%, 51.35%, 48.14%,-,0.5099999999999909%,82017a
17145,6.04%, 46.78%, 52.83%,-,0.39000000000000057%,770086
17147,14.26%, 56.85%, 42.59%,-,0.5600000000000023%,90016c
17149,7.55%, 46.11%, 53.66%,-,0.23000000000000398%,750088
17151,9.33%, 54.44%, 45.11%,-,0.45000000000000284%,8a0173
17153,3.65%, 47.90%, 51.55%,-,0.5500000000000114%,7a0183
17155,2.71%, 48.30%, 51.00%,-,0.7000000000000028%,7b0182
17157,2.92%, 48.28%, 51.21%,-,0.5099999999999909%,7b0182
17159,19.59%, 59.61%, 40.03%,-,0.35999999999999943%,980066
17161,18.80%, 40.37%, 59.17%,-,0.46000000000000796%,660196
17163,14.41%, 42.58%, 57.00%,-,0.4200000000000017%,6c0191
17165,7.01%, 46.31%, 53.32%,-,0.37000000000000455%,760087
17167,14.08%, 56.76%, 42.68%,-,0.5600000000000023%,90016c
17169,7.67%, 53.57%, 45.89%,-,0.539999999999992%,880175
17171,10.47%, 55.02%, 44.55%,-,0.4300000000000068%,8c0171
17173,7.14%, 53.28%, 46.14%,-,0.5799999999999983%,870175
17175,17.98%, 58.39%, 40.41%,-,1.2000000000000028%,940367
17177,20.49%, 59.87%, 39.38%,-,0.75%,980164
17179,7.93%, 53.72%, 45.79%,-,0.4900000000000091%,880174
17181,0.55%, 50.05%, 49.50%,-,0.45000000000000284%,7f017e
17183,2.78%, 48.32%, 51.10%,-,0.5799999999999983%,7b0182
17185,21.17%, 60.30%, 39.14%,-,0.5600000000000023%,990163
17187,11.72%, 55.54%, 43.82%,-,0.6400000000000006%,8d016f
17189,20.92%, 60.04%, 39.12%,-,0.8400000000000034%,990263
17191,27.09%, 63.29%, 36.20%,-,0.5099999999999909%,a1015c
17193,2.46%, 51.04%, 48.58%,-,0.37999999999999545%,82007b
17195,6.75%, 53.05%, 46.31%,-,0.6400000000000006%,870176
17197,18.84%, 59.10%, 40.26%,-,0.6400000000000006%,960166
17199,1.74%, 48.84%, 50.58%,-,0.5799999999999983%,7c0180
17201,10.26%, 54.85%, 44.59%,-,0.5600000000000023%,8b0171
17203,34.40%, 66.93%, 32.53%,-,0.539999999999992%,aa0152
18001,36.06%, 67.83%, 31.77%,-,0.4000000000000057%,ac0151
18003,30.80%, 64.94%, 34.14%,-,0.9200000000000017%,a50257
18005,32.56%, 66.05%, 33.49%,-,0.46000000000000796%,a80155
18007,33.15%, 66.31%, 33.15%,-,0.539999999999992%,a90154
18009,19.31%, 59.49%, 40.17%,-,0.3400000000000034%,970066
18011,47.07%, 73.44%, 26.37%,-,0.18999999999999773%,bb0043
18013,22.41%, 60.86%, 38.45%,-,0.6899999999999977%,9b0162
18015,25.48%, 62.54%, 37.07%,-,0.39000000000000057%,9f005e
18017,30.78%, 65.10%, 34.32%,-,0.5800000000000125%,a60157
18019,6.46%, 53.04%, 46.58%,-,0.37999999999999545%,870076
18021,22.10%, 60.77%, 38.67%,-,0.5600000000000023%,9a0162
18023,31.93%, 65.82%, 33.88%,-,0.30000000000001137%,a70056
18025,10.79%, 55.09%, 44.30%,-,0.6099999999999994%,8c0170
18027,31.91%, 65.75%, 33.84%,-,0.4099999999999966%,a70156
18029,23.51%, 61.57%, 38.06%,-,0.37000000000000455%,9d0061
18031,35.22%, 67.35%, 32.13%,-,0.5200000000000102%,ab0151
18033,31.79%, 65.75%, 33.95%,-,0.29999999999999716%,a70056
18035,14.13%, 56.84%, 42.71%,-,0.44999999999998863%,90016c
