id,margin,bush,kerry,trash1,trash2,trash1,other,hex_color
01001,51.98%, 75.67%, 23.69%,-,-, 0.63%,0.6400000000000006%,c0013c
01003,53.91%, 76.42%, 22.50%,-,-, 1.08%,1.0799999999999983%,c20239
01005,9.90%, 54.74%, 44.84%,-,-, 0.43%,0.4199999999999875%,8b0172
01007,44.51%, 72.00%, 27.49%,-,-, 0.51%,0.5100000000000051%,b70146
01009,62.54%, 80.85%, 18.31%,-,-, 0.84%,0.8400000000000034%,ce022e
01011,36.38%, 31.67%, 68.05%,-,-, 0.28%,0.28000000000000114%,5000ad
01013,18.61%, 59.16%, 40.55%,-,-, 0.29%,0.29000000000000625%,960067
01015,32.56%, 65.89%, 33.33%,-,-, 0.78%,0.7800000000000011%,a80154
01017,17.46%, 58.49%, 41.03%,-,-, 0.48%,0.47999999999998977%,950168
01019,31.86%, 65.45%, 33.59%,-,-, 0.95%,0.9599999999999937%,a60255
01021,54.22%, 76.85%, 22.63%,-,-, 0.52%,0.5200000000000102%,c30139
01023,8.22%, 53.92%, 45.70%,-,-, 0.37%,0.37999999999999545%,890074
01025,18.46%, 59.07%, 40.61%,-,-, 0.32%,0.3199999999999932%,960067
01027,41.53%, 70.32%, 28.79%,-,-, 0.90%,0.8900000000000148%,b30249
01029,51.38%, 75.37%, 23.99%,-,-, 0.64%,0.6400000000000006%,c0013d
01031,48.47%, 73.90%, 25.43%,-,-, 0.66%,0.6699999999999875%,bc0140
01033,10.82%, 55.10%, 44.28%,-,-, 0.62%,0.6200000000000045%,8c0170
01035,9.17%, 54.33%, 45.16%,-,-, 0.51%,0.5100000000000051%,8a0173
01037,17.00%, 58.09%, 41.09%,-,-, 0.82%,0.8199999999999932%,940268
01039,52.62%, 76.02%, 23.40%,-,-, 0.58%,0.5800000000000125%,c1013b
01041,37.80%, 68.67%, 30.87%,-,-, 0.45%,0.45999999999999375%,af014e
01043,53.35%, 76.21%, 22.86%,-,-, 0.93%,0.9300000000000068%,c2023a
01045,50.12%, 74.71%, 24.60%,-,-, 0.69%,0.6899999999999977%,be013e
01047,20.68%, 39.49%, 60.17%,-,-, 0.34%,0.3400000000000034%,640099
01049,40.60%, 69.94%, 29.34%,-,-, 0.72%,0.7199999999999989%,b2014a
01051,54.34%, 76.90%, 22.56%,-,-, 0.53%,0.539999999999992%,c40139
01053,37.91%, 68.68%, 30.77%,-,-, 0.55%,0.5499999999999972%,af014e
01055,27.35%, 63.26%, 35.91%,-,-, 0.83%,0.8300000000000125%,a1025b
01057,39.07%, 69.16%, 30.09%,-,-, 0.75%,0.75%,b0014c
01059,25.89%, 62.68%, 36.79%,-,-, 0.53%,0.5300000000000011%,9f015d
01061,59.21%, 79.30%, 20.09%,-,-, 0.62%,0.6099999999999994%,ca0133
01063,59.10%, 20.18%, 79.28%,-,-, 0.55%,0.539999999999992%,3301ca
01065,16.99%, 41.30%, 58.29%,-,-, 0.42%,0.4099999999999966%,690194
01067,33.00%, 66.31%, 33.31%,-,-, 0.38%,0.37999999999999545%,a90054
01069,48.98%, 74.24%, 25.26%,-,-, 0.51%,0.5%,bd0140
01071,14.27%, 56.76%, 42.49%,-,-, 0.75%,0.75%,90016c
01073,9.01%, 54.16%, 45.15%,-,-, 0.68%,0.6899999999999977%,8a0173
01075,42.67%, 71.08%, 28.41%,-,-, 0.51%,0.5100000000000051%,b50148
01077,20.30%, 59.72%, 39.42%,-,-, 0.86%,0.8599999999999994%,980264
01079,11.25%, 55.21%, 43.96%,-,-, 0.83%,0.8299999999999983%,8c0270
01081,26.33%, 62.70%, 36.38%,-,-, 0.92%,0.9199999999999875%,9f025c
01083,36.38%, 67.77%, 31.39%,-,-, 0.84%,0.8400000000000034%,ac0250
01085,40.64%, 29.66%, 70.30%,-,-, 0.03%,0.04000000000000625%,4b00b3
01087,66.23%, 16.69%, 82.92%,-,-, 0.39%,0.39000000000000057%,2a00d3
01089,18.72%, 58.88%, 40.17%,-,-, 0.95%,0.9499999999999886%,960266
01091,2.11%, 50.91%, 48.80%,-,-, 0.29%,0.29000000000000625%,81007c
01093,40.19%, 69.77%, 29.58%,-,-, 0.65%,0.6500000000000057%,b1014b
01095,45.51%, 72.35%, 26.84%,-,-, 0.81%,0.8100000000000023%,b80244
01097,18.04%, 58.69%, 40.65%,-,-, 0.65%,0.6599999999999966%,950167
01099,22.71%, 61.16%, 38.45%,-,-, 0.39%,0.39000000000000057%,9b0062
01101,1.19%, 49.19%, 50.37%,-,-, 0.44%,0.4399999999999977%,7d0180
01103,39.03%, 69.09%, 30.06%,-,-, 0.85%,0.8499999999999943%,b0024c
01105,36.74%, 31.47%, 68.21%,-,-, 0.33%,0.3200000000000074%,5000ad
01107,13.74%, 56.61%, 42.87%,-,-, 0.51%,0.5200000000000102%,90016d
01109,26.50%, 62.97%, 36.47%,-,-, 0.56%,0.5600000000000023%,a0015c
01111,36.77%, 68.07%, 31.30%,-,-, 0.63%,0.6300000000000097%,ad014f
01113,0.23%, 49.60%, 49.82%,-,-, 0.58%,0.5799999999999983%,7e017f
01115,61.88%, 80.59%, 18.71%,-,-, 0.70%,0.6999999999999886%,cd012f
01117,61.57%, 80.39%, 18.82%,-,-, 0.79%,0.789999999999992%,cc022f
01119,41.15%, 29.22%, 70.37%,-,-, 0.40%,0.4099999999999966%,4a01b3
01121,23.27%, 61.31%, 38.04%,-,-, 0.65%,0.6500000000000057%,9c0161
01123,38.66%, 69.03%, 30.36%,-,-, 0.61%,0.6099999999999994%,b0014d
01125,23.53%, 61.40%, 37.87%,-,-, 0.72%,0.730000000000004%,9c0160
01127,35.78%, 67.57%, 31.78%,-,-, 0.65%,0.6500000000000057%,ac0151
01129,23.22%, 61.36%, 38.14%,-,-, 0.51%,0.5%,9c0161
01131,35.27%, 32.28%, 67.55%,-,-, 0.18%,0.1700000000000017%,5200ac
01133,56.55%, 78.00%, 21.45%,-,-, 0.55%,0.5499999999999972%,c60136
02013,0%,-,-,-,-,-,0,000000
02016,0%,-,-,-,-,-,0,000000
02020,0%,-,-,-,-,-,0,000000
02050,0%,-,-,-,-,-,0,000000
02060,0%,-,-,-,-,-,0,000000
02068,0%,-,-,-,-,-,0,000000
02070,0%,-,-,-,-,-,0,000000
02090,0%,-,-,-,-,-,0,000000
02100,0%,-,-,-,-,-,0,000000
02105,0%,-,-,-,-,-,0,000000
02110,0%,-,-,-,-,-,0,000000
02122,0%,-,-,-,-,-,0,000000
02130,0%,-,-,-,-,-,0,000000
02150,0%,-,-,-,-,-,0,000000
02164,0%,-,-,-,-,-,0,000000
02170,0%,-,-,-,-,-,0,000000
02180,0%,-,-,-,-,-,0,000000
02185,0%,-,-,-,-,-,0,000000
02188,0%,-,-,-,-,-,0,000000
02195,0%,-,-,-,-,-,0,000000
02198,0%,-,-,-,-,-,0,000000
02220,0%,-,-,-,-,-,0,000000
02230,0%,-,-,-,-,-,0,000000
02240,0%,-,-,-,-,-,0,000000
02261,0%,-,-,-,-,-,0,000000
02270,0%,-,-,-,-,-,0,000000
02275,0%,-,-,-,-,-,0,000000
02282,0%,-,-,-,-,-,0,000000
02290,0%,-,-,-,-,-,0,000000
04001,30.06%, 34.65%, 64.71%,-,-, 0.64%,0.6400000000000148%,5801a5
04003,20.28%, 59.55%, 39.27%,-,-, 1.18%,1.1800000000000068%,970364
04005,12.82%, 43.00%, 55.82%,-,-, 1.19%,1.1800000000000068%,6d038e
04007,19.30%, 59.12%, 39.82%,-,-, 1.05%,1.0600000000000023%,960265
04009,39.94%, 69.65%, 29.71%,-,-, 0.63%,0.6399999999999864%,b1014b
04011,24.55%, 61.92%, 37.37%,-,-, 0.72%,0.710000000000008%,9d015f
04012,25.87%, 62.42%, 36.55%,-,-, 1.03%,1.0300000000000011%,9f025d
04013,14.61%, 56.86%, 42.25%,-,-, 0.89%,0.8900000000000006%,90026b
04015,28.13%, 63.53%, 35.40%,-,-, 1.07%,1.0699999999999932%,a2025a
04017,7.60%, 53.32%, 45.72%,-,-, 0.96%,0.960000000000008%,870274
04019,5.99%, 46.56%, 52.55%,-,-, 0.89%,0.8900000000000006%,760286
04021,15.09%, 57.27%, 42.17%,-,-, 0.56%,0.5600000000000023%,92016b
04023,19.17%, 39.93%, 59.11%,-,-, 0.96%,0.960000000000008%,650296
04025,23.22%, 61.05%, 37.82%,-,-, 1.13%,1.1299999999999955%,9b0260
04027,15.97%, 57.58%, 41.61%,-,-, 0.81%,0.8100000000000023%,92026a
05001,9.78%, 54.55%, 44.77%,-,-, 0.68%,0.6800000000000068%,8b0172
05003,8.06%, 53.65%, 45.59%,-,-, 0.75%,0.7599999999999909%,880174
05005,21.58%, 60.05%, 38.47%,-,-, 1.47%,1.480000000000004%,990362
05007,37.90%, 68.37%, 30.47%,-,-, 1.17%,1.1599999999999966%,ae024d
05009,34.87%, 66.27%, 31.40%,-,-, 2.33%,2.3300000000000125%,a80550
05011,4.59%, 47.33%, 51.92%,-,-, 0.75%,0.75%,780184
05013,17.44%, 58.29%, 40.84%,-,-, 0.87%,0.8700000000000045%,940268
05015,19.30%, 59.00%, 39.70%,-,-, 1.30%,1.2999999999999972%,960365
05017,26.66%, 36.26%, 62.92%,-,-, 0.82%,0.8199999999999932%,5c02a0
05019,9.18%, 44.99%, 54.17%,-,-, 0.84%,0.8400000000000034%,72028a
05021,8.28%, 45.26%, 53.54%,-,-, 1.20%,1.2000000000000028%,730388
05023,22.02%, 60.43%, 38.41%,-,-, 1.16%,1.1599999999999966%,9a0261
05025,15.99%, 57.47%, 41.48%,-,-, 1.06%,1.0500000000000114%,920269
05027,16.36%, 57.82%, 41.46%,-,-, 0.73%,0.7199999999999989%,930169
05029,0.33%, 49.59%, 49.26%,-,-, 1.15%,1.1500000000000057%,7e027d
05031,7.22%, 53.08%, 45.85%,-,-, 1.07%,1.0699999999999932%,870274
05033,32.48%, 65.64%, 33.16%,-,-, 1.21%,1.2000000000000028%,a70354
05035,8.80%, 45.29%, 54.10%,-,-, 0.61%,0.6099999999999994%,730189
05037,10.31%, 54.62%, 44.32%,-,-, 1.06%,1.0600000000000023%,8b0271
05039,0.86%, 50.18%, 49.32%,-,-, 0.50%,0.5%,7f017d
05041,24.14%, 37.21%, 61.35%,-,-, 1.44%,1.4399999999999977%,5e039c
05043,4.96%, 52.20%, 47.24%,-,-, 0.56%,0.5600000000000023%,850178
05045,19.02%, 58.64%, 39.63%,-,-, 1.73%,1.7299999999999898%,950465
05047,16.09%, 57.36%, 41.27%,-,-, 1.37%,1.3700000000000045%,920369
05049,3.07%, 50.90%, 47.83%,-,-, 1.27%,1.2700000000000102%,810379
05051,9.20%, 54.13%, 44.93%,-,-, 0.95%,0.9399999999999977%,8a0272
05053,24.83%, 62.11%, 37.28%,-,-, 0.61%,0.6099999999999994%,9e015f
05055,4.82%, 51.86%, 47.04%,-,-, 1.10%,1.0999999999999943%,840277
05057,3.18%, 48.04%, 51.22%,-,-, 0.74%,0.7400000000000091%,7a0182
05059,0.49%, 49.40%, 48.91%,-,-, 1.69%,1.6899999999999977%,7d047c
05061,11.53%, 55.35%, 43.82%,-,-, 0.83%,0.8299999999999983%,8d026f
05063,15.27%, 57.11%, 41.83%,-,-, 1.06%,1.0600000000000023%,91026a
05065,4.50%, 51.57%, 47.08%,-,-, 1.35%,1.3499999999999943%,830378
05067,14.33%, 42.19%, 56.52%,-,-, 1.29%,1.289999999999992%,6b0390
05069,31.01%, 33.51%, 64.52%,-,-, 1.97%,1.9699999999999989%,5505a4
05071,8.57%, 53.59%, 45.03%,-,-, 1.38%,1.3799999999999955%,880372
05073,1.16%, 50.27%, 49.11%,-,-, 0.63%,0.6200000000000045%,80017d
05075,8.96%, 44.61%, 53.58%,-,-, 1.81%,1.8100000000000023%,710488
05077,25.88%, 36.57%, 62.45%,-,-, 0.98%,0.9799999999999898%,5d029f
05079,5.55%, 46.75%, 52.30%,-,-, 0.95%,0.9500000000000028%,770285
05081,1.93%, 48.64%, 50.57%,-,-, 0.79%,0.789999999999992%,7c0280
05083,20.06%, 59.36%, 39.31%,-,-, 1.33%,1.3299999999999983%,970364
05085,31.52%, 65.36%, 33.84%,-,-, 0.81%,0.7999999999999972%,a60256
05087,22.74%, 60.67%, 37.92%,-,-, 1.41%,1.4099999999999966%,9a0360
05089,22.21%, 60.10%, 37.89%,-,-, 2.01%,2.009999999999991%,990560
05091,15.73%, 57.56%, 41.82%,-,-, 0.62%,0.6200000000000045%,92016a
05093,10.40%, 43.25%, 53.65%,-,-, 3.10%,3.0999999999999943%,6e0788
05095,12.63%, 43.25%, 55.88%,-,-, 0.87%,0.8700000000000045%,6e028e
05097,21.30%, 59.80%, 38.50%,-,-, 1.69%,1.7000000000000028%,980462
05099,1.67%, 50.39%, 48.72%,-,-, 0.89%,0.8900000000000006%,80027c
05101,29.08%, 63.48%, 34.40%,-,-, 2.12%,2.1200000000000045%,a10557
05103,1.47%, 50.19%, 48.71%,-,-, 1.10%,1.0999999999999943%,7f027c
05105,11.60%, 54.95%, 43.35%,-,-, 1.69%,1.6999999999999886%,8c046e
05107,27.98%, 35.65%, 63.62%,-,-, 0.73%,0.730000000000004%,5a01a2
05109,20.88%, 59.79%, 38.91%,-,-, 1.31%,1.3000000000000114%,980363
05111,6.66%, 46.03%, 52.69%,-,-, 1.28%,1.2800000000000011%,750386
05113,34.86%, 66.57%, 31.71%,-,-, 1.72%,1.7199999999999989%,a90450
05115,31.16%, 65.13%, 33.97%,-,-, 0.90%,0.9000000000000057%,a60256
05117,12.91%, 56.02%, 43.10%,-,-, 0.88%,0.8799999999999955%,8e026d
05119,10.82%, 44.20%, 55.03%,-,-, 0.77%,0.769999999999996%,70018c
05121,3.81%, 47.37%, 51.18%,-,-, 1.45%,1.4500000000000028%,780382
05123,19.49%, 39.79%, 59.28%,-,-, 0.93%,0.9300000000000068%,650297
05125,27.20%, 63.15%, 35.94%,-,-, 0.91%,0.9099999999999966%,a1025b
05127,25.78%, 62.26%, 36.48%,-,-, 1.26%,1.2600000000000051%,9e035d
05129,29.93%, 64.25%, 34.32%,-,-, 1.43%,1.4300000000000068%,a30357
05131,24.48%, 61.76%, 37.27%,-,-, 0.97%,0.9699999999999989%,9d025f
05133,10.45%, 54.68%, 44.23%,-,-, 1.09%,1.0900000000000034%,8b0270
05135,11.14%, 54.85%, 43.71%,-,-, 1.45%,1.4399999999999977%,8b036f
05137,16.81%, 57.45%, 40.64%,-,-, 1.91%,1.9099999999999966%,920467
05139,19.24%, 58.89%, 39.65%,-,-, 1.45%,1.460000000000008%,960365
05141,9.19%, 54.08%, 44.89%,-,-, 1.03%,1.0300000000000011%,890272
05143,12.68%, 55.73%, 43.05%,-,-, 1.22%,1.2199999999999989%,8e036d
05145,29.79%, 64.34%, 34.55%,-,-, 1.12%,1.1099999999999994%,a40258
05147,31.43%, 33.74%, 65.17%,-,-, 1.09%,1.0900000000000034%,5602a6
05149,11.49%, 55.23%, 43.75%,-,-, 1.02%,1.0200000000000102%,8c026f
06001,51.89%, 23.29%, 75.18%,-,-, 1.53%,1.5300000000000011%,3b03bf
06003,8.84%, 44.37%, 53.21%,-,-, 2.43%,2.4200000000000017%,710687
06005,25.52%, 62.08%, 36.56%,-,-, 1.36%,1.3599999999999994%,9e035d
06007,9.58%, 53.73%, 44.14%,-,-, 2.13%,2.1299999999999955%,890570
06009,23.79%, 60.87%, 37.09%,-,-, 2.04%,2.039999999999992%,9b055e
06011,35.60%, 67.17%, 31.58%,-,-, 1.25%,1.25%,ab0350
06013,25.82%, 36.46%, 62.28%,-,-, 1.25%,1.259999999999991%,5c039e
06015,15.54%, 56.85%, 41.31%,-,-, 1.84%,1.8400000000000034%,900469
06017,23.89%, 61.23%, 37.33%,-,-, 1.44%,1.4399999999999977%,9c035f
06019,15.69%, 57.38%, 41.68%,-,-, 0.94%,0.9399999999999977%,92026a
06021,35.04%, 66.72%, 31.68%,-,-, 1.60%,1.5999999999999943%,aa0450
06023,18.63%, 39.03%, 57.66%,-,-, 3.31%,3.3100000000000023%,630893
06025,6.05%, 46.36%, 52.41%,-,-, 1.23%,1.230000000000004%,760385
06027,20.21%, 59.09%, 38.88%,-,-, 2.03%,2.030000000000001%,960563
06029,34.01%, 66.49%, 32.49%,-,-, 1.02%,1.0200000000000102%,a90252
06031,31.67%, 65.41%, 33.74%,-,-, 0.85%,0.8499999999999943%,a60256
06033,8.29%, 44.88%, 53.16%,-,-, 1.96%,1.960000000000008%,720487
06035,43.39%, 70.97%, 27.58%,-,-, 1.45%,1.4500000000000028%,b40346
06037,27.50%, 35.60%, 63.10%,-,-, 1.30%,1.2999999999999972%,5a03a0
06039,29.32%, 64.02%, 34.70%,-,-, 1.28%,1.2800000000000011%,a30358
06041,47.80%, 25.40%, 73.21%,-,-, 1.39%,1.3900000000000148%,4003ba
06043,22.68%, 60.23%, 37.55%,-,-, 2.22%,2.219999999999999%,99055f
06045,29.74%, 33.71%, 63.45%,-,-, 2.83%,2.8400000000000034%,5507a1
06047,14.29%, 56.54%, 42.26%,-,-, 1.20%,1.2000000000000028%,90036b
06049,46.70%, 72.42%, 25.72%,-,-, 1.86%,1.8599999999999994%,b80441
06051,0.13%, 49.10%, 49.23%,-,-, 1.67%,1.6700000000000017%,7d047d
06053,21.98%, 38.38%, 60.36%,-,-, 1.26%,1.259999999999991%,610399
06055,20.51%, 38.97%, 59.48%,-,-, 1.54%,1.5500000000000114%,630397
06057,8.48%, 53.39%, 44.92%,-,-, 1.69%,1.6899999999999977%,880472
06059,20.70%, 59.68%, 38.98%,-,-, 1.33%,1.3400000000000034%,980363
06061,26.35%, 62.61%, 36.26%,-,-, 1.13%,1.1299999999999955%,9f025c
06063,24.81%, 61.71%, 36.90%,-,-, 1.39%,1.3900000000000006%,9d035e
06065,16.80%, 57.83%, 41.04%,-,-, 1.13%,1.1299999999999955%,930268
06067,0.23%, 49.29%, 49.52%,-,-, 1.19%,1.1899999999999977%,7d037e
06069,6.16%, 46.45%, 52.61%,-,-, 0.94%,0.9399999999999977%,760286
06071,11.76%, 55.29%, 43.53%,-,-, 1.18%,1.1800000000000068%,8c036f
06073,6.12%, 52.45%, 46.33%,-,-, 1.22%,1.2199999999999989%,850376
06075,67.82%, 15.21%, 83.02%,-,-, 1.77%,1.7700000000000102%,2604d3
06077,7.36%, 53.18%, 45.83%,-,-, 0.99%,0.9900000000000091%,870274
06079,7.17%, 52.69%, 45.52%,-,-, 1.79%,1.789999999999992%,860474
06081,40.23%, 29.25%, 69.48%,-,-, 1.27%,1.269999999999996%,4a03b1
06083,7.95%, 45.22%, 53.17%,-,-, 1.61%,1.6099999999999994%,730487
06085,29.31%, 34.63%, 63.94%,-,-, 1.43%,1.4300000000000068%,5803a3
06087,48.12%, 24.86%, 72.98%,-,-, 2.15%,2.1599999999999966%,3f05ba
06089,35.91%, 67.22%, 31.31%,-,-, 1.47%,1.4699999999999989%,ab034f
06091,30.95%, 64.12%, 33.16%,-,-, 2.72%,2.719999999999999%,a30654
06093,22.93%, 60.64%, 37.71%,-,-, 1.66%,1.6500000000000057%,9a0460
06095,15.32%, 41.86%, 57.17%,-,-, 0.97%,0.9699999999999989%,6a0291
06097,36.28%, 30.90%, 67.18%,-,-, 1.91%,1.9199999999999875%,4e04ab
06099,18.25%, 58.65%, 40.40%,-,-, 0.95%,0.9500000000000028%,950267
06101,35.34%, 67.19%, 31.85%,-,-, 0.96%,0.960000000000008%,ab0251
06103,34.41%, 66.42%, 32.01%,-,-, 1.57%,1.5699999999999932%,a90451
06105,11.95%, 54.66%, 42.71%,-,-, 2.63%,2.6299999999999955%,8b066c
06107,33.28%, 66.15%, 32.87%,-,-, 0.98%,0.9799999999999898%,a80253
06109,21.50%, 60.02%, 38.51%,-,-, 1.47%,1.4699999999999989%,990362
06111,3.66%, 51.19%, 47.53%,-,-, 1.28%,1.2800000000000011%,820379
06113,20.59%, 38.75%, 59.34%,-,-, 1.91%,1.9099999999999966%,620497
06115,35.45%, 67.00%, 31.55%,-,-, 1.45%,1.4500000000000028%,aa0350
08001,2.35%, 48.22%, 50.57%,-,-, 1.20%,1.210000000000008%,7a0380
08003,2.58%, 50.63%, 48.05%,-,-, 1.32%,1.3199999999999932%,81037a
08005,3.96%, 51.42%, 47.45%,-,-, 1.13%,1.1299999999999955%,830278
08007,25.00%, 61.67%, 36.67%,-,-, 1.66%,1.6599999999999966%,9d045d
08009,54.76%, 76.85%, 22.10%,-,-, 1.05%,1.0500000000000114%,c30238
08011,25.66%, 62.09%, 36.43%,-,-, 1.48%,1.4799999999999898%,9e035c
08013,33.89%, 32.39%, 66.28%,-,-, 1.32%,1.3299999999999983%,5203a9
08014,4.61%, 51.68%, 47.06%,-,-, 1.26%,1.259999999999991%,830378
08015,12.65%, 55.59%, 42.94%,-,-, 1.47%,1.4699999999999989%,8d036d
08017,63.93%, 81.39%, 17.46%,-,-, 1.15%,1.1500000000000057%,cf022c
08019,8.32%, 44.93%, 53.25%,-,-, 1.82%,1.8199999999999932%,720487
08021,0.79%, 49.01%, 49.80%,-,-, 1.18%,1.1899999999999977%,7c037e
08023,34.32%, 32.16%, 66.48%,-,-, 1.36%,1.3599999999999994%,5203a9
08025,35.37%, 67.38%, 32.02%,-,-, 0.60%,0.5999999999999943%,ab0151
08027,37.81%, 68.25%, 30.44%,-,-, 1.32%,1.3100000000000023%,ae034d
08029,38.83%, 68.66%, 29.83%,-,-, 1.50%,1.5100000000000051%,af034c
08031,40.29%, 29.27%, 69.56%,-,-, 1.17%,1.1700000000000017%,4a02b1
08033,39.41%, 68.44%, 29.03%,-,-, 2.53%,2.530000000000001%,ae064a
08035,33.82%, 66.54%, 32.72%,-,-, 0.73%,0.7399999999999949%,a90153
08037,6.54%, 46.10%, 52.64%,-,-, 1.26%,1.259999999999991%,750386
08039,48.88%, 73.82%, 24.94%,-,-, 1.24%,1.240000000000009%,bc033f
08041,34.62%, 66.74%, 32.11%,-,-, 1.15%,1.1500000000000057%,aa0251
08043,34.44%, 66.46%, 32.03%,-,-, 1.51%,1.5100000000000051%,a90351
08045,9.18%, 53.87%, 44.69%,-,-, 1.43%,1.4399999999999977%,890371
08047,14.96%, 41.58%, 56.54%,-,-, 1.88%,1.8799999999999955%,6a0490
08049,13.37%, 55.99%, 42.62%,-,-, 1.39%,1.3900000000000006%,8e036c
08051,15.48%, 41.32%, 56.79%,-,-, 1.89%,1.8900000000000006%,690490
08053,19.77%, 58.97%, 39.20%,-,-, 1.83%,1.8299999999999983%,960463
08055,1.33%, 50.09%, 48.76%,-,-, 1.15%,1.1500000000000057%,7f027c
08057,53.53%, 76.02%, 22.48%,-,-, 1.50%,1.5%,c10339
08059,5.19%, 51.79%, 46.60%,-,-, 1.61%,1.6099999999999994%,840476
08061,60.54%, 79.82%, 19.28%,-,-, 0.90%,0.9000000000000057%,cb0231
08063,56.88%, 77.70%, 20.82%,-,-, 1.48%,1.4799999999999898%,c60335
08065,12.28%, 42.76%, 55.04%,-,-, 2.20%,2.200000000000003%,6d058c
08067,6.68%, 45.87%, 52.56%,-,-, 1.57%,1.5699999999999932%,740486
08069,5.20%, 51.82%, 46.62%,-,-, 1.56%,1.5600000000000023%,840376
08071,1.58%, 48.48%, 50.06%,-,-, 1.46%,1.460000000000008%,7b037f
08073,56.31%, 77.83%, 21.52%,-,-, 0.64%,0.6500000000000057%,c60136
08075,41.95%, 70.36%, 28.42%,-,-, 1.22%,1.2199999999999989%,b30348
08077,35.51%, 67.12%, 31.61%,-,-, 1.26%,1.269999999999996%,ab0350
08079,25.20%, 61.87%, 36.67%,-,-, 1.45%,1.460000000000008%,9d035d
08081,50.52%, 74.18%, 23.67%,-,-, 2.15%,2.1499999999999915%,bd053c
08083,28.33%, 63.44%, 35.11%,-,-, 1.45%,1.4500000000000028%,a10359
08085,39.72%, 69.17%, 29.45%,-,-, 1.39%,1.3799999999999955%,b0034b
08087,37.72%, 68.31%, 30.59%,-,-, 1.11%,1.0999999999999943%,ae024e
08089,21.80%, 60.48%, 38.68%,-,-, 0.84%,0.8400000000000034%,9a0262
08091,4.56%, 51.53%, 46.97%,-,-, 1.51%,1.5%,830377
08093,15.99%, 57.21%, 41.22%,-,-, 1.57%,1.5699999999999932%,910469
08095,48.82%, 73.85%, 25.03%,-,-, 1.12%,1.1200000000000045%,bc023f
08097,38.36%, 30.08%, 68.44%,-,-, 1.48%,1.480000000000004%,4c03ae
08099,43.92%, 71.49%, 27.57%,-,-, 0.95%,0.9399999999999977%,b60246
08101,6.33%, 46.31%, 52.64%,-,-, 1.04%,1.0499999999999972%,760286
08103,61.17%, 80.02%, 18.85%,-,-, 1.13%,1.1299999999999955%,cc0230
08105,26.09%, 62.40%, 36.30%,-,-, 1.30%,1.3000000000000114%,9f035c
08107,10.14%, 44.20%, 54.34%,-,-, 1.45%,1.4599999999999937%,70038a
08109,15.38%, 41.49%, 56.87%,-,-, 1.64%,1.6400000000000006%,690491
08111,7.61%, 44.44%, 52.06%,-, 2.06%, 1.44%,3.5%,710884
08113,44.71%, 26.85%, 71.56%,-,-, 1.59%,1.5900000000000034%,4404b6
08115,43.90%, 71.40%, 27.50%,-,-, 1.10%,1.0999999999999943%,b60246
08117,20.20%, 39.10%, 59.29%,-,-, 1.61%,1.6099999999999994%,630497
08119,38.32%, 68.35%, 30.03%,-,-, 1.62%,1.6200000000000045%,ae044c
08121,63.04%, 81.03%, 17.98%,-,-, 0.99%,0.9899999999999949%,ce022d
08123,26.76%, 62.71%, 35.95%,-,-, 1.35%,1.3400000000000034%,9f035b
08125,52.47%, 75.81%, 23.34%,-,-, 0.86%,0.8499999999999943%,c1023b
09001,4.06%, 47.29%, 51.35%,-,-, 1.36%,1.3599999999999994%,780382
09003,19.14%, 39.54%, 58.68%,-,-, 1.78%,1.7800000000000011%,640495
09005,5.70%, 51.89%, 46.19%,-,-, 1.93%,1.9200000000000017%,840475
09007,14.34%, 41.97%, 56.31%,-,-, 1.71%,1.7199999999999989%,6b048f
09009,10.55%, 43.78%, 54.33%,-,-, 1.89%,1.8900000000000006%,6f048a
09011,13.63%, 42.19%, 55.81%,-,-, 2.00%,2.0%,6b058e
09013,11.02%, 43.56%, 54.57%,-,-, 1.87%,1.8700000000000045%,6f048b
09015,6.45%, 45.69%, 52.14%,-,-, 2.17%,2.1700000000000017%,740584
10001,13.76%, 56.40%, 42.64%,-,-, 0.96%,0.960000000000008%,8f026c
10003,21.99%, 38.54%, 60.52%,-,-, 0.94%,0.9399999999999977%,62029a
10005,21.74%, 60.45%, 38.71%,-,-, 0.84%,0.8400000000000034%,9a0262
11001,79.84%, 9.34%, 89.18%,-,-, 1.48%,1.4799999999999898%,1703e3
12001,13.24%, 42.90%, 56.14%,-,-, 0.95%,0.960000000000008%,6d028f
12003,55.83%, 77.73%, 21.90%,-,-, 0.37%,0.37000000000000455%,c60037
12005,43.10%, 71.18%, 28.08%,-,-, 0.74%,0.7399999999999949%,b50147
12007,39.73%, 69.62%, 29.88%,-,-, 0.50%,0.5%,b1014c
12009,16.11%, 57.66%, 41.55%,-,-, 0.79%,0.7900000000000063%,930269
12011,29.60%, 34.61%, 64.21%,-,-, 1.18%,1.1800000000000068%,5803a3
12013,27.94%, 63.42%, 35.49%,-,-, 1.09%,1.0900000000000034%,a1025a
12015,12.75%, 55.68%, 42.93%,-,-, 1.38%,1.3900000000000006%,8d036d
12017,14.72%, 56.86%, 42.15%,-,-, 0.99%,0.9900000000000091%,90026b
12019,52.90%, 76.17%, 23.28%,-,-, 0.55%,0.5499999999999972%,c2013b
12021,30.88%, 64.99%, 34.11%,-,-, 0.90%,0.9000000000000057%,a50256
12023,34.92%, 67.06%, 32.14%,-,-, 0.81%,0.7999999999999972%,ab0251
12027,16.94%, 58.09%, 41.15%,-,-, 0.77%,0.7599999999999909%,940168
12029,38.40%, 68.83%, 30.43%,-,-, 0.75%,0.7400000000000091%,af014d
12031,16.16%, 57.78%, 41.62%,-,-, 0.59%,0.5999999999999943%,93016a
12033,31.57%, 65.30%, 33.73%,-,-, 0.97%,0.9699999999999989%,a60256
12035,2.74%, 51.02%, 48.28%,-,-, 0.70%,0.6999999999999886%,82017b
12037,18.06%, 58.54%, 40.48%,-,-, 0.98%,0.980000000000004%,950267
12039,39.92%, 29.80%, 69.72%,-,-, 0.49%,0.480000000000004%,4b01b1
12041,41.61%, 70.36%, 28.75%,-,-, 0.88%,0.8900000000000006%,b30249
12043,17.31%, 58.33%, 41.02%,-,-, 0.64%,0.6500000000000057%,940168
12045,32.95%, 66.03%, 33.08%,-,-, 0.89%,0.8900000000000006%,a80254
12047,10.47%, 54.97%, 44.50%,-,-, 0.53%,0.5300000000000011%,8c0171
12049,40.01%, 69.65%, 29.65%,-,-, 0.70%,0.6999999999999886%,b1014b
12051,18.38%, 58.90%, 40.51%,-,-, 0.59%,0.5900000000000034%,960167
12053,6.76%, 52.93%, 46.17%,-,-, 0.90%,0.9000000000000057%,860275
12055,25.38%, 62.36%, 36.98%,-,-, 0.65%,0.6599999999999966%,9f015e
12057,6.79%, 53.01%, 46.23%,-,-, 0.76%,0.7600000000000051%,870175
12059,55.45%, 77.25%, 21.81%,-,-, 0.94%,0.9399999999999977%,c40237
12061,21.14%, 60.15%, 39.01%,-,-, 0.85%,0.8400000000000034%,990263
12063,23.06%, 61.20%, 38.14%,-,-, 0.66%,0.6599999999999966%,9c0161
12065,11.19%, 44.10%, 55.30%,-,-, 0.60%,0.5999999999999943%,70018d
12067,48.57%, 73.98%, 25.41%,-,-, 0.60%,0.6099999999999994%,bc0140
12069,21.11%, 60.02%, 38.90%,-,-, 1.08%,1.0799999999999983%,990263
12071,20.91%, 59.91%, 39.00%,-,-, 1.09%,1.0900000000000034%,980263
12073,23.65%, 37.85%, 61.50%,-,-, 0.65%,0.6500000000000057%,60019c
12075,26.04%, 62.52%, 36.48%,-,-, 1.01%,1.0%,9f025d
12077,28.37%, 63.79%, 35.42%,-,-, 0.79%,0.789999999999992%,a2025a
12079,1.70%, 50.47%, 48.77%,-,-, 0.76%,0.7599999999999909%,80017c
12081,13.96%, 56.62%, 42.66%,-,-, 0.72%,0.7199999999999989%,90016c
12083,17.19%, 58.19%, 41.00%,-,-, 0.80%,0.8100000000000023%,940268
12085,15.39%, 57.09%, 41.69%,-,-, 1.22%,1.2199999999999989%,91036a
12086,6.28%, 46.61%, 52.89%,-,-, 0.50%,0.5%,760186
12087,0.47%, 49.24%, 49.71%,-,-, 1.05%,1.0499999999999972%,7d027e
12089,46.45%, 72.64%, 26.18%,-,-, 1.18%,1.1800000000000068%,b90342
12091,56.07%, 77.65%, 21.58%,-,-, 0.77%,0.769999999999996%,c60137
12093,14.97%, 57.24%, 42.27%,-,-, 0.48%,0.4899999999999949%,91016b
12095,0.21%, 49.62%, 49.83%,-,-, 0.55%,0.5500000000000114%,7e017f
12097,5.45%, 52.45%, 47.00%,-,-, 0.55%,0.5499999999999972%,850177
12099,21.30%, 39.05%, 60.35%,-,-, 0.60%,0.5999999999999943%,630199
12101,9.68%, 54.07%, 44.39%,-,-, 1.54%,1.539999999999992%,890371
12103,0.05%, 49.56%, 49.51%,-,-, 0.92%,0.9300000000000068%,7e027e
12105,17.81%, 58.61%, 40.80%,-,-, 0.60%,0.5900000000000034%,950168
12107,19.05%, 59.12%, 40.07%,-,-, 0.81%,0.8100000000000023%,960266
12109,38.01%, 68.60%, 30.59%,-,-, 0.81%,0.8100000000000023%,ae024e
12111,4.24%, 47.56%, 51.80%,-,-, 0.64%,0.6400000000000006%,790184
12113,55.57%, 77.35%, 21.78%,-,-, 0.88%,0.8700000000000045%,c50237
12115,8.31%, 53.51%, 45.20%,-,-, 1.29%,1.289999999999992%,880373
12117,16.76%, 58.10%, 41.34%,-,-, 0.56%,0.5600000000000023%,940169
12119,25.80%, 62.18%, 36.38%,-,-, 1.44%,1.4399999999999977%,9e035c
12121,41.96%, 70.58%, 28.62%,-,-, 0.80%,0.7999999999999972%,b30248
12123,28.18%, 63.71%, 35.53%,-,-, 0.76%,0.7599999999999909%,a2015a
12125,45.88%, 72.64%, 26.76%,-,-, 0.60%,0.5999999999999943%,b90144
12127,1.57%, 48.89%, 50.46%,-,-, 0.65%,0.6500000000000057%,7c0180
12129,15.99%, 57.61%, 41.62%,-,-, 0.77%,0.7700000000000102%,92016a
12131,47.31%, 73.22%, 25.91%,-,-, 0.87%,0.8700000000000045%,ba0242
12133,43.00%, 71.09%, 28.09%,-,-, 0.82%,0.8199999999999932%,b50247
13001,41.52%, 70.52%, 29.00%,-,-, 0.49%,0.480000000000004%,b30149
13003,35.06%, 67.37%, 32.31%,-,-, 0.32%,0.3199999999999932%,ab0052
13005,50.71%, 75.24%, 24.53%,-,-, 0.24%,0.23000000000000398%,bf003e
13007,6.52%, 46.52%, 53.03%,-,-, 0.45%,0.44999999999998863%,760187
13009,6.41%, 52.89%, 46.48%,-,-, 0.62%,0.6299999999999955%,860176
13011,58.32%, 78.86%, 20.55%,-,-, 0.59%,0.5900000000000034%,c90134
13013,53.10%, 76.17%, 23.07%,-,-, 0.76%,0.7599999999999909%,c2013a
13015,48.10%, 73.66%, 25.56%,-,-, 0.79%,0.7800000000000011%,bb0141
13017,20.76%, 60.07%, 39.31%,-,-, 0.61%,0.6200000000000045%,990164
13019,40.65%, 69.87%, 29.22%,-,-, 0.91%,0.9099999999999966%,b2024a
13021,2.10%, 48.64%, 50.74%,-,-, 0.62%,0.6200000000000045%,7c0181
13023,42.18%, 70.83%, 28.65%,-,-, 0.51%,0.5200000000000102%,b40149
13025,54.66%, 77.02%, 22.36%,-,-, 0.62%,0.6200000000000045%,c40139
13027,14.05%, 56.91%, 42.86%,-,-, 0.23%,0.23000000000000398%,91006d
13029,47.76%, 73.67%, 25.92%,-,-, 0.41%,0.4099999999999966%,bb0142
13031,28.17%, 63.77%, 35.60%,-,-, 0.62%,0.6299999999999955%,a2015a
13033,0.22%, 49.86%, 49.64%,-,-, 0.49%,0.5%,7f017e
13035,32.90%, 66.12%, 33.22%,-,-, 0.66%,0.6599999999999966%,a80154
13037,11.34%, 44.08%, 55.42%,-,-, 0.50%,0.5%,70018d
13039,34.18%, 66.85%, 32.67%,-,-, 0.48%,0.480000000000004%,aa0153
13043,30.17%, 64.91%, 34.74%,-,-, 0.35%,0.3499999999999943%,a50058
13045,41.34%, 70.27%, 28.92%,-,-, 0.81%,0.8100000000000023%,b30249
13047,47.44%, 73.43%, 25.99%,-,-, 0.57%,0.5799999999999983%,bb0142
13049,36.77%, 68.15%, 31.38%,-,-, 0.47%,0.46999999999999886%,ad0150
13051,0.16%, 49.62%, 49.78%,-,-, 0.61%,0.5999999999999943%,7e017e
13053,7.81%, 53.55%, 45.74%,-,-, 0.71%,0.710000000000008%,880174
13055,27.77%, 63.50%, 35.73%,-,-, 0.78%,0.7700000000000102%,a1015b
13057,58.88%, 78.99%, 20.11%,-,-, 0.90%,0.9000000000000057%,c90233
13059,17.80%, 40.20%, 58.00%,-,-, 1.80%,1.7999999999999972%,660493
13061,22.06%, 38.85%, 60.92%,-,-, 0.23%,0.22999999999998977%,63009b
13063,41.44%, 29.01%, 70.46%,-,-, 0.53%,0.5300000000000011%,4901b3
13065,33.11%, 66.18%, 33.07%,-,-, 0.75%,0.75%,a80154
13067,24.82%, 61.94%, 37.12%,-,-, 0.94%,0.9399999999999977%,9d025e
13069,35.08%, 67.35%, 32.26%,-,-, 0.39%,0.3900000000000148%,ab0052
13071,41.85%, 70.59%, 28.74%,-,-, 0.66%,0.6700000000000017%,b40149
13073,51.07%, 75.31%, 24.24%,-,-, 0.45%,0.45000000000000284%,c0013d
13075,27.62%, 63.56%, 35.94%,-,-, 0.50%,0.5%,a2015b
13077,49.37%, 74.36%, 24.99%,-,-, 0.66%,0.6500000000000057%,bd013f
13079,28.99%, 64.20%, 35.21%,-,-, 0.59%,0.5900000000000034%,a30159
13081,24.11%, 61.80%, 37.69%,-,-, 0.51%,0.5100000000000051%,9d0160
13083,40.69%, 69.83%, 29.14%,-,-, 1.02%,1.0300000000000011%,b2024a
13085,64.55%, 81.87%, 17.33%,-,-, 0.80%,0.7999999999999972%,d0022c
13087,19.77%, 59.71%, 39.94%,-,-, 0.35%,0.3499999999999943%,980065
13089,45.96%, 26.58%, 72.55%,-,-, 0.87%,0.8700000000000045%,4302b9
13091,31.45%, 65.52%, 34.08%,-,-, 0.40%,0.4000000000000057%,a70156
13093,3.12%, 48.18%, 51.30%,-,-, 0.52%,0.5200000000000102%,7a0182
13095,18.09%, 40.70%, 58.79%,-,-, 0.51%,0.5099999999999909%,670195
13097,23.38%, 61.36%, 37.98%,-,-, 0.67%,0.6599999999999966%,9c0160
13099,18.82%, 59.14%, 40.32%,-,-, 0.55%,0.539999999999992%,960166
13101,53.08%, 76.39%, 23.31%,-,-, 0.30%,0.29999999999999716%,c2003b
13103,54.94%, 77.26%, 22.33%,-,-, 0.41%,0.4099999999999966%,c50138
13105,21.41%, 60.33%, 38.91%,-,-, 0.76%,0.7600000000000051%,990163
13107,25.32%, 62.44%, 37.12%,-,-, 0.44%,0.4399999999999977%,9f015e
13109,30.66%, 65.16%, 34.50%,-,-, 0.34%,0.3400000000000034%,a60057
13111,42.79%, 71.01%, 28.22%,-,-, 0.78%,0.769999999999996%,b50147
13113,42.68%, 70.97%, 28.29%,-,-, 0.74%,0.7400000000000091%,b40148
13115,35.87%, 67.56%, 31.69%,-,-, 0.75%,0.75%,ac0150
13117,66.88%, 83.04%, 16.17%,-,-, 0.79%,0.789999999999992%,d30229
13119,39.56%, 69.43%, 29.87%,-,-, 0.69%,0.6999999999999886%,b1014c
13121,19.32%, 39.90%, 59.23%,-,-, 0.87%,0.8700000000000045%,650297
13123,48.93%, 73.97%, 25.04%,-,-, 0.99%,0.9900000000000091%,bc023f
13125,60.31%, 80.00%, 19.69%,-,-, 0.31%,0.3100000000000023%,cc0032
13127,34.77%, 67.08%, 32.31%,-,-, 0.61%,0.6099999999999994%,ab0152
13129,48.38%, 73.88%, 25.50%,-,-, 0.62%,0.6200000000000045%,bc0141
13131,24.09%, 61.80%, 37.70%,-,-, 0.50%,0.5%,9d0160
13133,18.83%, 59.17%, 40.34%,-,-, 0.49%,0.4899999999999949%,960166
13135,32.22%, 65.66%, 33.44%,-,-, 0.90%,0.9000000000000057%,a70255
13137,57.88%, 78.59%, 20.71%,-,-, 0.69%,0.6999999999999886%,c80134
13139,56.98%, 78.09%, 21.12%,-,-, 0.79%,0.789999999999992%,c70235
13141,53.25%, 23.12%, 76.37%,-,-, 0.51%,0.5099999999999909%,3a01c2
13143,51.61%, 75.45%, 23.84%,-,-, 0.71%,0.7099999999999937%,c0013c
13145,44.31%, 71.82%, 27.50%,-,-, 0.68%,0.6800000000000068%,b70146
13147,22.38%, 60.89%, 38.52%,-,-, 0.59%,0.5900000000000034%,9b0162
13149,41.46%, 70.48%, 29.02%,-,-, 0.51%,0.5%,b3014a
13151,33.72%, 66.57%, 32.84%,-,-, 0.59%,0.5900000000000034%,a90153
13153,32.74%, 66.03%, 33.29%,-,-, 0.69%,0.6800000000000068%,a80154
13155,37.92%, 68.67%, 30.75%,-,-, 0.59%,0.5799999999999983%,af014e
13157,56.43%, 77.84%, 21.40%,-,-, 0.76%,0.7599999999999909%,c60136
13159,33.71%, 66.56%, 32.85%,-,-, 0.59%,0.5900000000000034%,a90153
13161,46.89%, 73.25%, 26.36%,-,-, 0.39%,0.39000000000000057%,ba0043
13163,5.83%, 46.89%, 52.71%,-,-, 0.40%,0.4000000000000057%,770186
13165,11.86%, 55.74%, 43.88%,-,-, 0.38%,0.37999999999999545%,8e006f
13167,28.58%, 64.11%, 35.53%,-,-, 0.37%,0.35999999999999943%,a3005a
13169,28.40%, 63.91%, 35.50%,-,-, 0.59%,0.5900000000000034%,a2015a
13171,24.54%, 61.96%, 37.42%,-,-, 0.62%,0.6200000000000045%,9d015f
13173,27.42%, 63.38%, 35.96%,-,-, 0.66%,0.6599999999999966%,a1015b
13175,26.66%, 63.05%, 36.39%,-,-, 0.56%,0.5600000000000023%,a0015c
13177,57.72%, 78.64%, 20.92%,-,-, 0.43%,0.4399999999999977%,c80135
13179,3.81%, 47.86%, 51.67%,-,-, 0.46%,0.46999999999999886%,7a0183
13181,26.57%, 63.12%, 36.55%,-,-, 0.33%,0.3300000000000125%,a0005d
13183,31.60%, 65.57%, 33.97%,-,-, 0.46%,0.46000000000000796%,a70156
13185,20.40%, 59.91%, 39.50%,-,-, 0.59%,0.5900000000000034%,980164
13187,51.80%, 75.35%, 23.55%,-,-, 1.09%,1.1000000000000085%,c0023c
13189,25.03%, 62.29%, 37.26%,-,-, 0.45%,0.45000000000000284%,9e015f
13191,5.83%, 52.71%, 46.88%,-,-, 0.41%,0.4099999999999966%,860177
13193,22.07%, 38.72%, 60.79%,-,-, 0.48%,0.4900000000000091%,62019b
13195,47.96%, 73.60%, 25.64%,-,-, 0.76%,0.7600000000000051%,bb0141
13197,13.36%, 56.48%, 43.12%,-,-, 0.41%,0.4000000000000057%,90016d
13199,8.50%, 53.98%, 45.48%,-,-, 0.54%,0.5400000000000063%,890173
13201,39.23%, 69.37%, 30.14%,-,-, 0.49%,0.4899999999999949%,b0014c
13205,7.22%, 53.42%, 46.20%,-,-, 0.37%,0.37999999999999545%,880075
13207,33.76%, 66.59%, 32.84%,-,-, 0.57%,0.5699999999999932%,a90153
13209,36.06%, 67.82%, 31.77%,-,-, 0.41%,0.4100000000000108%,ac0151
13211,35.85%, 67.64%, 31.79%,-,-, 0.57%,0.5699999999999932%,ac0151
13213,45.29%, 72.38%, 27.09%,-,-, 0.52%,0.5300000000000011%,b80145
13215,3.15%, 48.16%, 51.31%,-,-, 0.52%,0.5300000000000011%,7a0182
13217,24.51%, 61.99%, 37.47%,-,-, 0.54%,0.539999999999992%,9e015f
13219,45.69%, 72.37%, 26.68%,-,-, 0.94%,0.9499999999999886%,b80244
13221,31.73%, 65.41%, 33.68%,-,-, 0.90%,0.9099999999999966%,a60255
13223,52.88%, 76.13%, 23.25%,-,-, 0.62%,0.6200000000000045%,c2013b
13225,6.93%, 53.24%, 46.31%,-,-, 0.46%,0.44999999999998863%,870176
13227,53.30%, 76.28%, 22.97%,-,-, 0.75%,0.75%,c2013a
13229,58.16%, 78.99%, 20.83%,-,-, 0.19%,0.18000000000000682%,c90035
13231,54.63%, 76.94%, 22.31%,-,-, 0.74%,0.75%,c40138
13233,37.03%, 68.17%, 31.14%,-,-, 0.68%,0.6899999999999977%,ad014f
13235,25.82%, 62.61%, 36.79%,-,-, 0.60%,0.5999999999999943%,9f015d
13237,28.43%, 63.91%, 35.48%,-,-, 0.62%,0.6100000000000136%,a2015a
13239,13.89%, 42.38%, 56.27%,-,-, 1.35%,1.3499999999999943%,6c038f
13241,41.13%, 70.00%, 28.87%,-,-, 1.13%,1.1299999999999955%,b20249
13243,6.36%, 46.49%, 52.85%,-,-, 0.66%,0.6599999999999966%,760186
13245,13.69%, 42.90%, 56.59%,-,-, 0.50%,0.5099999999999909%,6d0190
13247,21.53%, 60.42%, 38.89%,-,-, 0.69%,0.6899999999999977%,9a0163
13249,39.10%, 69.39%, 30.29%,-,-, 0.33%,0.3199999999999932%,b0004d
13251,13.93%, 56.68%, 42.75%,-,-, 0.57%,0.5699999999999932%,90016d
13253,21.30%, 60.26%, 38.95%,-,-, 0.79%,0.789999999999992%,990263
13255,28.53%, 63.99%, 35.46%,-,-, 0.55%,0.5499999999999972%,a3015a
13257,43.31%, 71.37%, 28.05%,-,-, 0.58%,0.5799999999999983%,b50147
13259,20.82%, 39.22%, 60.04%,-,-, 0.74%,0.7400000000000091%,640199
13261,1.12%, 50.35%, 49.23%,-,-, 0.42%,0.4200000000000017%,80017d
13263,24.67%, 37.43%, 62.10%,-,-, 0.48%,0.46999999999999886%,5f019e
13265,29.13%, 35.23%, 64.35%,-,-, 0.42%,0.4200000000000159%,5901a4
13267,44.33%, 71.93%, 27.60%,-,-, 0.46%,0.46999999999999886%,b70146
13269,13.42%, 56.52%, 43.10%,-,-, 0.38%,0.37999999999999545%,90006d
13271,15.39%, 57.49%, 42.11%,-,-, 0.40%,0.4000000000000057%,92016b
13273,2.40%, 48.58%, 50.98%,-,-, 0.44%,0.4399999999999977%,7b0181
13275,23.28%, 61.39%, 38.12%,-,-, 0.49%,0.4900000000000091%,9c0161
13277,37.93%, 68.75%, 30.82%,-,-, 0.43%,0.4300000000000068%,af014e
13279,41.15%, 70.25%, 29.10%,-,-, 0.65%,0.6500000000000057%,b3014a
13281,45.28%, 72.34%, 27.06%,-,-, 0.61%,0.5999999999999943%,b80145
13283,23.14%, 61.22%, 38.09%,-,-, 0.69%,0.6899999999999977%,9c0161
13285,29.87%, 64.65%, 34.78%,-,-, 0.57%,0.5699999999999932%,a40158
13287,22.93%, 61.21%, 38.28%,-,-, 0.51%,0.5099999999999909%,9c0161
13289,2.47%, 48.34%, 50.81%,-,-, 0.85%,0.8499999999999943%,7b0281
13291,48.89%, 74.06%, 25.17%,-,-, 0.77%,0.769999999999996%,bc0140
13293,31.80%, 65.72%, 33.92%,-,-, 0.36%,0.35999999999999943%,a70056
13295,43.50%, 71.34%, 27.84%,-,-, 0.82%,0.8199999999999932%,b50246
13297,56.81%, 78.11%, 21.29%,-,-, 0.60%,0.5999999999999943%,c70136
13299,38.45%, 68.99%, 30.55%,-,-, 0.46%,0.46000000000000796%,af014d
13301,9.60%, 45.04%, 54.64%,-,-, 0.32%,0.3199999999999932%,72008b
13303,4.43%, 51.93%, 47.51%,-,-, 0.56%,0.5600000000000023%,840179
13305,43.25%, 71.31%, 28.06%,-,-, 0.63%,0.6299999999999955%,b50147
13307,2.98%, 48.12%, 51.09%,-,-, 0.79%,0.789999999999992%,7a0282
13309,16.80%, 58.03%, 41.24%,-,-, 0.73%,0.7299999999999898%,930169
13311,56.68%, 77.89%, 21.21%,-,-, 0.89%,0.9000000000000057%,c60236
13313,46.84%, 73.10%, 26.26%,-,-, 0.64%,0.6400000000000006%,ba0142
13315,30.70%, 65.18%, 34.48%,-,-, 0.34%,0.3400000000000034%,a60057
13317,10.16%, 54.75%, 44.59%,-,-, 0.66%,0.6599999999999966%,8b0171
13319,0.58%, 50.04%, 49.47%,-,-, 0.49%,0.4900000000000091%,7f017e
13321,39.23%, 69.40%, 30.17%,-,-, 0.44%,0.4299999999999926%,b0014c
15001,22.68%, 38.18%, 60.86%,-,-, 0.96%,0.960000000000008%,61029b
15003,2.79%, 48.29%, 51.08%,-,-, 0.63%,0.6299999999999955%,7b0182
15005,0%,-,-,-,-,-,0,000000
15007,20.81%, 39.15%, 59.96%,-,-, 0.88%,0.8900000000000006%,630298
15009,22.38%, 38.34%, 60.73%,-,-, 0.93%,0.9300000000000068%,61029a
16001,23.30%, 61.05%, 37.75%,-,-, 1.20%,1.2000000000000028%,9b0360
16003,44.26%, 71.16%, 26.90%,-,-, 1.94%,1.9399999999999977%,b50444
16005,24.61%, 61.64%, 37.03%,-,-, 1.33%,1.3299999999999983%,9d035e
16007,66.18%, 82.43%, 16.25%,-,-, 1.32%,1.3199999999999932%,d20329
16009,41.36%, 69.70%, 28.35%,-,-, 1.95%,1.9499999999999886%,b10448
16011,55.11%, 76.87%, 21.76%,-,-, 1.36%,1.3699999999999903%,c40337
16013,19.30%, 39.76%, 59.05%,-,-, 1.19%,1.1899999999999977%,650396
16015,43.41%, 70.91%, 27.50%,-,-, 1.59%,1.5900000000000034%,b40446
16017,22.89%, 60.49%, 37.60%,-,-, 1.91%,1.9099999999999966%,9a045f
16019,55.81%, 77.30%, 21.50%,-,-, 1.20%,1.2000000000000028%,c50336
16021,39.83%, 68.78%, 28.96%,-,-, 2.26%,2.259999999999991%,af0549
16023,53.77%, 76.60%, 22.83%,-,-, 0.57%,0.5700000000000074%,c3013a
16025,52.27%, 75.63%, 23.36%,-,-, 1.01%,1.0100000000000051%,c0023b
16027,50.60%, 74.69%, 24.09%,-,-, 1.23%,1.2199999999999989%,be033d
16029,68.94%, 83.91%, 14.96%,-,-, 1.13%,1.1299999999999955%,d50226
16031,69.16%, 83.90%, 14.74%,-,-, 1.36%,1.3599999999999994%,d50325
16033,72.52%, 85.55%, 13.03%,-,-, 1.42%,1.4200000000000017%,da0321
16035,42.69%, 70.38%, 27.69%,-,-, 1.93%,1.9300000000000068%,b30446
16037,51.02%, 74.72%, 23.71%,-,-, 1.57%,1.5699999999999932%,be043c
16039,50.27%, 74.57%, 24.30%,-,-, 1.13%,1.1300000000000097%,be023d
16041,80.55%, 89.57%, 9.02%,-,-, 1.40%,1.4100000000000108%,e40317
16043,73.22%, 86.06%, 12.84%,-,-, 1.09%,1.0999999999999943%,db0220
16045,53.10%, 75.92%, 22.82%,-,-, 1.26%,1.259999999999991%,c1033a
16047,50.61%, 74.61%, 24.00%,-,-, 1.39%,1.3900000000000006%,be033d
16049,54.30%, 75.50%, 21.19%,-,-, 0.78%,3.3100000000000023%,c00836
16051,74.32%, 86.49%, 12.17%,-,-, 1.34%,1.3400000000000034%,dc031f
16053,58.25%, 78.68%, 20.43%,-,-, 0.90%,0.8899999999999864%,c80234
16055,34.04%, 66.25%, 32.20%,-,-, 1.55%,1.5499999999999972%,a80352
16057,1.46%, 49.48%, 48.03%,-,-, 2.49%,2.490000000000009%,7e067a
16059,53.37%, 75.93%, 22.56%,-,-, 1.50%,1.509999999999991%,c10339
16061,50.49%, 74.67%, 24.18%,-,-, 1.15%,1.1500000000000057%,be023d
16063,49.15%, 73.99%, 24.84%,-,-, 1.17%,1.1700000000000017%,bc023f
16065,84.79%, 91.89%, 7.10%,-,-, 1.01%,1.0100000000000051%,ea0212
16067,62.02%, 80.50%, 18.48%,-,-, 1.01%,1.019999999999996%,cd022f
16069,25.61%, 62.20%, 36.59%,-,-, 1.21%,1.2099999999999937%,9e035d
16071,69.62%, 83.87%, 14.25%,-,-, 1.88%,1.8799999999999955%,d50424
16073,60.56%, 79.64%, 19.08%,-,-, 1.28%,1.2800000000000011%,cb0330
16075,53.88%, 76.47%, 22.59%,-,-, 0.94%,0.9399999999999977%,c20239
16077,43.14%, 71.16%, 28.03%,-,-, 0.81%,0.8100000000000023%,b50247
16079,11.07%, 54.75%, 43.68%,-,-, 1.57%,1.5699999999999932%,8b046f
16081,22.20%, 60.57%, 38.37%,-,-, 1.06%,1.0600000000000023%,9a0261
16083,49.99%, 74.42%, 24.43%,-,-, 1.15%,1.1500000000000057%,bd023e
16085,21.37%, 59.97%, 38.60%,-,-, 1.42%,1.4300000000000068%,980362
16087,51.41%, 75.11%, 23.70%,-,-, 1.19%,1.1899999999999977%,bf033c
17001,32.80%, 66.19%, 33.39%,-,-, 0.42%,0.4200000000000017%,a80155
17003,4.78%, 47.28%, 52.05%,-,-, 0.67%,0.6700000000000017%,780184
17005,11.40%, 55.20%, 43.81%,-,-, 0.99%,0.9899999999999949%,8c026f
17007,14.56%, 56.97%, 42.40%,-,-, 0.63%,0.6299999999999955%,91016c
17009,30.33%, 64.95%, 34.62%,-,-, 0.43%,0.4300000000000068%,a50158
17011,10.40%, 54.87%, 44.47%,-,-, 0.66%,0.6599999999999966%,8b0171
17013,1.85%, 48.67%, 50.52%,-,-, 0.81%,0.8100000000000023%,7c0280
17015,12.26%, 55.73%, 43.48%,-,-, 0.79%,0.7900000000000063%,8e026e
17017,11.77%, 55.49%, 43.72%,-,-, 0.79%,0.789999999999992%,8d026f
17019,1.97%, 48.40%, 50.37%,-,-, 1.23%,1.230000000000004%,7b0380
17021,19.20%, 59.24%, 40.03%,-,-, 0.73%,0.7299999999999898%,970166
17023,27.54%, 63.47%, 35.93%,-,-, 0.60%,0.5999999999999943%,a1015b
17025,35.32%, 67.38%, 32.06%,-,-, 0.56%,0.5600000000000023%,ab0151
17027,19.98%, 59.65%, 39.68%,-,-, 0.67%,0.6700000000000017%,980165
17029,15.14%, 57.13%, 41.99%,-,-, 0.87%,0.8799999999999955%,91026b
17031,41.10%, 29.15%, 70.25%,-,-, 0.60%,0.5999999999999943%,4a01b3
17033,30.96%, 65.18%, 34.23%,-,-, 0.59%,0.5900000000000034%,a60157
17035,30.19%, 64.57%, 34.38%,-,-, 1.05%,1.0500000000000114%,a40257
17037,4.49%, 51.74%, 47.25%,-,-, 1.01%,1.009999999999991%,830278
17039,26.72%, 63.09%, 36.37%,-,-, 0.54%,0.539999999999992%,a0015c
17041,34.37%, 66.77%, 32.40%,-,-, 0.83%,0.8300000000000125%,aa0252
17043,9.64%, 54.39%, 44.75%,-,-, 0.86%,0.8599999999999994%,8a0272
17045,25.69%, 62.38%, 36.69%,-,-, 0.93%,0.9300000000000068%,9f025d
17047,44.05%, 71.70%, 27.65%,-,-, 0.65%,0.6500000000000057%,b60146
17049,45.37%, 72.33%, 26.96%,-,-, 0.71%,0.710000000000008%,b80144
